Source,Target,Relationship,Relationship Date (UTC),Tweet,URLs in Tweet,Domains in Tweet,Hashtags in Tweet,Tweet Date (UTC),Twitter Page for Tweet,Latitude,Longitude,Imported ID,In-Reply Tweet ID
sanchitabhartiy,thexoxoday,Mentions,25/01/2017 11:27,RT @thexoxoday: Our #Contest is #live! #RT and tag 5 of your friends to win this dream ride on an Audi R8 and a Dinner at Taj Mahal Palace!…,,,contest live rt,25/01/2017 11:27,https://twitter.com/#!/sanchitabhartiy/status/824217142681862144,,,8.24217E+17,
ratneshnagori,divyamisra2,Mentions,25/01/2017 11:31,@thexoxoday @kunalgupta09 @ekta_k88 @kp_85 @snehalataj @soodabhinav08 @divyamisra2,,,,25/01/2017 11:31,https://twitter.com/#!/ratneshnagori/status/824218047707652096,,,8.24218E+17,8.24217E+17
ratneshnagori,kp_85,Mentions,25/01/2017 11:31,@thexoxoday @kunalgupta09 @ekta_k88 @kp_85 @snehalataj @soodabhinav08 @divyamisra2,,,,25/01/2017 11:31,https://twitter.com/#!/ratneshnagori/status/824218047707652096,,,8.24218E+17,8.24217E+17
ratneshnagori,soodabhinav08,Mentions,25/01/2017 11:31,@thexoxoday @kunalgupta09 @ekta_k88 @kp_85 @snehalataj @soodabhinav08 @divyamisra2,,,,25/01/2017 11:31,https://twitter.com/#!/ratneshnagori/status/824218047707652096,,,8.24218E+17,8.24217E+17
ratneshnagori,snehalataj,Mentions,25/01/2017 11:31,@thexoxoday @kunalgupta09 @ekta_k88 @kp_85 @snehalataj @soodabhinav08 @divyamisra2,,,,25/01/2017 11:31,https://twitter.com/#!/ratneshnagori/status/824218047707652096,,,8.24218E+17,8.24217E+17
ratneshnagori,ekta_k88,Mentions,25/01/2017 11:31,@thexoxoday @kunalgupta09 @ekta_k88 @kp_85 @snehalataj @soodabhinav08 @divyamisra2,,,,25/01/2017 11:31,https://twitter.com/#!/ratneshnagori/status/824218047707652096,,,8.24218E+17,8.24217E+17
ratneshnagori,kunalgupta09,Mentions,25/01/2017 11:31,@thexoxoday @kunalgupta09 @ekta_k88 @kp_85 @snehalataj @soodabhinav08 @divyamisra2,,,,25/01/2017 11:31,https://twitter.com/#!/ratneshnagori/status/824218047707652096,,,8.24218E+17,8.24217E+17
ratneshnagori,thexoxoday,Replies to,25/01/2017 11:31,@thexoxoday @kunalgupta09 @ekta_k88 @kp_85 @snehalataj @soodabhinav08 @divyamisra2,,,,25/01/2017 11:31,https://twitter.com/#!/ratneshnagori/status/824218047707652096,,,8.24218E+17,8.24217E+17
ratneshnagori,thexoxoday,Mentions,25/01/2017 11:31,RT @thexoxoday: Our #Contest is #live! #RT and tag 5 of your friends to win this dream ride on an Audi R8 and a Dinner at Taj Mahal Palace!…,,,contest live rt,25/01/2017 11:31,https://twitter.com/#!/ratneshnagori/status/824218070931492864,,,8.24218E+17,
ankitajain0911,minty_tweets,Mentions,25/01/2017 11:36,"@thexoxoday Join in
@ajayhere @Riannaoliver @pranavk_19 @minty_tweets @sujaykoner 
#contest #live #RT",,,contest live rt,25/01/2017 11:36,https://twitter.com/#!/ankitajain0911/status/824219424135598080,,,8.24219E+17,8.24217E+17
ankitajain0911,pranavk_19,Mentions,25/01/2017 11:36,"@thexoxoday Join in
@ajayhere @Riannaoliver @pranavk_19 @minty_tweets @sujaykoner 
#contest #live #RT",,,contest live rt,25/01/2017 11:36,https://twitter.com/#!/ankitajain0911/status/824219424135598080,,,8.24219E+17,8.24217E+17
ankitajain0911,riannaoliver,Mentions,25/01/2017 11:36,"@thexoxoday Join in
@ajayhere @Riannaoliver @pranavk_19 @minty_tweets @sujaykoner 
#contest #live #RT",,,contest live rt,25/01/2017 11:36,https://twitter.com/#!/ankitajain0911/status/824219424135598080,,,8.24219E+17,8.24217E+17
ankitajain0911,ajayhere,Mentions,25/01/2017 11:36,"@thexoxoday Join in
@ajayhere @Riannaoliver @pranavk_19 @minty_tweets @sujaykoner 
#contest #live #RT",,,contest live rt,25/01/2017 11:36,https://twitter.com/#!/ankitajain0911/status/824219424135598080,,,8.24219E+17,8.24217E+17
ankitajain0911,piratedmarwadi,Mentions,25/01/2017 11:40,"@thexoxoday If I were to win this #contest, I'd love to take @piratedmarwadi on this lavish dinner date. #live #RT",,,contest live rt,25/01/2017 11:40,https://twitter.com/#!/ankitajain0911/status/824220271393443840,,,8.2422E+17,8.24217E+17
ankitajain0911,thexoxoday,Mentions,25/01/2017 11:35,RT @thexoxoday: We are #live with our #contest! Follow to participate. All you have to do is #RT and tag 5 of your friends to win! https://…,,,live contest rt,25/01/2017 11:35,https://twitter.com/#!/ankitajain0911/status/824219155058409472,,,8.24219E+17,
ankitajain0911,sujaykoner,Mentions,25/01/2017 11:36,"@thexoxoday Join in
@ajayhere @Riannaoliver @pranavk_19 @minty_tweets @sujaykoner 
#contest #live #RT",,,contest live rt,25/01/2017 11:36,https://twitter.com/#!/ankitajain0911/status/824219424135598080,,,8.24219E+17,8.24217E+17
ankitajain0911,thexoxoday,Replies to,25/01/2017 11:36,"@thexoxoday Join in
@ajayhere @Riannaoliver @pranavk_19 @minty_tweets @sujaykoner 
#contest #live #RT",,,contest live rt,25/01/2017 11:36,https://twitter.com/#!/ankitajain0911/status/824219424135598080,,,8.24219E+17,8.24217E+17
ankitajain0911,thexoxoday,Replies to,25/01/2017 11:40,"@thexoxoday If I were to win this #contest, I'd love to take @piratedmarwadi on this lavish dinner date. #live #RT",,,contest live rt,25/01/2017 11:40,https://twitter.com/#!/ankitajain0911/status/824220271393443840,,,8.2422E+17,8.24217E+17
ankitajain0911,thexoxoday,Mentions,25/01/2017 11:40,RT @thexoxoday: Our #Contest is #live! #RT and tag 5 of your friends to win this dream ride on an Audi R8 and a Dinner at Taj Mahal Palace!…,,,contest live rt,25/01/2017 11:40,https://twitter.com/#!/ankitajain0911/status/824220323973173248,,,8.2422E+17,
ankitajain0911,thexoxoday,Mentions,25/01/2017 11:40,"RT @thexoxoday: #ContestAlert Remember, Follow Us to Participate! #contest #contestindia #ContestofChampions https://t.co/yD5kFC1kES",,,contestalert contest contestindia contestofchampions,25/01/2017 11:40,https://twitter.com/#!/ankitajain0911/status/824220356235771904,,,8.2422E+17,
nehagup42992144,thexoxoday,Mentions,25/01/2017 11:44,RT @thexoxoday: Our #Contest is #live! #RT and tag 5 of your friends to win this dream ride on an Audi R8 and a Dinner at Taj Mahal Palace!…,,,contest live rt,25/01/2017 11:44,https://twitter.com/#!/nehagup42992144/status/824221444779417600,,,8.24221E+17,
nehagup42992144,saranlacey,Mentions,25/01/2017 11:45,"@thexoxoday

@bikerkhushi 
@sushmitharao_m 
@NikkiPhillippi 
@Kimbyrleigha 
@saranlacey",,,,25/01/2017 11:45,https://twitter.com/#!/nehagup42992144/status/824221732257038336,,,8.24222E+17,8.24217E+17
nehagup42992144,kimbyrleigha,Mentions,25/01/2017 11:45,"@thexoxoday

@bikerkhushi 
@sushmitharao_m 
@NikkiPhillippi 
@Kimbyrleigha 
@saranlacey",,,,25/01/2017 11:45,https://twitter.com/#!/nehagup42992144/status/824221732257038336,,,8.24222E+17,8.24217E+17
nehagup42992144,nikkiphillippi,Mentions,25/01/2017 11:45,"@thexoxoday

@bikerkhushi 
@sushmitharao_m 
@NikkiPhillippi 
@Kimbyrleigha 
@saranlacey",,,,25/01/2017 11:45,https://twitter.com/#!/nehagup42992144/status/824221732257038336,,,8.24222E+17,8.24217E+17
nehagup42992144,sushmitharao_m,Mentions,25/01/2017 11:45,"@thexoxoday

@bikerkhushi 
@sushmitharao_m 
@NikkiPhillippi 
@Kimbyrleigha 
@saranlacey",,,,25/01/2017 11:45,https://twitter.com/#!/nehagup42992144/status/824221732257038336,,,8.24222E+17,8.24217E+17
nehagup42992144,bikerkhushi,Mentions,25/01/2017 11:45,"@thexoxoday

@bikerkhushi 
@sushmitharao_m 
@NikkiPhillippi 
@Kimbyrleigha 
@saranlacey",,,,25/01/2017 11:45,https://twitter.com/#!/nehagup42992144/status/824221732257038336,,,8.24222E+17,8.24217E+17
nehagup42992144,thexoxoday,Replies to,25/01/2017 11:45,"@thexoxoday

@bikerkhushi 
@sushmitharao_m 
@NikkiPhillippi 
@Kimbyrleigha 
@saranlacey",,,,25/01/2017 11:45,https://twitter.com/#!/nehagup42992144/status/824221732257038336,,,8.24222E+17,8.24217E+17
shazu_20,dewcool2,Mentions,25/01/2017 11:43,RT @thexoxoday: Our #Contest is now live! #RT and tag 5 of your friends to #win an Audi R8 ride and dinner at Taj! #ContestAlert @dewcool2…,,,contest rt win contestalert,25/01/2017 11:43,https://twitter.com/#!/shazu_20/status/824221095347810304,,,8.24221E+17,
shazu_20,thexoxoday,Mentions,25/01/2017 11:43,RT @thexoxoday: Our #Contest is now live! #RT and tag 5 of your friends to #win an Audi R8 ride and dinner at Taj! #ContestAlert @dewcool2…,,,contest rt win contestalert,25/01/2017 11:43,https://twitter.com/#!/shazu_20/status/824221095347810304,,,8.24221E+17,
shazu_20,thexoxoday,Mentions,25/01/2017 11:46,RT @thexoxoday: Our #Contest is #live! #RT and tag 5 of your friends to win this dream ride on an Audi R8 and a Dinner at Taj Mahal Palace!…,,,contest live rt,25/01/2017 11:46,https://twitter.com/#!/shazu_20/status/824221918425415680,,,8.24222E+17,
rohit_se,vikramagnihotri,Mentions,25/01/2017 11:34,@thexoxoday @mish_atul @GarimaGupt15 @rahuljindal85 @BorateManish @VikramAgnihotri,,,,25/01/2017 11:34,https://twitter.com/#!/rohit_se/status/824218773125287936,,,8.24219E+17,8.24217E+17
rohit_se,rahuljindal85,Mentions,25/01/2017 11:34,@thexoxoday @mish_atul @GarimaGupt15 @rahuljindal85 @BorateManish @VikramAgnihotri,,,,25/01/2017 11:34,https://twitter.com/#!/rohit_se/status/824218773125287936,,,8.24219E+17,8.24217E+17
rohit_se,boratemanish,Mentions,25/01/2017 11:34,@thexoxoday @mish_atul @GarimaGupt15 @rahuljindal85 @BorateManish @VikramAgnihotri,,,,25/01/2017 11:34,https://twitter.com/#!/rohit_se/status/824218773125287936,,,8.24219E+17,8.24217E+17
rohit_se,boratemanish,Mentions,25/01/2017 11:50,@thexoxoday @mish_atul @sunilmandhan @GarimaGupt15 @manmohan2205 @BorateManish,,,,25/01/2017 11:50,https://twitter.com/#!/rohit_se/status/824222832083238912,,,8.24223E+17,8.24221E+17
rohit_se,manmohan2205,Mentions,25/01/2017 11:50,@thexoxoday @mish_atul @sunilmandhan @GarimaGupt15 @manmohan2205 @BorateManish,,,,25/01/2017 11:50,https://twitter.com/#!/rohit_se/status/824222832083238912,,,8.24223E+17,8.24221E+17
rohit_se,garimagupt15,Mentions,25/01/2017 11:34,@thexoxoday @mish_atul @GarimaGupt15 @rahuljindal85 @BorateManish @VikramAgnihotri,,,,25/01/2017 11:34,https://twitter.com/#!/rohit_se/status/824218773125287936,,,8.24219E+17,8.24217E+17
rohit_se,garimagupt15,Mentions,25/01/2017 11:50,@thexoxoday @mish_atul @sunilmandhan @GarimaGupt15 @manmohan2205 @BorateManish,,,,25/01/2017 11:50,https://twitter.com/#!/rohit_se/status/824222832083238912,,,8.24223E+17,8.24221E+17
rohit_se,sunilmandhan,Mentions,25/01/2017 11:50,@thexoxoday @mish_atul @sunilmandhan @GarimaGupt15 @manmohan2205 @BorateManish,,,,25/01/2017 11:50,https://twitter.com/#!/rohit_se/status/824222832083238912,,,8.24223E+17,8.24221E+17
rohit_se,mish_atul,Mentions,25/01/2017 11:34,@thexoxoday @mish_atul @GarimaGupt15 @rahuljindal85 @BorateManish @VikramAgnihotri,,,,25/01/2017 11:34,https://twitter.com/#!/rohit_se/status/824218773125287936,,,8.24219E+17,8.24217E+17
rohit_se,mish_atul,Mentions,25/01/2017 11:50,@thexoxoday @mish_atul @sunilmandhan @GarimaGupt15 @manmohan2205 @BorateManish,,,,25/01/2017 11:50,https://twitter.com/#!/rohit_se/status/824222832083238912,,,8.24223E+17,8.24221E+17
georgewright_28,thexoxoday,Mentions,25/01/2017 11:58,RT @thexoxoday: We are #live with our #contest! Follow to participate. All you have to do is #RT and tag 5 of your friends to win! https://…,,,live contest rt,25/01/2017 11:58,https://twitter.com/#!/georgewright_28/status/824224899468181504,,,8.24225E+17,
godsowntalk,prriyaiyer,Mentions,25/01/2017 12:09,@thexoxoday @aanchalsweet92 @siljapillai @blessedkamal  @kartiksaysnow  @PrriyaIyer,,,,25/01/2017 12:09,https://twitter.com/#!/godsowntalk/status/824227620749332480,,,8.24228E+17,8.24217E+17
godsowntalk,kartiksaysnow,Mentions,25/01/2017 12:09,@thexoxoday @aanchalsweet92 @siljapillai @blessedkamal  @kartiksaysnow  @PrriyaIyer,,,,25/01/2017 12:09,https://twitter.com/#!/godsowntalk/status/824227620749332480,,,8.24228E+17,8.24217E+17
godsowntalk,aanchalsweet92,Mentions,25/01/2017 12:09,@thexoxoday @aanchalsweet92 @siljapillai @blessedkamal  @kartiksaysnow  @PrriyaIyer,,,,25/01/2017 12:09,https://twitter.com/#!/godsowntalk/status/824227620749332480,,,8.24228E+17,8.24217E+17
ajayageecha1,akshaytalreja1,Mentions,25/01/2017 12:16,"@thexoxoday
Join here
@jaytanwani21 
@GurnaniSomesh 
@ajaybajaj007 
@AgechaRahul 
@AkshayTalreja1",,,,25/01/2017 12:16,https://twitter.com/#!/ajayageecha1/status/824229561198067712,,,8.2423E+17,8.24217E+17
ajayageecha1,agecharahul,Mentions,25/01/2017 12:16,"@thexoxoday
Join here
@jaytanwani21 
@GurnaniSomesh 
@ajaybajaj007 
@AgechaRahul 
@AkshayTalreja1",,,,25/01/2017 12:16,https://twitter.com/#!/ajayageecha1/status/824229561198067712,,,8.2423E+17,8.24217E+17
ajayageecha1,ajaybajaj007,Mentions,25/01/2017 12:16,"@thexoxoday
Join here
@jaytanwani21 
@GurnaniSomesh 
@ajaybajaj007 
@AgechaRahul 
@AkshayTalreja1",,,,25/01/2017 12:16,https://twitter.com/#!/ajayageecha1/status/824229561198067712,,,8.2423E+17,8.24217E+17
ajayageecha1,gurnanisomesh,Mentions,25/01/2017 12:16,"@thexoxoday
Join here
@jaytanwani21 
@GurnaniSomesh 
@ajaybajaj007 
@AgechaRahul 
@AkshayTalreja1",,,,25/01/2017 12:16,https://twitter.com/#!/ajayageecha1/status/824229561198067712,,,8.2423E+17,8.24217E+17
ajayageecha1,jaytanwani21,Mentions,25/01/2017 12:16,"@thexoxoday
Join here
@jaytanwani21 
@GurnaniSomesh 
@ajaybajaj007 
@AgechaRahul 
@AkshayTalreja1",,,,25/01/2017 12:16,https://twitter.com/#!/ajayageecha1/status/824229561198067712,,,8.2423E+17,8.24217E+17
ajayageecha1,thexoxoday,Mentions,25/01/2017 11:23,"RT @thexoxoday: #ContestAlert Remember, Follow Us to Participate! #contest #contestindia #ContestofChampions https://t.co/yD5kFC1kES",,,contestalert contest contestindia contestofchampions,25/01/2017 11:23,https://twitter.com/#!/ajayageecha1/status/824216239673184256,,,8.24216E+17,
ajayageecha1,thexoxoday,Mentions,25/01/2017 12:15,RT @thexoxoday: Our #Contest is #live! #RT and tag 5 of your friends to win this dream ride on an Audi R8 and a Dinner at Taj Mahal Palace!…,,,contest live rt,25/01/2017 12:15,https://twitter.com/#!/ajayageecha1/status/824229177536679936,,,8.24229E+17,
ajayageecha1,thexoxoday,Replies to,25/01/2017 12:16,"@thexoxoday
Join here
@jaytanwani21 
@GurnaniSomesh 
@ajaybajaj007 
@AgechaRahul 
@AkshayTalreja1",,,,25/01/2017 12:16,https://twitter.com/#!/ajayageecha1/status/824229561198067712,,,8.2423E+17,8.24217E+17
ajayageecha1,dewcool2,Mentions,25/01/2017 12:17,RT @thexoxoday: Our #Contest is now live! #RT and tag 5 of your friends to #win an Audi R8 ride and dinner at Taj! #ContestAlert @dewcool2…,,,contest rt win contestalert,25/01/2017 12:17,https://twitter.com/#!/ajayageecha1/status/824229598032527361,,,8.2423E+17,
ajayageecha1,thexoxoday,Mentions,25/01/2017 12:17,RT @thexoxoday: Our #Contest is now live! #RT and tag 5 of your friends to #win an Audi R8 ride and dinner at Taj! #ContestAlert @dewcool2…,,,contest rt win contestalert,25/01/2017 12:17,https://twitter.com/#!/ajayageecha1/status/824229598032527361,,,8.2423E+17,
dattanisanjay,thexoxoday,Mentions,25/01/2017 12:22,RT @contestmantra: RT:@thexoxoday A shoutout to everyone who wants to #Participate! Our #contest is now live! Follow us to participate. #RT…,,,participate contest rt,25/01/2017 12:22,https://twitter.com/#!/dattanisanjay/status/824230962628268032,,,8.24231E+17,
dattanisanjay,contestmantra,Mentions,25/01/2017 12:22,RT @contestmantra: RT:@thexoxoday A shoutout to everyone who wants to #Participate! Our #contest is now live! Follow us to participate. #RT…,,,participate contest rt,25/01/2017 12:22,https://twitter.com/#!/dattanisanjay/status/824230962628268032,,,8.24231E+17,
les_punchlines_,thexoxoday,Mentions,25/01/2017 12:24,RT @thexoxoday: A shoutout to everyone who wants to #Participate! Our #contest is now live! Follow us to participate. #RT and tag 5 of your…,,,participate contest rt,25/01/2017 12:24,https://twitter.com/#!/les_punchlines_/status/824231368653672448,,,8.24231E+17,
jainnamu,sharat_j,Mentions,25/01/2017 12:26,@thexoxoday @ankeet_shah @abhiramsheth @aashikaa @SuhaniDoctor @sharat_j #ContestAlert #contest #TajMahalpalace,,,contestalert contest tajmahalpalace,25/01/2017 12:26,https://twitter.com/#!/jainnamu/status/824231900055293953,,,8.24232E+17,8.24217E+17
jainnamu,suhanidoctor,Mentions,25/01/2017 12:26,@thexoxoday @ankeet_shah @abhiramsheth @aashikaa @SuhaniDoctor @sharat_j #ContestAlert #contest #TajMahalpalace,,,contestalert contest tajmahalpalace,25/01/2017 12:26,https://twitter.com/#!/jainnamu/status/824231900055293953,,,8.24232E+17,8.24217E+17
jainnamu,aashikaa,Mentions,25/01/2017 12:26,@thexoxoday @ankeet_shah @abhiramsheth @aashikaa @SuhaniDoctor @sharat_j #ContestAlert #contest #TajMahalpalace,,,contestalert contest tajmahalpalace,25/01/2017 12:26,https://twitter.com/#!/jainnamu/status/824231900055293953,,,8.24232E+17,8.24217E+17
jainnamu,abhiramsheth,Mentions,25/01/2017 12:26,@thexoxoday @ankeet_shah @abhiramsheth @aashikaa @SuhaniDoctor @sharat_j #ContestAlert #contest #TajMahalpalace,,,contestalert contest tajmahalpalace,25/01/2017 12:26,https://twitter.com/#!/jainnamu/status/824231900055293953,,,8.24232E+17,8.24217E+17
jainnamu,ankeet_shah,Mentions,25/01/2017 12:26,@thexoxoday @ankeet_shah @abhiramsheth @aashikaa @SuhaniDoctor @sharat_j #ContestAlert #contest #TajMahalpalace,,,contestalert contest tajmahalpalace,25/01/2017 12:26,https://twitter.com/#!/jainnamu/status/824231900055293953,,,8.24232E+17,8.24217E+17
jainnamu,thexoxoday,Mentions,25/01/2017 12:24,RT @thexoxoday: A shoutout to everyone who wants to #Participate! Our #contest is now live! Follow us to participate. #RT and tag 5 of your…,,,participate contest rt,25/01/2017 12:24,https://twitter.com/#!/jainnamu/status/824231406234730496,,,8.24231E+17,
jainnamu,thexoxoday,Mentions,25/01/2017 12:24,RT @thexoxoday: Our #Contest is #live! #RT and tag 5 of your friends to win this dream ride on an Audi R8 and a Dinner at Taj Mahal Palace!…,,,contest live rt,25/01/2017 12:24,https://twitter.com/#!/jainnamu/status/824231531174653952,,,8.24232E+17,
jainnamu,thexoxoday,Replies to,25/01/2017 12:26,@thexoxoday @ankeet_shah @abhiramsheth @aashikaa @SuhaniDoctor @sharat_j #ContestAlert #contest #TajMahalpalace,,,contestalert contest tajmahalpalace,25/01/2017 12:26,https://twitter.com/#!/jainnamu/status/824231900055293953,,,8.24232E+17,8.24217E+17
jainnamu,dewcool2,Mentions,25/01/2017 12:26,RT @thexoxoday: Our #Contest is now live! #RT and tag 5 of your friends to #win an Audi R8 ride and dinner at Taj! #ContestAlert @dewcool2…,,,contest rt win contestalert,25/01/2017 12:26,https://twitter.com/#!/jainnamu/status/824231960780435456,,,8.24232E+17,
jainnamu,thexoxoday,Mentions,25/01/2017 12:26,RT @thexoxoday: Our #Contest is now live! #RT and tag 5 of your friends to #win an Audi R8 ride and dinner at Taj! #ContestAlert @dewcool2…,,,contest rt win contestalert,25/01/2017 12:26,https://twitter.com/#!/jainnamu/status/824231960780435456,,,8.24232E+17,
jainnamu,thexoxoday,Mentions,25/01/2017 12:26,RT @thexoxoday: We are #live with our #contest! Follow to participate. All you have to do is #RT and tag 5 of your friends to win! https://…,,,live contest rt,25/01/2017 12:26,https://twitter.com/#!/jainnamu/status/824231983224078336,,,8.24232E+17,
jainnamu,thexoxoday,Mentions,25/01/2017 12:26,"RT @thexoxoday: #ContestAlert Remember, Follow Us to Participate! #contest #contestindia #ContestofChampions https://t.co/yD5kFC1kES",,,contestalert contest contestindia contestofchampions,25/01/2017 12:26,https://twitter.com/#!/jainnamu/status/824232003616784386,,,8.24232E+17,
jainnamu,broke,Mentions,25/01/2017 12:26,RT @thexoxoday: We have a #contest coming up. Follow us to participate! @IndianContests @Contesttable @iheartcontest @photo_contests @Broke…,,,contest,25/01/2017 12:26,https://twitter.com/#!/jainnamu/status/824232024605126656,,,8.24232E+17,
jainnamu,photo_contests,Mentions,25/01/2017 12:26,RT @thexoxoday: We have a #contest coming up. Follow us to participate! @IndianContests @Contesttable @iheartcontest @photo_contests @Broke…,,,contest,25/01/2017 12:26,https://twitter.com/#!/jainnamu/status/824232024605126656,,,8.24232E+17,
jainnamu,iheartcontest,Mentions,25/01/2017 12:26,RT @thexoxoday: We have a #contest coming up. Follow us to participate! @IndianContests @Contesttable @iheartcontest @photo_contests @Broke…,,,contest,25/01/2017 12:26,https://twitter.com/#!/jainnamu/status/824232024605126656,,,8.24232E+17,
jainnamu,contesttable,Mentions,25/01/2017 12:26,RT @thexoxoday: We have a #contest coming up. Follow us to participate! @IndianContests @Contesttable @iheartcontest @photo_contests @Broke…,,,contest,25/01/2017 12:26,https://twitter.com/#!/jainnamu/status/824232024605126656,,,8.24232E+17,
jainnamu,thexoxoday,Mentions,25/01/2017 12:26,RT @thexoxoday: We have a #contest coming up. Follow us to participate! @IndianContests @Contesttable @iheartcontest @photo_contests @Broke…,,,contest,25/01/2017 12:26,https://twitter.com/#!/jainnamu/status/824232024605126656,,,8.24232E+17,
jainnamu,thexoxoday,Replies to,25/01/2017 12:31,@thexoxoday done ! Hope to win ! #ContestAlert #contest,,,contestalert contest,25/01/2017 12:31,https://twitter.com/#!/jainnamu/status/824233213077946368,,,8.24233E+17,8.24217E+17
romeromash,tejucole,Mentions,25/01/2017 11:55,"@thexoxoday @ContestAdventur 

Hope to win team! 
@tejas_v7 
@Rajnish98765432
@Sana_Shaikh786 
@tejucole
@DjShivaManuja 
👌👌👌👌

#ContestAlert",,,contestalert,25/01/2017 11:55,https://twitter.com/#!/romeromash/status/824224045096980481,,,8.24224E+17,8.24217E+17
romeromash,sana_shaikh786,Mentions,25/01/2017 11:55,"@thexoxoday @ContestAdventur 

Hope to win team! 
@tejas_v7 
@Rajnish98765432
@Sana_Shaikh786 
@tejucole
@DjShivaManuja 
👌👌👌👌

#ContestAlert",,,contestalert,25/01/2017 11:55,https://twitter.com/#!/romeromash/status/824224045096980481,,,8.24224E+17,8.24217E+17
romeromash,rajnish98765432,Mentions,25/01/2017 11:55,"@thexoxoday @ContestAdventur 

Hope to win team! 
@tejas_v7 
@Rajnish98765432
@Sana_Shaikh786 
@tejucole
@DjShivaManuja 
👌👌👌👌

#ContestAlert",,,contestalert,25/01/2017 11:55,https://twitter.com/#!/romeromash/status/824224045096980481,,,8.24224E+17,8.24217E+17
tejas_v7,thexoxoday,Mentions,25/01/2017 11:56,RT @thexoxoday: Our #Contest is #live! #RT and tag 5 of your friends to win this dream ride on an Audi R8 and a Dinner at Taj Mahal Palace!…,,,contest live rt,25/01/2017 11:56,https://twitter.com/#!/tejas_v7/status/824224533053865985,,,8.24225E+17,
romeromash,tejas_v7,Mentions,25/01/2017 11:55,"@thexoxoday @ContestAdventur 

Hope to win team! 
@tejas_v7 
@Rajnish98765432
@Sana_Shaikh786 
@tejucole
@DjShivaManuja 
👌👌👌👌

#ContestAlert",,,contestalert,25/01/2017 11:55,https://twitter.com/#!/romeromash/status/824224045096980481,,,8.24224E+17,8.24217E+17
romeromash,dewcool2,Mentions,25/01/2017 11:53,RT @thexoxoday: Our #Contest is now live! #RT and tag 5 of your friends to #win an Audi R8 ride and dinner at Taj! #ContestAlert @dewcool2…,,,contest rt win contestalert,25/01/2017 11:53,https://twitter.com/#!/romeromash/status/824223578648379397,,,8.24224E+17,
romeromash,thexoxoday,Mentions,25/01/2017 11:53,RT @thexoxoday: Our #Contest is now live! #RT and tag 5 of your friends to #win an Audi R8 ride and dinner at Taj! #ContestAlert @dewcool2…,,,contest rt win contestalert,25/01/2017 11:53,https://twitter.com/#!/romeromash/status/824223578648379397,,,8.24224E+17,
romeromash,djshivamanuja,Mentions,25/01/2017 11:55,"@thexoxoday @ContestAdventur 

Hope to win team! 
@tejas_v7 
@Rajnish98765432
@Sana_Shaikh786 
@tejucole
@DjShivaManuja 
👌👌👌👌

#ContestAlert",,,contestalert,25/01/2017 11:55,https://twitter.com/#!/romeromash/status/824224045096980481,,,8.24224E+17,8.24217E+17
romeromash,contestadventur,Mentions,25/01/2017 11:55,"@thexoxoday @ContestAdventur 

Hope to win team! 
@tejas_v7 
@Rajnish98765432
@Sana_Shaikh786 
@tejucole
@DjShivaManuja 
👌👌👌👌

#ContestAlert",,,contestalert,25/01/2017 11:55,https://twitter.com/#!/romeromash/status/824224045096980481,,,8.24224E+17,8.24217E+17
romeromash,thexoxoday,Replies to,25/01/2017 11:55,"@thexoxoday @ContestAdventur 

Hope to win team! 
@tejas_v7 
@Rajnish98765432
@Sana_Shaikh786 
@tejucole
@DjShivaManuja 
👌👌👌👌

#ContestAlert",,,contestalert,25/01/2017 11:55,https://twitter.com/#!/romeromash/status/824224045096980481,,,8.24224E+17,8.24217E+17
romeromash,thexoxoday,Mentions,25/01/2017 11:55,RT @thexoxoday: Our #Contest is #live! #RT and tag 5 of your friends to win this dream ride on an Audi R8 and a Dinner at Taj Mahal Palace!…,,,contest live rt,25/01/2017 11:55,https://twitter.com/#!/romeromash/status/824224152102072321,,,8.24224E+17,
romeromash,thexoxoday,Mentions,25/01/2017 12:44,RT @thexoxoday: A shoutout to everyone who wants to #Participate! Our #contest is now live! Follow us to participate. #RT and tag 5 of your…,,,participate contest rt,25/01/2017 12:44,https://twitter.com/#!/romeromash/status/824236602457288704,,,8.24237E+17,
abhinav07032005,thexoxoday,Mentions,25/01/2017 12:48,RT @thexoxoday: A shoutout to everyone who wants to #Participate! Our #contest is now live! Follow us to participate. #RT and tag 5 of your…,,,participate contest rt,25/01/2017 12:48,https://twitter.com/#!/abhinav07032005/status/824237414604414976,,,8.24237E+17,
shikhabhansali9,sona31102011,Mentions,25/01/2017 12:58,@thexoxoday @sona31102011  @ekta_k88  @BhansaliDigna  @jayshreemehta83  @22minalmehta,,,,25/01/2017 12:58,https://twitter.com/#!/shikhabhansali9/status/824240000946446337,,,8.2424E+17,8.24231E+17
jayeshmehta377,shikhabhansali9,Mentions,25/01/2017 12:56,@thexoxoday I would like to go for dinner with my friend @jayshreemehta83  @shikhabhansali9  @BhansaliDigna  @22minalmehta  @Sagar2612,,,,25/01/2017 12:56,https://twitter.com/#!/jayeshmehta377/status/824239432114913280,,,8.24239E+17,8.24231E+17
shikhabhansali9,thexoxoday,Mentions,25/01/2017 12:57,RT @thexoxoday: A shoutout to everyone who wants to #Participate! Our #contest is now live! Follow us to participate. #RT and tag 5 of your…,,,participate contest rt,25/01/2017 12:57,https://twitter.com/#!/shikhabhansali9/status/824239804678225920,,,8.2424E+17,
shikhabhansali9,22minalmehta,Mentions,25/01/2017 12:58,@thexoxoday @sona31102011  @ekta_k88  @BhansaliDigna  @jayshreemehta83  @22minalmehta,,,,25/01/2017 12:58,https://twitter.com/#!/shikhabhansali9/status/824240000946446337,,,8.2424E+17,8.24231E+17
shikhabhansali9,jayshreemehta83,Mentions,25/01/2017 12:58,@thexoxoday @sona31102011  @ekta_k88  @BhansaliDigna  @jayshreemehta83  @22minalmehta,,,,25/01/2017 12:58,https://twitter.com/#!/shikhabhansali9/status/824240000946446337,,,8.2424E+17,8.24231E+17
shikhabhansali9,bhansalidigna,Mentions,25/01/2017 12:58,@thexoxoday @sona31102011  @ekta_k88  @BhansaliDigna  @jayshreemehta83  @22minalmehta,,,,25/01/2017 12:58,https://twitter.com/#!/shikhabhansali9/status/824240000946446337,,,8.2424E+17,8.24231E+17
shikhabhansali9,ekta_k88,Mentions,25/01/2017 12:58,@thexoxoday @sona31102011  @ekta_k88  @BhansaliDigna  @jayshreemehta83  @22minalmehta,,,,25/01/2017 12:58,https://twitter.com/#!/shikhabhansali9/status/824240000946446337,,,8.2424E+17,8.24231E+17
shikhabhansali9,thexoxoday,Replies to,25/01/2017 12:58,@thexoxoday @sona31102011  @ekta_k88  @BhansaliDigna  @jayshreemehta83  @22minalmehta,,,,25/01/2017 12:58,https://twitter.com/#!/shikhabhansali9/status/824240000946446337,,,8.2424E+17,8.24231E+17
sagar2612,shikhabhansali9,Mentions,25/01/2017 12:58,RT @jayeshmehta377: @thexoxoday I would like to go for dinner with my friend @jayshreemehta83  @shikhabhansali9  @BhansaliDigna  @22minalme…,,,,25/01/2017 12:58,https://twitter.com/#!/sagar2612/status/824240027961999360,,,8.2424E+17,
jayeshmehta377,thexoxoday,Mentions,25/01/2017 12:53,RT @thexoxoday: A shoutout to everyone who wants to #Participate! Our #contest is now live! Follow us to participate. #RT and tag 5 of your…,,,participate contest rt,25/01/2017 12:53,https://twitter.com/#!/jayeshmehta377/status/824238773315760128,,,8.24239E+17,
jayeshmehta377,sagar2612,Mentions,25/01/2017 12:56,@thexoxoday I would like to go for dinner with my friend @jayshreemehta83  @shikhabhansali9  @BhansaliDigna  @22minalmehta  @Sagar2612,,,,25/01/2017 12:56,https://twitter.com/#!/jayeshmehta377/status/824239432114913280,,,8.24239E+17,8.24231E+17
jayeshmehta377,22minalmehta,Mentions,25/01/2017 12:56,@thexoxoday I would like to go for dinner with my friend @jayshreemehta83  @shikhabhansali9  @BhansaliDigna  @22minalmehta  @Sagar2612,,,,25/01/2017 12:56,https://twitter.com/#!/jayeshmehta377/status/824239432114913280,,,8.24239E+17,8.24231E+17
jayeshmehta377,bhansalidigna,Mentions,25/01/2017 12:56,@thexoxoday I would like to go for dinner with my friend @jayshreemehta83  @shikhabhansali9  @BhansaliDigna  @22minalmehta  @Sagar2612,,,,25/01/2017 12:56,https://twitter.com/#!/jayeshmehta377/status/824239432114913280,,,8.24239E+17,8.24231E+17
jayeshmehta377,jayshreemehta83,Mentions,25/01/2017 12:56,@thexoxoday I would like to go for dinner with my friend @jayshreemehta83  @shikhabhansali9  @BhansaliDigna  @22minalmehta  @Sagar2612,,,,25/01/2017 12:56,https://twitter.com/#!/jayeshmehta377/status/824239432114913280,,,8.24239E+17,8.24231E+17
jayeshmehta377,thexoxoday,Replies to,25/01/2017 12:56,@thexoxoday I would like to go for dinner with my friend @jayshreemehta83  @shikhabhansali9  @BhansaliDigna  @22minalmehta  @Sagar2612,,,,25/01/2017 12:56,https://twitter.com/#!/jayeshmehta377/status/824239432114913280,,,8.24239E+17,8.24231E+17
jayeshmehta377,dewcool2,Mentions,25/01/2017 12:56,RT @thexoxoday: Our #Contest is now live! #RT and tag 5 of your friends to #win an Audi R8 ride and dinner at Taj! #ContestAlert @dewcool2…,,,contest rt win contestalert,25/01/2017 12:56,https://twitter.com/#!/jayeshmehta377/status/824239514289741824,,,8.2424E+17,
jayeshmehta377,thexoxoday,Mentions,25/01/2017 12:56,RT @thexoxoday: Our #Contest is now live! #RT and tag 5 of your friends to #win an Audi R8 ride and dinner at Taj! #ContestAlert @dewcool2…,,,contest rt win contestalert,25/01/2017 12:56,https://twitter.com/#!/jayeshmehta377/status/824239514289741824,,,8.2424E+17,
jayeshmehta377,thexoxoday,Mentions,25/01/2017 12:56,RT @thexoxoday: We are #live with our #contest! Follow to participate. All you have to do is #RT and tag 5 of your friends to win! https://…,,,live contest rt,25/01/2017 12:56,https://twitter.com/#!/jayeshmehta377/status/824239540382482432,,,8.2424E+17,
jayeshmehta377,thexoxoday,Mentions,25/01/2017 12:56,RT @thexoxoday: Our #Contest is #live! #RT and tag 5 of your friends to win this dream ride on an Audi R8 and a Dinner at Taj Mahal Palace!…,,,contest live rt,25/01/2017 12:56,https://twitter.com/#!/jayeshmehta377/status/824239553732980740,,,8.2424E+17,
jayeshmehta377,thexoxoday,Mentions,25/01/2017 12:56,"RT @thexoxoday: #ContestAlert Remember, Follow Us to Participate! #contest #contestindia #ContestofChampions https://t.co/yD5kFC1kES",,,contestalert contest contestindia contestofchampions,25/01/2017 12:56,https://twitter.com/#!/jayeshmehta377/status/824239577590218753,,,8.2424E+17,
sagar2612,jayeshmehta377,Mentions,25/01/2017 12:58,RT @jayeshmehta377: @thexoxoday I would like to go for dinner with my friend @jayshreemehta83  @shikhabhansali9  @BhansaliDigna  @22minalme…,,,,25/01/2017 12:58,https://twitter.com/#!/sagar2612/status/824240027961999360,,,8.2424E+17,
anitaya05853817,adrsh11,Mentions,25/01/2017 13:03,"@thexoxoday Join in #XoXoDay 
@santoshhh000 
@SillaSaman 
@MukeshKSin 
@adrsh11 
 @ramyavellanki",,,xoxoday,25/01/2017 13:03,https://twitter.com/#!/anitaya05853817/status/824241171123830784,,,8.24241E+17,8.24217E+17
anitaya05853817,sillasaman,Mentions,25/01/2017 13:03,"@thexoxoday Join in #XoXoDay 
@santoshhh000 
@SillaSaman 
@MukeshKSin 
@adrsh11 
 @ramyavellanki",,,xoxoday,25/01/2017 13:03,https://twitter.com/#!/anitaya05853817/status/824241171123830784,,,8.24241E+17,8.24217E+17
anitaya05853817,santoshhh000,Mentions,25/01/2017 13:03,"@thexoxoday Join in #XoXoDay 
@santoshhh000 
@SillaSaman 
@MukeshKSin 
@adrsh11 
 @ramyavellanki",,,xoxoday,25/01/2017 13:03,https://twitter.com/#!/anitaya05853817/status/824241171123830784,,,8.24241E+17,8.24217E+17
bhansalidigna,22minalmehta,Mentions,25/01/2017 13:03,@thexoxoday @22minalmehta  @misty_basu  @Suruchi0603  @PinkyDholakia  @VHetal,,,,25/01/2017 13:03,https://twitter.com/#!/bhansalidigna/status/824241235296587777,,,8.24241E+17,8.24221E+17
smadan4u,_vgnsh,Mentions,25/01/2017 13:06,@thexoxoday @harishkhiladi @saipraveen @saideepak @vignesh  @_vgnsh,,,,25/01/2017 13:06,https://twitter.com/#!/smadan4u/status/824241990049075200,,,8.24242E+17,8.24217E+17
smadan4u,vignesh,Mentions,25/01/2017 13:06,@thexoxoday @harishkhiladi @saipraveen @saideepak @vignesh  @_vgnsh,,,,25/01/2017 13:06,https://twitter.com/#!/smadan4u/status/824241990049075200,,,8.24242E+17,8.24217E+17
smadan4u,saideepak,Mentions,25/01/2017 13:06,@thexoxoday @harishkhiladi @saipraveen @saideepak @vignesh  @_vgnsh,,,,25/01/2017 13:06,https://twitter.com/#!/smadan4u/status/824241990049075200,,,8.24242E+17,8.24217E+17
smadan4u,saipraveen,Mentions,25/01/2017 13:06,@thexoxoday @harishkhiladi @saipraveen @saideepak @vignesh  @_vgnsh,,,,25/01/2017 13:06,https://twitter.com/#!/smadan4u/status/824241990049075200,,,8.24242E+17,8.24217E+17
smadan4u,harishkhiladi,Mentions,25/01/2017 13:06,@thexoxoday @harishkhiladi @saipraveen @saideepak @vignesh  @_vgnsh,,,,25/01/2017 13:06,https://twitter.com/#!/smadan4u/status/824241990049075200,,,8.24242E+17,8.24217E+17
smadan4u,thexoxoday,Mentions,25/01/2017 13:04,RT @thexoxoday: Our #Contest is #live! #RT and tag 5 of your friends to win this dream ride on an Audi R8 and a Dinner at Taj Mahal Palace!…,,,contest live rt,25/01/2017 13:04,https://twitter.com/#!/smadan4u/status/824241630777671680,,,8.24242E+17,
smadan4u,thexoxoday,Replies to,25/01/2017 13:06,@thexoxoday @harishkhiladi @saipraveen @saideepak @vignesh  @_vgnsh,,,,25/01/2017 13:06,https://twitter.com/#!/smadan4u/status/824241990049075200,,,8.24242E+17,8.24217E+17
sensible_mona,neelam_bahety,Mentions,25/01/2017 13:15,@thexoxoday I wish to go for a dinner with my mom ! @neelam_bahety,,,,25/01/2017 13:15,https://twitter.com/#!/sensible_mona/status/824244361835794432,,,8.24244E+17,8.24217E+17
sensible_mona,nehadevjani,Mentions,25/01/2017 13:17,"@thexoxoday @BabuBeg @rosie7me @ekta_k88 
@SachinTater @Tu_13_Dekh_Na @appie_appz 
@NehaDevjani join in",,,,25/01/2017 13:17,https://twitter.com/#!/sensible_mona/status/824244702287458310,,,8.24245E+17,8.24217E+17
sensible_mona,appie_appz,Mentions,25/01/2017 13:17,"@thexoxoday @BabuBeg @rosie7me @ekta_k88 
@SachinTater @Tu_13_Dekh_Na @appie_appz 
@NehaDevjani join in",,,,25/01/2017 13:17,https://twitter.com/#!/sensible_mona/status/824244702287458310,,,8.24245E+17,8.24217E+17
sensible_mona,tu_13_dekh_na,Mentions,25/01/2017 13:17,"@thexoxoday @BabuBeg @rosie7me @ekta_k88 
@SachinTater @Tu_13_Dekh_Na @appie_appz 
@NehaDevjani join in",,,,25/01/2017 13:17,https://twitter.com/#!/sensible_mona/status/824244702287458310,,,8.24245E+17,8.24217E+17
sensible_mona,rosie7me,Mentions,25/01/2017 13:17,"@thexoxoday @BabuBeg @rosie7me @ekta_k88 
@SachinTater @Tu_13_Dekh_Na @appie_appz 
@NehaDevjani join in",,,,25/01/2017 13:17,https://twitter.com/#!/sensible_mona/status/824244702287458310,,,8.24245E+17,8.24217E+17
13bhavani,mvsakrishna,Mentions,25/01/2017 13:20,@thexoxoday #Contest  #live #RT Tagging my 5 friends team  @KJVchaitanya   @anthatipraveen3  @aenugu302  @ThatikantiAnil  @mvsakrishna,,,contest live rt,25/01/2017 13:20,https://twitter.com/#!/13bhavani/status/824245504032837632,,,8.24246E+17,8.24217E+17
13bhavani,mvsakrishna,Mentions,25/01/2017 13:20,@thexoxoday #Contest  #live #RT Tagging my 5 friends team  @KJVchaitanya   @anthatipraveen3  @aenugu302  @ThatikantiAnil  @mvsakrishna,,,contest live rt,25/01/2017 13:20,https://twitter.com/#!/13bhavani/status/824245664053952512,,,8.24246E+17,8.24231E+17
13bhavani,thatikantianil,Mentions,25/01/2017 13:20,@thexoxoday #Contest  #live #RT Tagging my 5 friends team  @KJVchaitanya   @anthatipraveen3  @aenugu302  @ThatikantiAnil  @mvsakrishna,,,contest live rt,25/01/2017 13:20,https://twitter.com/#!/13bhavani/status/824245504032837632,,,8.24246E+17,8.24217E+17
13bhavani,thatikantianil,Mentions,25/01/2017 13:20,@thexoxoday #Contest  #live #RT Tagging my 5 friends team  @KJVchaitanya   @anthatipraveen3  @aenugu302  @ThatikantiAnil  @mvsakrishna,,,contest live rt,25/01/2017 13:20,https://twitter.com/#!/13bhavani/status/824245664053952512,,,8.24246E+17,8.24231E+17
13bhavani,aenugu302,Mentions,25/01/2017 13:20,@thexoxoday #Contest  #live #RT Tagging my 5 friends team  @KJVchaitanya   @anthatipraveen3  @aenugu302  @ThatikantiAnil  @mvsakrishna,,,contest live rt,25/01/2017 13:20,https://twitter.com/#!/13bhavani/status/824245504032837632,,,8.24246E+17,8.24217E+17
13bhavani,aenugu302,Mentions,25/01/2017 13:20,@thexoxoday #Contest  #live #RT Tagging my 5 friends team  @KJVchaitanya   @anthatipraveen3  @aenugu302  @ThatikantiAnil  @mvsakrishna,,,contest live rt,25/01/2017 13:20,https://twitter.com/#!/13bhavani/status/824245664053952512,,,8.24246E+17,8.24231E+17
13bhavani,anthatipraveen3,Mentions,25/01/2017 13:20,@thexoxoday #Contest  #live #RT Tagging my 5 friends team  @KJVchaitanya   @anthatipraveen3  @aenugu302  @ThatikantiAnil  @mvsakrishna,,,contest live rt,25/01/2017 13:20,https://twitter.com/#!/13bhavani/status/824245504032837632,,,8.24246E+17,8.24217E+17
13bhavani,anthatipraveen3,Mentions,25/01/2017 13:20,@thexoxoday #Contest  #live #RT Tagging my 5 friends team  @KJVchaitanya   @anthatipraveen3  @aenugu302  @ThatikantiAnil  @mvsakrishna,,,contest live rt,25/01/2017 13:20,https://twitter.com/#!/13bhavani/status/824245664053952512,,,8.24246E+17,8.24231E+17
13bhavani,kjvchaitanya,Mentions,25/01/2017 13:20,@thexoxoday #Contest  #live #RT Tagging my 5 friends team  @KJVchaitanya   @anthatipraveen3  @aenugu302  @ThatikantiAnil  @mvsakrishna,,,contest live rt,25/01/2017 13:20,https://twitter.com/#!/13bhavani/status/824245504032837632,,,8.24246E+17,8.24217E+17
13bhavani,kjvchaitanya,Mentions,25/01/2017 13:20,@thexoxoday #Contest  #live #RT Tagging my 5 friends team  @KJVchaitanya   @anthatipraveen3  @aenugu302  @ThatikantiAnil  @mvsakrishna,,,contest live rt,25/01/2017 13:20,https://twitter.com/#!/13bhavani/status/824245664053952512,,,8.24246E+17,8.24231E+17
13bhavani,thexoxoday,Mentions,25/01/2017 13:16,RT @thexoxoday: We are #live with our #contest! Follow to participate. All you have to do is #RT and tag 5 of your friends to win! https://…,,,live contest rt,25/01/2017 13:16,https://twitter.com/#!/13bhavani/status/824244491154522115,,,8.24244E+17,
13bhavani,thexoxoday,Mentions,25/01/2017 13:18,RT @thexoxoday: Our #Contest is #live! #RT and tag 5 of your friends to win this dream ride on an Audi R8 and a Dinner at Taj Mahal Palace!…,,,contest live rt,25/01/2017 13:18,https://twitter.com/#!/13bhavani/status/824244949940129792,,,8.24245E+17,
13bhavani,thexoxoday,Replies to,25/01/2017 13:20,@thexoxoday #Contest  #live #RT Tagging my 5 friends team  @KJVchaitanya   @anthatipraveen3  @aenugu302  @ThatikantiAnil  @mvsakrishna,,,contest live rt,25/01/2017 13:20,https://twitter.com/#!/13bhavani/status/824245504032837632,,,8.24246E+17,8.24217E+17
13bhavani,thexoxoday,Mentions,25/01/2017 13:20,RT @thexoxoday: A shoutout to everyone who wants to #Participate! Our #contest is now live! Follow us to participate. #RT and tag 5 of your…,,,participate contest rt,25/01/2017 13:20,https://twitter.com/#!/13bhavani/status/824245579664519168,,,8.24246E+17,
13bhavani,thexoxoday,Replies to,25/01/2017 13:20,@thexoxoday #Contest  #live #RT Tagging my 5 friends team  @KJVchaitanya   @anthatipraveen3  @aenugu302  @ThatikantiAnil  @mvsakrishna,,,contest live rt,25/01/2017 13:20,https://twitter.com/#!/13bhavani/status/824245664053952512,,,8.24246E+17,8.24231E+17
baljeetaa,alleyahrj,Mentions,25/01/2017 13:24,@thexoxoday @ContestAdventur @india4contests @contestmantra @ContestMela #Contest #live #RT #ContestAlert  @OYERJALOK @rotalks @AlleyahRJ,,,contest live rt contestalert,25/01/2017 13:24,https://twitter.com/#!/baljeetaa/status/824246466696777728,,,8.24246E+17,8.24217E+17
baljeetaa,rotalks,Mentions,25/01/2017 13:24,@thexoxoday @ContestAdventur @india4contests @contestmantra @ContestMela #Contest #live #RT #ContestAlert  @OYERJALOK @rotalks @AlleyahRJ,,,contest live rt contestalert,25/01/2017 13:24,https://twitter.com/#!/baljeetaa/status/824246466696777728,,,8.24246E+17,8.24217E+17
baljeetaa,oyerjalok,Mentions,25/01/2017 13:24,@thexoxoday @ContestAdventur @india4contests @contestmantra @ContestMela #Contest #live #RT #ContestAlert  @OYERJALOK @rotalks @AlleyahRJ,,,contest live rt contestalert,25/01/2017 13:24,https://twitter.com/#!/baljeetaa/status/824246466696777728,,,8.24246E+17,8.24217E+17
baljeetaa,nikitakulkarni5,Mentions,25/01/2017 13:24,@thexoxoday @ContestAdventur @india4contests @contestmantra @ContestMela #Contest #live #RT #ContestAlert @HrishiKay @nikitakulkarni5,,,contest live rt contestalert,25/01/2017 13:24,https://twitter.com/#!/baljeetaa/status/824246672519675904,,,8.24247E+17,8.24217E+17
baljeetaa,hrishikay,Mentions,25/01/2017 13:24,@thexoxoday @ContestAdventur @india4contests @contestmantra @ContestMela #Contest #live #RT #ContestAlert @HrishiKay @nikitakulkarni5,,,contest live rt contestalert,25/01/2017 13:24,https://twitter.com/#!/baljeetaa/status/824246672519675904,,,8.24247E+17,8.24217E+17
baljeetaa,pinkvilla,Mentions,25/01/2017 13:25,@thexoxoday @ContestAdventur @india4contests @contestmantra @ContestMela #Contest #live #RT #ContestAlert I am so Excited @pinkvilla,,,contest live rt contestalert,25/01/2017 13:25,https://twitter.com/#!/baljeetaa/status/824246854397272066,,,8.24247E+17,8.24217E+17
baljeetaa,thexoxoday,Mentions,25/01/2017 13:21,RT @thexoxoday: Our #Contest is #live! #RT and tag 5 of your friends to win this dream ride on an Audi R8 and a Dinner at Taj Mahal Palace!…,,,contest live rt,25/01/2017 13:21,https://twitter.com/#!/baljeetaa/status/824245908569083905,,,8.24246E+17,
baljeetaa,contestmela,Mentions,25/01/2017 13:24,@thexoxoday @ContestAdventur @india4contests @contestmantra @ContestMela #Contest #live #RT #ContestAlert  @OYERJALOK @rotalks @AlleyahRJ,,,contest live rt contestalert,25/01/2017 13:24,https://twitter.com/#!/baljeetaa/status/824246466696777728,,,8.24246E+17,8.24217E+17
baljeetaa,contestmantra,Mentions,25/01/2017 13:24,@thexoxoday @ContestAdventur @india4contests @contestmantra @ContestMela #Contest #live #RT #ContestAlert  @OYERJALOK @rotalks @AlleyahRJ,,,contest live rt contestalert,25/01/2017 13:24,https://twitter.com/#!/baljeetaa/status/824246466696777728,,,8.24246E+17,8.24217E+17
baljeetaa,india4contests,Mentions,25/01/2017 13:24,@thexoxoday @ContestAdventur @india4contests @contestmantra @ContestMela #Contest #live #RT #ContestAlert  @OYERJALOK @rotalks @AlleyahRJ,,,contest live rt contestalert,25/01/2017 13:24,https://twitter.com/#!/baljeetaa/status/824246466696777728,,,8.24246E+17,8.24217E+17
baljeetaa,contestadventur,Mentions,25/01/2017 13:24,@thexoxoday @ContestAdventur @india4contests @contestmantra @ContestMela #Contest #live #RT #ContestAlert  @OYERJALOK @rotalks @AlleyahRJ,,,contest live rt contestalert,25/01/2017 13:24,https://twitter.com/#!/baljeetaa/status/824246466696777728,,,8.24246E+17,8.24217E+17
baljeetaa,thexoxoday,Replies to,25/01/2017 13:24,@thexoxoday @ContestAdventur @india4contests @contestmantra @ContestMela #Contest #live #RT #ContestAlert  @OYERJALOK @rotalks @AlleyahRJ,,,contest live rt contestalert,25/01/2017 13:24,https://twitter.com/#!/baljeetaa/status/824246466696777728,,,8.24246E+17,8.24217E+17
baljeetaa,contestmela,Mentions,25/01/2017 13:24,@thexoxoday @ContestAdventur @india4contests @contestmantra @ContestMela #Contest #live #RT #ContestAlert @HrishiKay @nikitakulkarni5,,,contest live rt contestalert,25/01/2017 13:24,https://twitter.com/#!/baljeetaa/status/824246672519675904,,,8.24247E+17,8.24217E+17
baljeetaa,contestmantra,Mentions,25/01/2017 13:24,@thexoxoday @ContestAdventur @india4contests @contestmantra @ContestMela #Contest #live #RT #ContestAlert @HrishiKay @nikitakulkarni5,,,contest live rt contestalert,25/01/2017 13:24,https://twitter.com/#!/baljeetaa/status/824246672519675904,,,8.24247E+17,8.24217E+17
baljeetaa,india4contests,Mentions,25/01/2017 13:24,@thexoxoday @ContestAdventur @india4contests @contestmantra @ContestMela #Contest #live #RT #ContestAlert @HrishiKay @nikitakulkarni5,,,contest live rt contestalert,25/01/2017 13:24,https://twitter.com/#!/baljeetaa/status/824246672519675904,,,8.24247E+17,8.24217E+17
baljeetaa,contestadventur,Mentions,25/01/2017 13:24,@thexoxoday @ContestAdventur @india4contests @contestmantra @ContestMela #Contest #live #RT #ContestAlert @HrishiKay @nikitakulkarni5,,,contest live rt contestalert,25/01/2017 13:24,https://twitter.com/#!/baljeetaa/status/824246672519675904,,,8.24247E+17,8.24217E+17
baljeetaa,thexoxoday,Replies to,25/01/2017 13:24,@thexoxoday @ContestAdventur @india4contests @contestmantra @ContestMela #Contest #live #RT #ContestAlert @HrishiKay @nikitakulkarni5,,,contest live rt contestalert,25/01/2017 13:24,https://twitter.com/#!/baljeetaa/status/824246672519675904,,,8.24247E+17,8.24217E+17
baljeetaa,contestmela,Mentions,25/01/2017 13:25,@thexoxoday @ContestAdventur @india4contests @contestmantra @ContestMela #Contest #live #RT #ContestAlert I am so Excited @pinkvilla,,,contest live rt contestalert,25/01/2017 13:25,https://twitter.com/#!/baljeetaa/status/824246854397272066,,,8.24247E+17,8.24217E+17
baljeetaa,contestmantra,Mentions,25/01/2017 13:25,@thexoxoday @ContestAdventur @india4contests @contestmantra @ContestMela #Contest #live #RT #ContestAlert I am so Excited @pinkvilla,,,contest live rt contestalert,25/01/2017 13:25,https://twitter.com/#!/baljeetaa/status/824246854397272066,,,8.24247E+17,8.24217E+17
baljeetaa,india4contests,Mentions,25/01/2017 13:25,@thexoxoday @ContestAdventur @india4contests @contestmantra @ContestMela #Contest #live #RT #ContestAlert I am so Excited @pinkvilla,,,contest live rt contestalert,25/01/2017 13:25,https://twitter.com/#!/baljeetaa/status/824246854397272066,,,8.24247E+17,8.24217E+17
baljeetaa,contestadventur,Mentions,25/01/2017 13:25,@thexoxoday @ContestAdventur @india4contests @contestmantra @ContestMela #Contest #live #RT #ContestAlert I am so Excited @pinkvilla,,,contest live rt contestalert,25/01/2017 13:25,https://twitter.com/#!/baljeetaa/status/824246854397272066,,,8.24247E+17,8.24217E+17
baljeetaa,thexoxoday,Replies to,25/01/2017 13:25,@thexoxoday @ContestAdventur @india4contests @contestmantra @ContestMela #Contest #live #RT #ContestAlert I am so Excited @pinkvilla,,,contest live rt contestalert,25/01/2017 13:25,https://twitter.com/#!/baljeetaa/status/824246854397272066,,,8.24247E+17,8.24217E+17
baljeetaa,contestmela,Mentions,25/01/2017 13:26,@thexoxoday @ContestAdventur @india4contests @contestmantra @ContestMela #Contest #live #RT #ContestAlert I am so so Super Excited,,,contest live rt contestalert,25/01/2017 13:26,https://twitter.com/#!/baljeetaa/status/824247011834613760,,,8.24247E+17,8.24217E+17
baljeetaa,contestmantra,Mentions,25/01/2017 13:26,@thexoxoday @ContestAdventur @india4contests @contestmantra @ContestMela #Contest #live #RT #ContestAlert I am so so Super Excited,,,contest live rt contestalert,25/01/2017 13:26,https://twitter.com/#!/baljeetaa/status/824247011834613760,,,8.24247E+17,8.24217E+17
baljeetaa,india4contests,Mentions,25/01/2017 13:26,@thexoxoday @ContestAdventur @india4contests @contestmantra @ContestMela #Contest #live #RT #ContestAlert I am so so Super Excited,,,contest live rt contestalert,25/01/2017 13:26,https://twitter.com/#!/baljeetaa/status/824247011834613760,,,8.24247E+17,8.24217E+17
baljeetaa,contestadventur,Mentions,25/01/2017 13:26,@thexoxoday @ContestAdventur @india4contests @contestmantra @ContestMela #Contest #live #RT #ContestAlert I am so so Super Excited,,,contest live rt contestalert,25/01/2017 13:26,https://twitter.com/#!/baljeetaa/status/824247011834613760,,,8.24247E+17,8.24217E+17
baljeetaa,thexoxoday,Replies to,25/01/2017 13:26,@thexoxoday @ContestAdventur @india4contests @contestmantra @ContestMela #Contest #live #RT #ContestAlert I am so so Super Excited,,,contest live rt contestalert,25/01/2017 13:26,https://twitter.com/#!/baljeetaa/status/824247011834613760,,,8.24247E+17,8.24217E+17
prateekamor,thexoxoday,Mentions,25/01/2017 13:55,RT @thexoxoday: Keep participating in our #contest to win an Audi Q3 ride and a lavish dinner for two at the Taj Mahal Palace! #ContestAler…,,,contest,25/01/2017 13:55,https://twitter.com/#!/prateekamor/status/824254487875452928,,,8.24254E+17,
mukeshksin,nachiketanimesh,Mentions,25/01/2017 13:58,"@thexoxoday 
join in 
@PinkyDholakia 
@pilani 
@AnitaYa05853817 
@anahitairani1 
@nachiketanimesh",,,,25/01/2017 13:58,https://twitter.com/#!/mukeshksin/status/824255221601890305,,,8.24255E+17,8.24217E+17
anitaya05853817,thexoxoday,Mentions,25/01/2017 13:01,RT @thexoxoday: We are #live with our #contest! Follow to participate. All you have to do is #RT and tag 5 of your friends to win! https://…,,,live contest rt,25/01/2017 13:01,https://twitter.com/#!/anitaya05853817/status/824240776381140992,,,8.24241E+17,
anitaya05853817,ramyavellanki,Mentions,25/01/2017 13:03,"@thexoxoday Join in #XoXoDay 
@santoshhh000 
@SillaSaman 
@MukeshKSin 
@adrsh11 
 @ramyavellanki",,,xoxoday,25/01/2017 13:03,https://twitter.com/#!/anitaya05853817/status/824241171123830784,,,8.24241E+17,8.24217E+17
anitaya05853817,mukeshksin,Mentions,25/01/2017 13:03,"@thexoxoday Join in #XoXoDay 
@santoshhh000 
@SillaSaman 
@MukeshKSin 
@adrsh11 
 @ramyavellanki",,,xoxoday,25/01/2017 13:03,https://twitter.com/#!/anitaya05853817/status/824241171123830784,,,8.24241E+17,8.24217E+17
anitaya05853817,thexoxoday,Replies to,25/01/2017 13:03,"@thexoxoday Join in #XoXoDay 
@santoshhh000 
@SillaSaman 
@MukeshKSin 
@adrsh11 
 @ramyavellanki",,,xoxoday,25/01/2017 13:03,https://twitter.com/#!/anitaya05853817/status/824241171123830784,,,8.24241E+17,8.24217E+17
mukeshksin,anitaya05853817,Mentions,25/01/2017 13:58,"@thexoxoday 
join in 
@PinkyDholakia 
@pilani 
@AnitaYa05853817 
@anahitairani1 
@nachiketanimesh",,,,25/01/2017 13:58,https://twitter.com/#!/mukeshksin/status/824255221601890305,,,8.24255E+17,8.24217E+17
mukeshksin,pilani,Mentions,25/01/2017 13:58,"@thexoxoday 
join in 
@PinkyDholakia 
@pilani 
@AnitaYa05853817 
@anahitairani1 
@nachiketanimesh",,,,25/01/2017 13:58,https://twitter.com/#!/mukeshksin/status/824255221601890305,,,8.24255E+17,8.24217E+17
mukeshksin,thexoxoday,Mentions,25/01/2017 13:57,RT @thexoxoday: Our #Contest is #live! #RT and tag 5 of your friends to win this dream ride on an Audi R8 and a Dinner at Taj Mahal Palace!…,,,contest live rt,25/01/2017 13:57,https://twitter.com/#!/mukeshksin/status/824254750153736192,,,8.24255E+17,
mukeshksin,anahitairani1,Mentions,25/01/2017 13:58,"@thexoxoday 
join in 
@PinkyDholakia 
@pilani 
@AnitaYa05853817 
@anahitairani1 
@nachiketanimesh",,,,25/01/2017 13:58,https://twitter.com/#!/mukeshksin/status/824255221601890305,,,8.24255E+17,8.24217E+17
mukeshksin,pinkydholakia,Mentions,25/01/2017 13:58,"@thexoxoday 
join in 
@PinkyDholakia 
@pilani 
@AnitaYa05853817 
@anahitairani1 
@nachiketanimesh",,,,25/01/2017 13:58,https://twitter.com/#!/mukeshksin/status/824255221601890305,,,8.24255E+17,8.24217E+17
mukeshksin,thexoxoday,Replies to,25/01/2017 13:58,"@thexoxoday 
join in 
@PinkyDholakia 
@pilani 
@AnitaYa05853817 
@anahitairani1 
@nachiketanimesh",,,,25/01/2017 13:58,https://twitter.com/#!/mukeshksin/status/824255221601890305,,,8.24255E+17,8.24217E+17
auk_sanejourno,deereamgurl,Mentions,25/01/2017 11:26,@thexoxoday @92921ec375d74f6 @rohit_se @HarshalSaxena @DayaDarwazaTodo @DeereamGurl,,,,25/01/2017 11:26,https://twitter.com/#!/auk_sanejourno/status/824216971000561664,,,8.24217E+17,8.24217E+17
auk_sanejourno,dayadarwazatodo,Mentions,25/01/2017 11:26,@thexoxoday @92921ec375d74f6 @rohit_se @HarshalSaxena @DayaDarwazaTodo @DeereamGurl,,,,25/01/2017 11:26,https://twitter.com/#!/auk_sanejourno/status/824216971000561664,,,8.24217E+17,8.24217E+17
auk_sanejourno,harshalsaxena,Mentions,25/01/2017 11:26,@thexoxoday @92921ec375d74f6 @rohit_se @HarshalSaxena @DayaDarwazaTodo @DeereamGurl,,,,25/01/2017 11:26,https://twitter.com/#!/auk_sanejourno/status/824216971000561664,,,8.24217E+17,8.24217E+17
rohit_se,thexoxoday,Replies to,25/01/2017 11:34,@thexoxoday @mish_atul @GarimaGupt15 @rahuljindal85 @BorateManish @VikramAgnihotri,,,,25/01/2017 11:34,https://twitter.com/#!/rohit_se/status/824218773125287936,,,8.24219E+17,8.24217E+17
rohit_se,thexoxoday,Replies to,25/01/2017 11:50,@thexoxoday @mish_atul @sunilmandhan @GarimaGupt15 @manmohan2205 @BorateManish,,,,25/01/2017 11:50,https://twitter.com/#!/rohit_se/status/824222832083238912,,,8.24223E+17,8.24221E+17
rohit_se,dewcool2,Mentions,25/01/2017 11:50,RT @thexoxoday: Our #Contest is now live! #RT and tag 5 of your friends to #win an Audi R8 ride and dinner at Taj! #ContestAlert @dewcool2…,,,contest rt win contestalert,25/01/2017 11:50,https://twitter.com/#!/rohit_se/status/824222857836326913,,,8.24223E+17,
rohit_se,thexoxoday,Mentions,25/01/2017 11:50,RT @thexoxoday: Our #Contest is now live! #RT and tag 5 of your friends to #win an Audi R8 ride and dinner at Taj! #ContestAlert @dewcool2…,,,contest rt win contestalert,25/01/2017 11:50,https://twitter.com/#!/rohit_se/status/824222857836326913,,,8.24223E+17,
auk_sanejourno,rohit_se,Mentions,25/01/2017 11:26,@thexoxoday @92921ec375d74f6 @rohit_se @HarshalSaxena @DayaDarwazaTodo @DeereamGurl,,,,25/01/2017 11:26,https://twitter.com/#!/auk_sanejourno/status/824216971000561664,,,8.24217E+17,8.24217E+17
auk_sanejourno,92921ec375d74f6,Mentions,25/01/2017 11:26,@thexoxoday @92921ec375d74f6 @rohit_se @HarshalSaxena @DayaDarwazaTodo @DeereamGurl,,,,25/01/2017 11:26,https://twitter.com/#!/auk_sanejourno/status/824216971000561664,,,8.24217E+17,8.24217E+17
auk_sanejourno,thexoxoday,Mentions,25/01/2017 11:25,RT @thexoxoday: Our #Contest is #live! #RT and tag 5 of your friends to win this dream ride on an Audi R8 and a Dinner at Taj Mahal Palace!…,,,contest live rt,25/01/2017 11:25,https://twitter.com/#!/auk_sanejourno/status/824216706532909062,,,8.24217E+17,
auk_sanejourno,thexoxoday,Replies to,25/01/2017 11:26,@thexoxoday @92921ec375d74f6 @rohit_se @HarshalSaxena @DayaDarwazaTodo @DeereamGurl,,,,25/01/2017 11:26,https://twitter.com/#!/auk_sanejourno/status/824216971000561664,,,8.24217E+17,8.24217E+17
auk_sanejourno,thexoxoday,Replies to,25/01/2017 13:59,"@thexoxoday I would like to have a candle-light dinner with my husband Uday (not on Twitter) 😍❤😉
Fine dining and great ambience!",,,,25/01/2017 13:59,https://twitter.com/#!/auk_sanejourno/status/824255386219905025,,,8.24255E+17,8.24254E+17
auk_sanejourno,thexoxoday,Mentions,25/01/2017 14:07,RT @thexoxoday: Our contest is #LIVE! Follow us to #participate and #RT and tag 5 of your friends to #win! #ContestAlert #Contest https://t…,,,live participate rt win contestalert contest,25/01/2017 14:07,https://twitter.com/#!/auk_sanejourno/status/824257348969631744,,,8.24257E+17,
msueberg,thexoxoday,Mentions,25/01/2017 11:30,RT @contestmantra: RT:@thexoxoday Our #Contest is #live! #RT and tag 5 of your friends to win this dream ride on an Audi R8 and a Dinner at…,,,contest live rt,25/01/2017 11:30,https://twitter.com/#!/msueberg/status/824217890702368768,,,8.24218E+17,
msueberg,contestmantra,Mentions,25/01/2017 11:30,RT @contestmantra: RT:@thexoxoday Our #Contest is #live! #RT and tag 5 of your friends to win this dream ride on an Audi R8 and a Dinner at…,,,contest live rt,25/01/2017 11:30,https://twitter.com/#!/msueberg/status/824217890702368768,,,8.24218E+17,
msueberg,thexoxoday,Mentions,25/01/2017 11:31,RT @thexoxoday: Our #Contest is #live! #RT and tag 5 of your friends to win this dream ride on an Audi R8 and a Dinner at Taj Mahal Palace!…,,,contest live rt,25/01/2017 11:31,https://twitter.com/#!/msueberg/status/824218128573927425,,,8.24218E+17,
msueberg,dewcool2,Mentions,25/01/2017 11:42,RT @thexoxoday: Our #Contest is now live! #RT and tag 5 of your friends to #win an Audi R8 ride and dinner at Taj! #ContestAlert @dewcool2…,,,contest rt win contestalert,25/01/2017 11:42,https://twitter.com/#!/msueberg/status/824220971926175744,,,8.24221E+17,
msueberg,thexoxoday,Mentions,25/01/2017 11:42,RT @thexoxoday: Our #Contest is now live! #RT and tag 5 of your friends to #win an Audi R8 ride and dinner at Taj! #ContestAlert @dewcool2…,,,contest rt win contestalert,25/01/2017 11:42,https://twitter.com/#!/msueberg/status/824220971926175744,,,8.24221E+17,
msueberg,thexoxoday,Mentions,25/01/2017 12:29,RT @thexoxoday: A shoutout to everyone who wants to #Participate! Our #contest is now live! Follow us to participate. #RT and tag 5 of your…,,,participate contest rt,25/01/2017 12:29,https://twitter.com/#!/msueberg/status/824232753642270724,,,8.24233E+17,
msueberg,thexoxoday,Mentions,25/01/2017 14:08,RT @thexoxoday: Our contest is #LIVE! Follow us to #participate and #RT and tag 5 of your friends to #win! #ContestAlert #Contest https://t…,,,live participate rt win contestalert contest,25/01/2017 14:08,https://twitter.com/#!/msueberg/status/824257677211697155,,,8.24258E+17,
srirajee1,neetashankar,Mentions,25/01/2017 14:11,@thexoxoday #Contest Join in @ns_verma @nishureply @nitikarani1989 @Jhalli_lily @Kapoor007Sumita @prerna2202 @charmieeeeeee @neetashankar,,,contest,25/01/2017 14:11,https://twitter.com/#!/srirajee1/status/824258393397305345,,,8.24258E+17,8.24217E+17
srirajee1,charmieeeeeee,Mentions,25/01/2017 14:11,@thexoxoday #Contest Join in @ns_verma @nishureply @nitikarani1989 @Jhalli_lily @Kapoor007Sumita @prerna2202 @charmieeeeeee @neetashankar,,,contest,25/01/2017 14:11,https://twitter.com/#!/srirajee1/status/824258393397305345,,,8.24258E+17,8.24217E+17
srirajee1,prerna2202,Mentions,25/01/2017 14:11,@thexoxoday #Contest Join in @ns_verma @nishureply @nitikarani1989 @Jhalli_lily @Kapoor007Sumita @prerna2202 @charmieeeeeee @neetashankar,,,contest,25/01/2017 14:11,https://twitter.com/#!/srirajee1/status/824258393397305345,,,8.24258E+17,8.24217E+17
srirajee1,kapoor007sumita,Mentions,25/01/2017 14:11,@thexoxoday #Contest Join in @ns_verma @nishureply @nitikarani1989 @Jhalli_lily @Kapoor007Sumita @prerna2202 @charmieeeeeee @neetashankar,,,contest,25/01/2017 14:11,https://twitter.com/#!/srirajee1/status/824258393397305345,,,8.24258E+17,8.24217E+17
srirajee1,jhalli_lily,Mentions,25/01/2017 14:11,@thexoxoday #Contest Join in @ns_verma @nishureply @nitikarani1989 @Jhalli_lily @Kapoor007Sumita @prerna2202 @charmieeeeeee @neetashankar,,,contest,25/01/2017 14:11,https://twitter.com/#!/srirajee1/status/824258393397305345,,,8.24258E+17,8.24217E+17
srirajee1,nitikarani1989,Mentions,25/01/2017 14:11,@thexoxoday #Contest Join in @ns_verma @nishureply @nitikarani1989 @Jhalli_lily @Kapoor007Sumita @prerna2202 @charmieeeeeee @neetashankar,,,contest,25/01/2017 14:11,https://twitter.com/#!/srirajee1/status/824258393397305345,,,8.24258E+17,8.24217E+17
srirajee1,nishureply,Mentions,25/01/2017 14:11,@thexoxoday #Contest Join in @ns_verma @nishureply @nitikarani1989 @Jhalli_lily @Kapoor007Sumita @prerna2202 @charmieeeeeee @neetashankar,,,contest,25/01/2017 14:11,https://twitter.com/#!/srirajee1/status/824258393397305345,,,8.24258E+17,8.24217E+17
srirajee1,thexoxoday,Mentions,25/01/2017 14:02,RT @thexoxoday: Our #Contest is #live! #RT and tag 5 of your friends to win this dream ride on an Audi R8 and a Dinner at Taj Mahal Palace!…,,,contest live rt,25/01/2017 14:02,https://twitter.com/#!/srirajee1/status/824256011368140802,,,8.24256E+17,
srirajee1,ns_verma,Mentions,25/01/2017 14:11,@thexoxoday #Contest Join in @ns_verma @nishureply @nitikarani1989 @Jhalli_lily @Kapoor007Sumita @prerna2202 @charmieeeeeee @neetashankar,,,contest,25/01/2017 14:11,https://twitter.com/#!/srirajee1/status/824258393397305345,,,8.24258E+17,8.24217E+17
srirajee1,thexoxoday,Replies to,25/01/2017 14:11,@thexoxoday #Contest Join in @ns_verma @nishureply @nitikarani1989 @Jhalli_lily @Kapoor007Sumita @prerna2202 @charmieeeeeee @neetashankar,,,contest,25/01/2017 14:11,https://twitter.com/#!/srirajee1/status/824258393397305345,,,8.24258E+17,8.24217E+17
srirajee1,dewcool2,Mentions,25/01/2017 14:12,RT @thexoxoday: Our #Contest is now live! #RT and tag 5 of your friends to #win an Audi R8 ride and dinner at Taj! #ContestAlert @dewcool2…,,,contest rt win contestalert,25/01/2017 14:12,https://twitter.com/#!/srirajee1/status/824258665209180160,,,8.24259E+17,
srirajee1,thexoxoday,Mentions,25/01/2017 14:12,RT @thexoxoday: Our #Contest is now live! #RT and tag 5 of your friends to #win an Audi R8 ride and dinner at Taj! #ContestAlert @dewcool2…,,,contest rt win contestalert,25/01/2017 14:12,https://twitter.com/#!/srirajee1/status/824258665209180160,,,8.24259E+17,
kumar623123,chulbullychidya,Mentions,25/01/2017 14:16,"@thexoxoday 
JoiN BuDdiEz 
@aadiivaasii 
@BabuBeg 
@ns_verma 
@PinkyDholakia 
@chulbullychidya",,,,25/01/2017 14:16,https://twitter.com/#!/kumar623123/status/824259716478074880,,,8.2426E+17,8.24217E+17
kumar623123,pinkydholakia,Mentions,25/01/2017 14:16,"@thexoxoday 
JoiN BuDdiEz 
@aadiivaasii 
@BabuBeg 
@ns_verma 
@PinkyDholakia 
@chulbullychidya",,,,25/01/2017 14:16,https://twitter.com/#!/kumar623123/status/824259716478074880,,,8.2426E+17,8.24217E+17
kumar623123,ns_verma,Mentions,25/01/2017 14:16,"@thexoxoday 
JoiN BuDdiEz 
@aadiivaasii 
@BabuBeg 
@ns_verma 
@PinkyDholakia 
@chulbullychidya",,,,25/01/2017 14:16,https://twitter.com/#!/kumar623123/status/824259716478074880,,,8.2426E+17,8.24217E+17
kumar623123,babubeg,Mentions,25/01/2017 14:16,"@thexoxoday 
JoiN BuDdiEz 
@aadiivaasii 
@BabuBeg 
@ns_verma 
@PinkyDholakia 
@chulbullychidya",,,,25/01/2017 14:16,https://twitter.com/#!/kumar623123/status/824259716478074880,,,8.2426E+17,8.24217E+17
kumar623123,aadiivaasii,Mentions,25/01/2017 14:16,"@thexoxoday 
JoiN BuDdiEz 
@aadiivaasii 
@BabuBeg 
@ns_verma 
@PinkyDholakia 
@chulbullychidya",,,,25/01/2017 14:16,https://twitter.com/#!/kumar623123/status/824259716478074880,,,8.2426E+17,8.24217E+17
kumar623123,thexoxoday,Replies to,25/01/2017 14:16,"@thexoxoday 
JoiN BuDdiEz 
@aadiivaasii 
@BabuBeg 
@ns_verma 
@PinkyDholakia 
@chulbullychidya",,,,25/01/2017 14:16,https://twitter.com/#!/kumar623123/status/824259716478074880,,,8.2426E+17,8.24217E+17
kumar623123,thexoxoday,Mentions,25/01/2017 14:16,RT @thexoxoday: Our #Contest is #live! #RT and tag 5 of your friends to win this dream ride on an Audi R8 and a Dinner at Taj Mahal Palace!…,,,contest live rt,25/01/2017 14:16,https://twitter.com/#!/kumar623123/status/824259747218124800,,,8.2426E+17,
mgossipqueen,raulnair86,Mentions,25/01/2017 14:21,"@thexoxoday @raulnair86 with his bday just gone by this would a great belated bday gift 
#Contest #live! #RT #ContestAlert",,,contest live rt contestalert,25/01/2017 14:21,https://twitter.com/#!/mgossipqueen/status/824260942376538112,,,8.24261E+17,8.24217E+17
mgossipqueen,kritika_goyal,Mentions,25/01/2017 14:24,"@thexoxoday @Soumya_simi @gunjan4ever @Achari_Nimboo @Chidiyagiri @palkan10 @kritika_goyal  
Do check this out",,,,25/01/2017 14:24,https://twitter.com/#!/mgossipqueen/status/824261561371873280,,,8.24262E+17,8.24217E+17
nicholeporter16,thexoxoday,Mentions,25/01/2017 14:35,RT @thexoxoday: Our contest is #LIVE! Follow us to #participate and #RT and tag 5 of your friends to #win! #ContestAlert #Contest https://t…,,,live participate rt win contestalert contest,25/01/2017 14:35,https://twitter.com/#!/nicholeporter16/status/824264412504686592,,,8.24264E+17,
estellanewman24,thexoxoday,Mentions,25/01/2017 14:35,RT @thexoxoday: Our contest is #LIVE! Follow us to #participate and #RT and tag 5 of your friends to #win! #ContestAlert #Contest https://t…,,,live participate rt win contestalert contest,25/01/2017 14:35,https://twitter.com/#!/estellanewman24/status/824264425133707264,,,8.24264E+17,
dannylarson6,thexoxoday,Mentions,25/01/2017 14:35,RT @thexoxoday: Our contest is #LIVE! Follow us to #participate and #RT and tag 5 of your friends to #win! #ContestAlert #Contest https://t…,,,live participate rt win contestalert contest,25/01/2017 14:35,https://twitter.com/#!/dannylarson6/status/824264439411183620,,,8.24264E+17,
marina25750052,thexoxoday,Mentions,25/01/2017 14:35,RT @thexoxoday: Our contest is #LIVE! Follow us to #participate and #RT and tag 5 of your friends to #win! #ContestAlert #Contest https://t…,,,live participate rt win contestalert contest,25/01/2017 14:35,https://twitter.com/#!/marina25750052/status/824264451230552064,,,8.24264E+17,
achari_nimboo,mepurplelicious,Mentions,25/01/2017 14:41,@thexoxoday @DanceEatRepeat @Draamini @indiantweeter @indiantweeter @MePurplelicious // @india4contests @contestmantra @ContestMela,,,,25/01/2017 14:41,https://twitter.com/#!/achari_nimboo/status/824265914405322752,,,8.24266E+17,8.24217E+17
achari_nimboo,indiantweeter,Mentions,25/01/2017 14:41,@thexoxoday @DanceEatRepeat @Draamini @indiantweeter @indiantweeter @MePurplelicious // @india4contests @contestmantra @ContestMela,,,,25/01/2017 14:41,https://twitter.com/#!/achari_nimboo/status/824265914405322752,,,8.24266E+17,8.24217E+17
achari_nimboo,draamini,Mentions,25/01/2017 14:41,@thexoxoday @DanceEatRepeat @Draamini @indiantweeter @indiantweeter @MePurplelicious // @india4contests @contestmantra @ContestMela,,,,25/01/2017 14:41,https://twitter.com/#!/achari_nimboo/status/824265914405322752,,,8.24266E+17,8.24217E+17
vikashkumarvk51,thexoxoday,Mentions,25/01/2017 14:44,RT @thexoxoday: A shoutout to everyone who wants to #Participate! Our #contest is now live! Follow us to participate. #RT and tag 5 of your…,,,participate contest rt,25/01/2017 14:44,https://twitter.com/#!/vikashkumarvk51/status/824266667085729799,,,8.24267E+17,
rockstar_born,the_lost_boy96,Mentions,25/01/2017 13:34,@thexoxoday I would like to take my friend @the_lost_boy96 to this grand place :) #ContestAlert,,,contestalert,25/01/2017 13:34,https://twitter.com/#!/rockstar_born/status/824248992305442816,,,8.24249E+17,
rockstar_born,the_lost_boy96,Mentions,25/01/2017 13:34,@thexoxoday I would like to take my friend @the_lost_boy96 to this grand place :) #ContestAlert,,,contestalert,25/01/2017 13:34,https://twitter.com/#!/rockstar_born/status/824249204763742208,,,8.24249E+17,8.24217E+17
rockstar_born,the_lost_boy96,Mentions,25/01/2017 13:36,@thexoxoday I would like to go for dinner with my friend @the_lost_boy96 😊because we are foodie &amp; love to explore places together!,,,,25/01/2017 13:36,https://twitter.com/#!/rockstar_born/status/824249535182630912,,,8.2425E+17,
rockstar_born,thexoxoday,Mentions,25/01/2017 13:33,RT @thexoxoday: A shoutout to everyone who wants to #Participate! Our #contest is now live! Follow us to participate. #RT and tag 5 of your…,,,participate contest rt,25/01/2017 13:33,https://twitter.com/#!/rockstar_born/status/824248789573783553,,,8.24249E+17,
rockstar_born,dewcool2,Mentions,25/01/2017 13:33,RT @thexoxoday: Our #Contest is now live! #RT and tag 5 of your friends to #win an Audi R8 ride and dinner at Taj! #ContestAlert @dewcool2…,,,contest rt win contestalert,25/01/2017 13:33,https://twitter.com/#!/rockstar_born/status/824248812575326208,,,8.24249E+17,
rockstar_born,thexoxoday,Mentions,25/01/2017 13:33,RT @thexoxoday: Our #Contest is now live! #RT and tag 5 of your friends to #win an Audi R8 ride and dinner at Taj! #ContestAlert @dewcool2…,,,contest rt win contestalert,25/01/2017 13:33,https://twitter.com/#!/rockstar_born/status/824248812575326208,,,8.24249E+17,
rockstar_born,thexoxoday,Mentions,25/01/2017 13:33,RT @thexoxoday: We are #live with our #contest! Follow to participate. All you have to do is #RT and tag 5 of your friends to win! https://…,,,live contest rt,25/01/2017 13:33,https://twitter.com/#!/rockstar_born/status/824248822561984513,,,8.24249E+17,
rockstar_born,thexoxoday,Mentions,25/01/2017 13:33,"RT @thexoxoday: #ContestAlert Remember, Follow Us to Participate! #contest #contestindia #ContestofChampions https://t.co/yD5kFC1kES",,,contestalert contest contestindia contestofchampions,25/01/2017 13:33,https://twitter.com/#!/rockstar_born/status/824248829499363328,,,8.24249E+17,
rockstar_born,broke,Mentions,25/01/2017 13:33,RT @thexoxoday: We have a #contest coming up. Follow us to participate! @IndianContests @Contesttable @iheartcontest @photo_contests @Broke…,,,contest,25/01/2017 13:33,https://twitter.com/#!/rockstar_born/status/824248837942415361,,,8.24249E+17,
rockstar_born,photo_contests,Mentions,25/01/2017 13:33,RT @thexoxoday: We have a #contest coming up. Follow us to participate! @IndianContests @Contesttable @iheartcontest @photo_contests @Broke…,,,contest,25/01/2017 13:33,https://twitter.com/#!/rockstar_born/status/824248837942415361,,,8.24249E+17,
rockstar_born,iheartcontest,Mentions,25/01/2017 13:33,RT @thexoxoday: We have a #contest coming up. Follow us to participate! @IndianContests @Contesttable @iheartcontest @photo_contests @Broke…,,,contest,25/01/2017 13:33,https://twitter.com/#!/rockstar_born/status/824248837942415361,,,8.24249E+17,
rockstar_born,contesttable,Mentions,25/01/2017 13:33,RT @thexoxoday: We have a #contest coming up. Follow us to participate! @IndianContests @Contesttable @iheartcontest @photo_contests @Broke…,,,contest,25/01/2017 13:33,https://twitter.com/#!/rockstar_born/status/824248837942415361,,,8.24249E+17,
rockstar_born,thexoxoday,Mentions,25/01/2017 13:33,RT @thexoxoday: We have a #contest coming up. Follow us to participate! @IndianContests @Contesttable @iheartcontest @photo_contests @Broke…,,,contest,25/01/2017 13:33,https://twitter.com/#!/rockstar_born/status/824248837942415361,,,8.24249E+17,
rockstar_born,ruchirasalvi2,Mentions,25/01/2017 13:33,"RT @thexoxoday: We have a contest coming up, you guys! Follow us to participate. @plum_paradise @mala_24amrish @ruchirasalvi2 @Acharyaempir…",,,,25/01/2017 13:33,https://twitter.com/#!/rockstar_born/status/824248847731978240,,,8.24249E+17,
rockstar_born,mala_24amrish,Mentions,25/01/2017 13:33,"RT @thexoxoday: We have a contest coming up, you guys! Follow us to participate. @plum_paradise @mala_24amrish @ruchirasalvi2 @Acharyaempir…",,,,25/01/2017 13:33,https://twitter.com/#!/rockstar_born/status/824248847731978240,,,8.24249E+17,
rockstar_born,plum_paradise,Mentions,25/01/2017 13:33,"RT @thexoxoday: We have a contest coming up, you guys! Follow us to participate. @plum_paradise @mala_24amrish @ruchirasalvi2 @Acharyaempir…",,,,25/01/2017 13:33,https://twitter.com/#!/rockstar_born/status/824248847731978240,,,8.24249E+17,
rockstar_born,thexoxoday,Mentions,25/01/2017 13:33,"RT @thexoxoday: We have a contest coming up, you guys! Follow us to participate. @plum_paradise @mala_24amrish @ruchirasalvi2 @Acharyaempir…",,,,25/01/2017 13:33,https://twitter.com/#!/rockstar_born/status/824248847731978240,,,8.24249E+17,
rockstar_born,thexoxoday,Replies to,25/01/2017 13:34,@thexoxoday I would like to take my friend @the_lost_boy96 to this grand place :) #ContestAlert,,,contestalert,25/01/2017 13:34,https://twitter.com/#!/rockstar_born/status/824248992305442816,,,8.24249E+17,
rockstar_born,thexoxoday,Replies to,25/01/2017 13:34,@thexoxoday I would like to take my friend @the_lost_boy96 to this grand place :) #ContestAlert,,,contestalert,25/01/2017 13:34,https://twitter.com/#!/rockstar_born/status/824249204763742208,,,8.24249E+17,8.24217E+17
rockstar_born,thexoxoday,Replies to,25/01/2017 13:36,@thexoxoday I would like to go for dinner with my friend @the_lost_boy96 😊because we are foodie &amp; love to explore places together!,,,,25/01/2017 13:36,https://twitter.com/#!/rockstar_born/status/824249535182630912,,,8.2425E+17,
rockstar_born,thexoxoday,Mentions,25/01/2017 13:36,RT @thexoxoday: Our #Contest is #live! #RT and tag 5 of your friends to win this dream ride on an Audi R8 and a Dinner at Taj Mahal Palace!…,,,contest live rt,25/01/2017 13:36,https://twitter.com/#!/rockstar_born/status/824249567319310337,,,8.2425E+17,
rockstar_born,thexoxoday,Mentions,25/01/2017 14:50,RT @thexoxoday: Our contest is #LIVE! Follow us to #participate and #RT and tag 5 of your friends to #win! #ContestAlert #Contest https://t…,,,live participate rt win contestalert contest,25/01/2017 14:50,https://twitter.com/#!/rockstar_born/status/824268121397755905,,,8.24268E+17,
rockstar_born,thexoxoday,Mentions,25/01/2017 14:50,RT @thexoxoday: Keep participating in our #contest to win an Audi Q3 ride and a lavish dinner for two at the Taj Mahal Palace! #ContestAler…,,,contest,25/01/2017 14:50,https://twitter.com/#!/rockstar_born/status/824268130415476736,,,8.24268E+17,
_gym_freak_,thexoxoday,Mentions,25/01/2017 14:50,RT @thexoxoday: Our contest is #LIVE! Follow us to #participate and #RT and tag 5 of your friends to #win! #ContestAlert #Contest https://t…,,,live participate rt win contestalert contest,25/01/2017 14:50,https://twitter.com/#!/_gym_freak_/status/824268303338242050,,,8.24268E+17,
melisa_28morris,thexoxoday,Mentions,25/01/2017 11:58,RT @thexoxoday: We are #live with our #contest! Follow to participate. All you have to do is #RT and tag 5 of your friends to win! https://…,,,live contest rt,25/01/2017 11:58,https://twitter.com/#!/melisa_28morris/status/824224911275257857,,,8.24225E+17,
melisa_28morris,thexoxoday,Mentions,25/01/2017 14:51,RT @thexoxoday: Our contest is #LIVE! Follow us to #participate and #RT and tag 5 of your friends to #win! #ContestAlert #Contest https://t…,,,live participate rt win contestalert contest,25/01/2017 14:51,https://twitter.com/#!/melisa_28morris/status/824268526550740992,,,8.24269E+17,
ericevans__1,thexoxoday,Mentions,25/01/2017 11:58,RT @thexoxoday: We are #live with our #contest! Follow to participate. All you have to do is #RT and tag 5 of your friends to win! https://…,,,live contest rt,25/01/2017 11:58,https://twitter.com/#!/ericevans__1/status/824224940677283840,,,8.24225E+17,
ericevans__1,thexoxoday,Mentions,25/01/2017 14:51,RT @thexoxoday: Our contest is #LIVE! Follow us to #participate and #RT and tag 5 of your friends to #win! #ContestAlert #Contest https://t…,,,live participate rt win contestalert contest,25/01/2017 14:51,https://twitter.com/#!/ericevans__1/status/824268562076344320,,,8.24269E+17,
paul__hill_,thexoxoday,Mentions,25/01/2017 11:58,RT @thexoxoday: We are #live with our #contest! Follow to participate. All you have to do is #RT and tag 5 of your friends to win! https://…,,,live contest rt,25/01/2017 11:58,https://twitter.com/#!/paul__hill_/status/824224893726244864,,,8.24225E+17,
paul__hill_,thexoxoday,Mentions,25/01/2017 14:51,RT @thexoxoday: Our contest is #LIVE! Follow us to #participate and #RT and tag 5 of your friends to #win! #ContestAlert #Contest https://t…,,,live participate rt win contestalert contest,25/01/2017 14:51,https://twitter.com/#!/paul__hill_/status/824268579088367623,,,8.24269E+17,
imbevda,saraf_silky,Mentions,25/01/2017 14:16,"@thexoxoday I would love to join with wife @iamyugandhara 
@nishajg @A2Afreen @Sonalify @capersrouge @saraf_silky",,,,25/01/2017 14:16,https://twitter.com/#!/imbevda/status/824259587427553280,,,8.2426E+17,8.24217E+17
saraf_silky,capersrouge,Mentions,25/01/2017 14:16,"RT @imbevda: @thexoxoday I would love to join with wife @iamyugandhara 
@nishajg @A2Afreen @Sonalify @capersrouge @saraf_silky",,,,25/01/2017 14:16,https://twitter.com/#!/saraf_silky/status/824259625969061889,,,8.2426E+17,
saraf_silky,sonalify,Mentions,25/01/2017 14:16,"RT @imbevda: @thexoxoday I would love to join with wife @iamyugandhara 
@nishajg @A2Afreen @Sonalify @capersrouge @saraf_silky",,,,25/01/2017 14:16,https://twitter.com/#!/saraf_silky/status/824259625969061889,,,8.2426E+17,
saraf_silky,a2afreen,Mentions,25/01/2017 14:16,"RT @imbevda: @thexoxoday I would love to join with wife @iamyugandhara 
@nishajg @A2Afreen @Sonalify @capersrouge @saraf_silky",,,,25/01/2017 14:16,https://twitter.com/#!/saraf_silky/status/824259625969061889,,,8.2426E+17,
saraf_silky,nishajg,Mentions,25/01/2017 14:16,"RT @imbevda: @thexoxoday I would love to join with wife @iamyugandhara 
@nishajg @A2Afreen @Sonalify @capersrouge @saraf_silky",,,,25/01/2017 14:16,https://twitter.com/#!/saraf_silky/status/824259625969061889,,,8.2426E+17,
saraf_silky,iamyugandhara,Mentions,25/01/2017 14:16,"RT @imbevda: @thexoxoday I would love to join with wife @iamyugandhara 
@nishajg @A2Afreen @Sonalify @capersrouge @saraf_silky",,,,25/01/2017 14:16,https://twitter.com/#!/saraf_silky/status/824259625969061889,,,8.2426E+17,
saraf_silky,thexoxoday,Mentions,25/01/2017 14:16,"RT @imbevda: @thexoxoday I would love to join with wife @iamyugandhara 
@nishajg @A2Afreen @Sonalify @capersrouge @saraf_silky",,,,25/01/2017 14:16,https://twitter.com/#!/saraf_silky/status/824259625969061889,,,8.2426E+17,
saraf_silky,imbevda,Mentions,25/01/2017 14:16,"RT @imbevda: @thexoxoday I would love to join with wife @iamyugandhara 
@nishajg @A2Afreen @Sonalify @capersrouge @saraf_silky",,,,25/01/2017 14:16,https://twitter.com/#!/saraf_silky/status/824259625969061889,,,8.2426E+17,
iamyugandhara,saraf_silky,Mentions,25/01/2017 15:09,"RT @imbevda: @thexoxoday I would love to join with wife @iamyugandhara 
@nishajg @A2Afreen @Sonalify @capersrouge @saraf_silky",,,,25/01/2017 15:09,https://twitter.com/#!/iamyugandhara/status/824272941885968384,,,8.24273E+17,
imbevda,capersrouge,Mentions,25/01/2017 13:34,@thexoxoday yaay @nishajg @Sonalify @capersrouge @iamyugandhara @aadiivaasii,,,,25/01/2017 13:34,https://twitter.com/#!/imbevda/status/824249038518173697,,,8.24249E+17,8.24231E+17
imbevda,capersrouge,Mentions,25/01/2017 14:16,"@thexoxoday I would love to join with wife @iamyugandhara 
@nishajg @A2Afreen @Sonalify @capersrouge @saraf_silky",,,,25/01/2017 14:16,https://twitter.com/#!/imbevda/status/824259587427553280,,,8.2426E+17,8.24217E+17
iamyugandhara,capersrouge,Mentions,25/01/2017 15:09,"RT @imbevda: @thexoxoday I would love to join with wife @iamyugandhara 
@nishajg @A2Afreen @Sonalify @capersrouge @saraf_silky",,,,25/01/2017 15:09,https://twitter.com/#!/iamyugandhara/status/824272941885968384,,,8.24273E+17,
imbevda,sonalify,Mentions,25/01/2017 13:34,@thexoxoday yaay @nishajg @Sonalify @capersrouge @iamyugandhara @aadiivaasii,,,,25/01/2017 13:34,https://twitter.com/#!/imbevda/status/824249038518173697,,,8.24249E+17,8.24231E+17
imbevda,sonalify,Mentions,25/01/2017 14:16,"@thexoxoday I would love to join with wife @iamyugandhara 
@nishajg @A2Afreen @Sonalify @capersrouge @saraf_silky",,,,25/01/2017 14:16,https://twitter.com/#!/imbevda/status/824259587427553280,,,8.2426E+17,8.24217E+17
iamyugandhara,sonalify,Mentions,25/01/2017 15:09,"RT @imbevda: @thexoxoday I would love to join with wife @iamyugandhara 
@nishajg @A2Afreen @Sonalify @capersrouge @saraf_silky",,,,25/01/2017 15:09,https://twitter.com/#!/iamyugandhara/status/824272941885968384,,,8.24273E+17,
imbevda,a2afreen,Mentions,25/01/2017 14:16,"@thexoxoday I would love to join with wife @iamyugandhara 
@nishajg @A2Afreen @Sonalify @capersrouge @saraf_silky",,,,25/01/2017 14:16,https://twitter.com/#!/imbevda/status/824259587427553280,,,8.2426E+17,8.24217E+17
iamyugandhara,a2afreen,Mentions,25/01/2017 15:09,"RT @imbevda: @thexoxoday I would love to join with wife @iamyugandhara 
@nishajg @A2Afreen @Sonalify @capersrouge @saraf_silky",,,,25/01/2017 15:09,https://twitter.com/#!/iamyugandhara/status/824272941885968384,,,8.24273E+17,
imbevda,iamyugandhara,Mentions,25/01/2017 13:34,@thexoxoday yaay @nishajg @Sonalify @capersrouge @iamyugandhara @aadiivaasii,,,,25/01/2017 13:34,https://twitter.com/#!/imbevda/status/824249038518173697,,,8.24249E+17,8.24231E+17
imbevda,iamyugandhara,Mentions,25/01/2017 14:16,"@thexoxoday I would love to join with wife @iamyugandhara 
@nishajg @A2Afreen @Sonalify @capersrouge @saraf_silky",,,,25/01/2017 14:16,https://twitter.com/#!/imbevda/status/824259587427553280,,,8.2426E+17,8.24217E+17
iamyugandhara,nishajg,Mentions,25/01/2017 15:09,"RT @imbevda: @thexoxoday I would love to join with wife @iamyugandhara 
@nishajg @A2Afreen @Sonalify @capersrouge @saraf_silky",,,,25/01/2017 15:09,https://twitter.com/#!/iamyugandhara/status/824272941885968384,,,8.24273E+17,
iamyugandhara,thexoxoday,Mentions,25/01/2017 15:09,"RT @imbevda: @thexoxoday I would love to join with wife @iamyugandhara 
@nishajg @A2Afreen @Sonalify @capersrouge @saraf_silky",,,,25/01/2017 15:09,https://twitter.com/#!/iamyugandhara/status/824272941885968384,,,8.24273E+17,
iamyugandhara,imbevda,Mentions,25/01/2017 15:09,"RT @imbevda: @thexoxoday I would love to join with wife @iamyugandhara 
@nishajg @A2Afreen @Sonalify @capersrouge @saraf_silky",,,,25/01/2017 15:09,https://twitter.com/#!/iamyugandhara/status/824272941885968384,,,8.24273E+17,
soni00001,saranlacey,Mentions,25/01/2017 13:09,"@thexoxoday

@bikerkhushi 
@sushmitharao_m 
@NikkiPhillippi 
@Kimbyrleigha 
@saranlacey",,,,25/01/2017 13:09,https://twitter.com/#!/soni00001/status/824242878230581248,,,8.24243E+17,8.24217E+17
soni00001,kimbyrleigha,Mentions,25/01/2017 13:09,"@thexoxoday

@bikerkhushi 
@sushmitharao_m 
@NikkiPhillippi 
@Kimbyrleigha 
@saranlacey",,,,25/01/2017 13:09,https://twitter.com/#!/soni00001/status/824242878230581248,,,8.24243E+17,8.24217E+17
soni00001,nikkiphillippi,Mentions,25/01/2017 13:09,"@thexoxoday

@bikerkhushi 
@sushmitharao_m 
@NikkiPhillippi 
@Kimbyrleigha 
@saranlacey",,,,25/01/2017 13:09,https://twitter.com/#!/soni00001/status/824242878230581248,,,8.24243E+17,8.24217E+17
soni00001,sushmitharao_m,Mentions,25/01/2017 13:09,"@thexoxoday

@bikerkhushi 
@sushmitharao_m 
@NikkiPhillippi 
@Kimbyrleigha 
@saranlacey",,,,25/01/2017 13:09,https://twitter.com/#!/soni00001/status/824242878230581248,,,8.24243E+17,8.24217E+17
soni00001,bikerkhushi,Mentions,25/01/2017 13:09,"@thexoxoday

@bikerkhushi 
@sushmitharao_m 
@NikkiPhillippi 
@Kimbyrleigha 
@saranlacey",,,,25/01/2017 13:09,https://twitter.com/#!/soni00001/status/824242878230581248,,,8.24243E+17,8.24217E+17
binny_kukreja,joyal_patel,Mentions,25/01/2017 14:04,@thexoxoday @pavnisharma17 @joyal_patel @sunitakatyal @PinkyDholakia @fotokiran join in #ContestAlert,,,contestalert,25/01/2017 14:04,https://twitter.com/#!/binny_kukreja/status/824256745954508801,,,8.24257E+17,8.24256E+17
soni00001,joyal_patel,Mentions,25/01/2017 15:10,@thexoxoday @pavnisharma17 @joyal_patel @sunitakatyal @PinkyDholakia @fotokiran join in #ContestAlert,,,contestalert,25/01/2017 15:10,https://twitter.com/#!/soni00001/status/824273155044671488,,,8.24273E+17,8.24256E+17
soni00001,thexoxoday,Replies to,25/01/2017 13:09,"@thexoxoday

@bikerkhushi 
@sushmitharao_m 
@NikkiPhillippi 
@Kimbyrleigha 
@saranlacey",,,,25/01/2017 13:09,https://twitter.com/#!/soni00001/status/824242878230581248,,,8.24243E+17,8.24217E+17
soni00001,thexoxoday,Mentions,25/01/2017 13:09,RT @thexoxoday: Our #Contest is #live! #RT and tag 5 of your friends to win this dream ride on an Audi R8 and a Dinner at Taj Mahal Palace!…,,,contest live rt,25/01/2017 13:09,https://twitter.com/#!/soni00001/status/824242882106134529,,,8.24243E+17,
soni00001,thexoxoday,Mentions,25/01/2017 13:10,RT @thexoxoday: A shoutout to everyone who wants to #Participate! Our #contest is now live! Follow us to participate. #RT and tag 5 of your…,,,participate contest rt,25/01/2017 13:10,https://twitter.com/#!/soni00001/status/824242918302982144,,,8.24243E+17,
soni00001,dewcool2,Mentions,25/01/2017 13:10,RT @thexoxoday: Our #Contest is now live! #RT and tag 5 of your friends to #win an Audi R8 ride and dinner at Taj! #ContestAlert @dewcool2…,,,contest rt win contestalert,25/01/2017 13:10,https://twitter.com/#!/soni00001/status/824242953925246976,,,8.24243E+17,
soni00001,thexoxoday,Mentions,25/01/2017 13:10,RT @thexoxoday: Our #Contest is now live! #RT and tag 5 of your friends to #win an Audi R8 ride and dinner at Taj! #ContestAlert @dewcool2…,,,contest rt win contestalert,25/01/2017 13:10,https://twitter.com/#!/soni00001/status/824242953925246976,,,8.24243E+17,
soni00001,thexoxoday,Mentions,25/01/2017 13:10,RT @thexoxoday: We are #live with our #contest! Follow to participate. All you have to do is #RT and tag 5 of your friends to win! https://…,,,live contest rt,25/01/2017 13:10,https://twitter.com/#!/soni00001/status/824242974296981505,,,8.24243E+17,
soni00001,thexoxoday,Mentions,25/01/2017 15:09,RT @thexoxoday: Our contest is #LIVE! Follow us to #participate and #RT and tag 5 of your friends to #win! #ContestAlert #Contest https://t…,,,live participate rt win contestalert contest,25/01/2017 15:09,https://twitter.com/#!/soni00001/status/824273065735356417,,,8.24273E+17,
soni00001,fotokiran,Mentions,25/01/2017 15:10,@thexoxoday @pavnisharma17 @joyal_patel @sunitakatyal @PinkyDholakia @fotokiran join in #ContestAlert,,,contestalert,25/01/2017 15:10,https://twitter.com/#!/soni00001/status/824273155044671488,,,8.24273E+17,8.24256E+17
soni00001,pinkydholakia,Mentions,25/01/2017 15:10,@thexoxoday @pavnisharma17 @joyal_patel @sunitakatyal @PinkyDholakia @fotokiran join in #ContestAlert,,,contestalert,25/01/2017 15:10,https://twitter.com/#!/soni00001/status/824273155044671488,,,8.24273E+17,8.24256E+17
soni00001,sunitakatyal,Mentions,25/01/2017 15:10,@thexoxoday @pavnisharma17 @joyal_patel @sunitakatyal @PinkyDholakia @fotokiran join in #ContestAlert,,,contestalert,25/01/2017 15:10,https://twitter.com/#!/soni00001/status/824273155044671488,,,8.24273E+17,8.24256E+17
soni00001,pavnisharma17,Mentions,25/01/2017 15:10,@thexoxoday @pavnisharma17 @joyal_patel @sunitakatyal @PinkyDholakia @fotokiran join in #ContestAlert,,,contestalert,25/01/2017 15:10,https://twitter.com/#!/soni00001/status/824273155044671488,,,8.24273E+17,8.24256E+17
soni00001,thexoxoday,Replies to,25/01/2017 15:10,@thexoxoday @pavnisharma17 @joyal_patel @sunitakatyal @PinkyDholakia @fotokiran join in #ContestAlert,,,contestalert,25/01/2017 15:10,https://twitter.com/#!/soni00001/status/824273155044671488,,,8.24273E+17,8.24256E+17
8278jogador8728,thexoxoday,Mentions,25/01/2017 15:10,RT @thexoxoday: Our contest is #LIVE! Follow us to #participate and #RT and tag 5 of your friends to #win! #ContestAlert #Contest https://t…,,,live participate rt win contestalert contest,25/01/2017 15:10,https://twitter.com/#!/8278jogador8728/status/824273176700092416,,,8.24273E+17,
1985luckygal,being_akbar,Mentions,25/01/2017 12:27,"@thexoxoday #win #RT #contest 

Tagging my pure mumbaikar friends -- @shabbir_ard @Being_Akbar @pjptl55 @poojari_shruti @digitalera313",,,win rt contest,25/01/2017 12:27,https://twitter.com/#!/1985luckygal/status/824232128485343232,,,8.24232E+17,8.24217E+17
1985luckygal,shabbir_ard,Mentions,25/01/2017 12:27,"@thexoxoday #win #RT #contest 

Tagging my pure mumbaikar friends -- @shabbir_ard @Being_Akbar @pjptl55 @poojari_shruti @digitalera313",,,win rt contest,25/01/2017 12:27,https://twitter.com/#!/1985luckygal/status/824232128485343232,,,8.24232E+17,8.24217E+17
bharatmaheshw16,k,Mentions,25/01/2017 15:50,"RT @girija_kriz: @thexoxoday Join Here : 

@genver1 
@SayyedJenifer 
@Poojab_14 
@Deepaadhan 
@e_sri_hari 
@Sagar2612 
@BharatMaheshw16 
@k…",,,,25/01/2017 15:50,https://twitter.com/#!/bharatmaheshw16/status/824283280862224386,,,8.24283E+17,
abhirupmaji,thexoxoday,Mentions,25/01/2017 16:00,RT @thexoxoday: Our #Contest is #live! #RT and tag 5 of your friends to win this dream ride on an Audi R8 and a Dinner at Taj Mahal Palace!…,,,contest live rt,25/01/2017 16:00,https://twitter.com/#!/abhirupmaji/status/824285779086036993,,,8.24286E+17,
mgossipqueen,soumya_simi,Mentions,25/01/2017 14:24,"@thexoxoday @Soumya_simi @gunjan4ever @Achari_Nimboo @Chidiyagiri @palkan10 @kritika_goyal  
Do check this out",,,,25/01/2017 14:24,https://twitter.com/#!/mgossipqueen/status/824261561371873280,,,8.24262E+17,8.24217E+17
palkan10,soumya_simi,Mentions,25/01/2017 16:08,@mgossipqueen @thexoxoday @Soumya_simi @gunjan4ever @Achari_Nimboo what,,,,25/01/2017 16:08,https://twitter.com/#!/palkan10/status/824287865563533312,,,8.24288E+17,8.24262E+17
mgossipqueen,palkan10,Mentions,25/01/2017 14:24,"@thexoxoday @Soumya_simi @gunjan4ever @Achari_Nimboo @Chidiyagiri @palkan10 @kritika_goyal  
Do check this out",,,,25/01/2017 14:24,https://twitter.com/#!/mgossipqueen/status/824261561371873280,,,8.24262E+17,8.24217E+17
palkan10,achari_nimboo,Mentions,25/01/2017 16:08,@mgossipqueen @thexoxoday @Soumya_simi @gunjan4ever @Achari_Nimboo what,,,,25/01/2017 16:08,https://twitter.com/#!/palkan10/status/824287865563533312,,,8.24288E+17,8.24262E+17
palkan10,gunjan4ever,Mentions,25/01/2017 16:08,@mgossipqueen @thexoxoday @Soumya_simi @gunjan4ever @Achari_Nimboo what,,,,25/01/2017 16:08,https://twitter.com/#!/palkan10/status/824287865563533312,,,8.24288E+17,8.24262E+17
palkan10,thexoxoday,Mentions,25/01/2017 16:08,@mgossipqueen @thexoxoday @Soumya_simi @gunjan4ever @Achari_Nimboo what,,,,25/01/2017 16:08,https://twitter.com/#!/palkan10/status/824287865563533312,,,8.24288E+17,8.24262E+17
palkan10,mgossipqueen,Replies to,25/01/2017 16:08,@mgossipqueen @thexoxoday @Soumya_simi @gunjan4ever @Achari_Nimboo what,,,,25/01/2017 16:08,https://twitter.com/#!/palkan10/status/824287865563533312,,,8.24288E+17,8.24262E+17
kajol_saxena,ad,Mentions,25/01/2017 15:20,"RT @NehaYagnik: @thexoxoday I want to go for this Grand dinner with my hubby @Dishantyagnik77. 

Tagging @ameeta3 @pjptl55 @kittupari31 @ad…",,,,25/01/2017 15:20,https://twitter.com/#!/kajol_saxena/status/824275836203397121,,,8.24276E+17,
arifnokib122177,ad,Mentions,25/01/2017 16:33,"RT @NehaYagnik: @thexoxoday I want to go for this Grand dinner with my hubby @Dishantyagnik77. 

Tagging @ameeta3 @pjptl55 @kittupari31 @ad…",,,,25/01/2017 16:33,https://twitter.com/#!/arifnokib122177/status/824294100249649152,,,8.24294E+17,
arifnokib122177,broke,Mentions,25/01/2017 16:33,RT @thexoxoday: We have a #contest coming up. Follow us to participate! @IndianContests @Contesttable @iheartcontest @photo_contests @Broke…,,,contest,25/01/2017 16:33,https://twitter.com/#!/arifnokib122177/status/824294062786166785,,,8.24294E+17,
arifnokib122177,photo_contests,Mentions,25/01/2017 16:33,RT @thexoxoday: We have a #contest coming up. Follow us to participate! @IndianContests @Contesttable @iheartcontest @photo_contests @Broke…,,,contest,25/01/2017 16:33,https://twitter.com/#!/arifnokib122177/status/824294062786166785,,,8.24294E+17,
arifnokib122177,iheartcontest,Mentions,25/01/2017 16:33,RT @thexoxoday: We have a #contest coming up. Follow us to participate! @IndianContests @Contesttable @iheartcontest @photo_contests @Broke…,,,contest,25/01/2017 16:33,https://twitter.com/#!/arifnokib122177/status/824294062786166785,,,8.24294E+17,
arifnokib122177,contesttable,Mentions,25/01/2017 16:33,RT @thexoxoday: We have a #contest coming up. Follow us to participate! @IndianContests @Contesttable @iheartcontest @photo_contests @Broke…,,,contest,25/01/2017 16:33,https://twitter.com/#!/arifnokib122177/status/824294062786166785,,,8.24294E+17,
arifnokib122177,thexoxoday,Mentions,25/01/2017 16:33,RT @thexoxoday: We have a #contest coming up. Follow us to participate! @IndianContests @Contesttable @iheartcontest @photo_contests @Broke…,,,contest,25/01/2017 16:33,https://twitter.com/#!/arifnokib122177/status/824294062786166785,,,8.24294E+17,
arifnokib122177,thexoxoday,Mentions,25/01/2017 16:33,"RT @thexoxoday: #ContestAlert Remember, Follow Us to Participate! #contest #contestindia #ContestofChampions https://t.co/yD5kFC1kES",,,contestalert contest contestindia contestofchampions,25/01/2017 16:33,https://twitter.com/#!/arifnokib122177/status/824294091592585216,,,8.24294E+17,
arifnokib122177,kittupari31,Mentions,25/01/2017 16:33,"RT @NehaYagnik: @thexoxoday I want to go for this Grand dinner with my hubby @Dishantyagnik77. 

Tagging @ameeta3 @pjptl55 @kittupari31 @ad…",,,,25/01/2017 16:33,https://twitter.com/#!/arifnokib122177/status/824294100249649152,,,8.24294E+17,
arifnokib122177,pjptl55,Mentions,25/01/2017 16:33,"RT @NehaYagnik: @thexoxoday I want to go for this Grand dinner with my hubby @Dishantyagnik77. 

Tagging @ameeta3 @pjptl55 @kittupari31 @ad…",,,,25/01/2017 16:33,https://twitter.com/#!/arifnokib122177/status/824294100249649152,,,8.24294E+17,
arifnokib122177,ameeta3,Mentions,25/01/2017 16:33,"RT @NehaYagnik: @thexoxoday I want to go for this Grand dinner with my hubby @Dishantyagnik77. 

Tagging @ameeta3 @pjptl55 @kittupari31 @ad…",,,,25/01/2017 16:33,https://twitter.com/#!/arifnokib122177/status/824294100249649152,,,8.24294E+17,
arifnokib122177,dishantyagnik77,Mentions,25/01/2017 16:33,"RT @NehaYagnik: @thexoxoday I want to go for this Grand dinner with my hubby @Dishantyagnik77. 

Tagging @ameeta3 @pjptl55 @kittupari31 @ad…",,,,25/01/2017 16:33,https://twitter.com/#!/arifnokib122177/status/824294100249649152,,,8.24294E+17,
arifnokib122177,thexoxoday,Mentions,25/01/2017 16:33,"RT @NehaYagnik: @thexoxoday I want to go for this Grand dinner with my hubby @Dishantyagnik77. 

Tagging @ameeta3 @pjptl55 @kittupari31 @ad…",,,,25/01/2017 16:33,https://twitter.com/#!/arifnokib122177/status/824294100249649152,,,8.24294E+17,
arifnokib122177,nehayagnik,Mentions,25/01/2017 16:33,"RT @NehaYagnik: @thexoxoday I want to go for this Grand dinner with my hubby @Dishantyagnik77. 

Tagging @ameeta3 @pjptl55 @kittupari31 @ad…",,,,25/01/2017 16:33,https://twitter.com/#!/arifnokib122177/status/824294100249649152,,,8.24294E+17,
mgossipqueen,achari_nimboo,Mentions,25/01/2017 14:24,"@thexoxoday @Soumya_simi @gunjan4ever @Achari_Nimboo @Chidiyagiri @palkan10 @kritika_goyal  
Do check this out",,,,25/01/2017 14:24,https://twitter.com/#!/mgossipqueen/status/824261561371873280,,,8.24262E+17,8.24217E+17
achari_nimboo,contestmela,Mentions,25/01/2017 14:41,@thexoxoday @DanceEatRepeat @Draamini @indiantweeter @indiantweeter @MePurplelicious // @india4contests @contestmantra @ContestMela,,,,25/01/2017 14:41,https://twitter.com/#!/achari_nimboo/status/824265914405322752,,,8.24266E+17,8.24217E+17
achari_nimboo,contestmantra,Mentions,25/01/2017 14:41,@thexoxoday @DanceEatRepeat @Draamini @indiantweeter @indiantweeter @MePurplelicious // @india4contests @contestmantra @ContestMela,,,,25/01/2017 14:41,https://twitter.com/#!/achari_nimboo/status/824265914405322752,,,8.24266E+17,8.24217E+17
achari_nimboo,india4contests,Mentions,25/01/2017 14:41,@thexoxoday @DanceEatRepeat @Draamini @indiantweeter @indiantweeter @MePurplelicious // @india4contests @contestmantra @ContestMela,,,,25/01/2017 14:41,https://twitter.com/#!/achari_nimboo/status/824265914405322752,,,8.24266E+17,8.24217E+17
achari_nimboo,danceeatrepeat,Mentions,25/01/2017 14:41,@thexoxoday @DanceEatRepeat @Draamini @indiantweeter @indiantweeter @MePurplelicious // @india4contests @contestmantra @ContestMela,,,,25/01/2017 14:41,https://twitter.com/#!/achari_nimboo/status/824265914405322752,,,8.24266E+17,8.24217E+17
achari_nimboo,thexoxoday,Replies to,25/01/2017 14:41,@thexoxoday @DanceEatRepeat @Draamini @indiantweeter @indiantweeter @MePurplelicious // @india4contests @contestmantra @ContestMela,,,,25/01/2017 14:41,https://twitter.com/#!/achari_nimboo/status/824265914405322752,,,8.24266E+17,8.24217E+17
danceeatrepeat,achari_nimboo,Mentions,25/01/2017 16:38,@thexoxoday @flirtytango @upsidedakshin @wanderlista @nikhilswad @Achari_Nimboo,,,,25/01/2017 16:38,https://twitter.com/#!/danceeatrepeat/status/824295365193191424,,,8.24295E+17,8.24217E+17
danceeatrepeat,nikhilswad,Mentions,25/01/2017 16:38,@thexoxoday @flirtytango @upsidedakshin @wanderlista @nikhilswad @Achari_Nimboo,,,,25/01/2017 16:38,https://twitter.com/#!/danceeatrepeat/status/824295365193191424,,,8.24295E+17,8.24217E+17
danceeatrepeat,wanderlista,Mentions,25/01/2017 16:38,@thexoxoday @flirtytango @upsidedakshin @wanderlista @nikhilswad @Achari_Nimboo,,,,25/01/2017 16:38,https://twitter.com/#!/danceeatrepeat/status/824295365193191424,,,8.24295E+17,8.24217E+17
danceeatrepeat,upsidedakshin,Mentions,25/01/2017 16:38,@thexoxoday @flirtytango @upsidedakshin @wanderlista @nikhilswad @Achari_Nimboo,,,,25/01/2017 16:38,https://twitter.com/#!/danceeatrepeat/status/824295365193191424,,,8.24295E+17,8.24217E+17
danceeatrepeat,thexoxoday,Mentions,25/01/2017 16:36,RT @thexoxoday: Our #Contest is #live! #RT and tag 5 of your friends to win this dream ride on an Audi R8 and a Dinner at Taj Mahal Palace!…,,,contest live rt,25/01/2017 16:36,https://twitter.com/#!/danceeatrepeat/status/824294949227270144,,,8.24295E+17,
danceeatrepeat,flirtytango,Mentions,25/01/2017 16:38,@thexoxoday @flirtytango @upsidedakshin @wanderlista @nikhilswad @Achari_Nimboo,,,,25/01/2017 16:38,https://twitter.com/#!/danceeatrepeat/status/824295365193191424,,,8.24295E+17,8.24217E+17
danceeatrepeat,thexoxoday,Replies to,25/01/2017 16:38,@thexoxoday @flirtytango @upsidedakshin @wanderlista @nikhilswad @Achari_Nimboo,,,,25/01/2017 16:38,https://twitter.com/#!/danceeatrepeat/status/824295365193191424,,,8.24295E+17,8.24217E+17
flirtytango,thexoxoday,Mentions,25/01/2017 16:44,RT @thexoxoday: Our #Contest is #live! #RT and tag 5 of your friends to win this dream ride on an Audi R8 and a Dinner at Taj Mahal Palace!…,,,contest live rt,25/01/2017 16:44,https://twitter.com/#!/flirtytango/status/824296951340474368,,,8.24297E+17,
panku_,thexoxoday,Mentions,25/01/2017 16:47,RT @thexoxoday: Our #Contest is #live! #RT and tag 5 of your friends to win this dream ride on an Audi R8 and a Dinner at Taj Mahal Palace!…,,,contest live rt,25/01/2017 16:47,https://twitter.com/#!/panku_/status/824297707757932544,,,8.24298E+17,
chatpatidiary,thexoxoday,Mentions,25/01/2017 16:48,RT @thexoxoday: Our #Contest is #live! #RT and tag 5 of your friends to win this dream ride on an Audi R8 and a Dinner at Taj Mahal Palace!…,,,contest live rt,25/01/2017 16:48,https://twitter.com/#!/chatpatidiary/status/824297993109209088,,,8.24298E+17,
kru_tikka,thexoxoday,Mentions,25/01/2017 16:53,RT @thexoxoday: Our #Contest is #live! #RT and tag 5 of your friends to win this dream ride on an Audi R8 and a Dinner at Taj Mahal Palace!…,,,contest live rt,25/01/2017 16:53,https://twitter.com/#!/kru_tikka/status/824299178616422400,,,8.24299E+17,
anahitairani1,nehasolomon,Mentions,25/01/2017 16:54,"@thexoxoday Ooh wow,  better late than never. Joining in and tagging @tofarzeen @Vincivijayan @NehaSolomon @nidc13 @VHetal 
 #ContestAlert",,,contestalert,25/01/2017 16:54,https://twitter.com/#!/anahitairani1/status/824299439443636226,,,8.24299E+17,8.24217E+17
anahitairani1,vincivijayan,Mentions,25/01/2017 16:54,"@thexoxoday Ooh wow,  better late than never. Joining in and tagging @tofarzeen @Vincivijayan @NehaSolomon @nidc13 @VHetal 
 #ContestAlert",,,contestalert,25/01/2017 16:54,https://twitter.com/#!/anahitairani1/status/824299439443636226,,,8.24299E+17,8.24217E+17
purnimananavati,ftloffood,Mentions,25/01/2017 16:54,@suchetajt @thexoxoday AddToTheFleet @FnB_Buzz @foodonomist @BrianCDickinson @BrianForde @jamesolmos @FTLofFood,,,,25/01/2017 16:54,https://twitter.com/#!/purnimananavati/status/824299506477002752,,,8.243E+17,8.24298E+17
purnimananavati,jamesolmos,Mentions,25/01/2017 16:54,@suchetajt @thexoxoday AddToTheFleet @FnB_Buzz @foodonomist @BrianCDickinson @BrianForde @jamesolmos @FTLofFood,,,,25/01/2017 16:54,https://twitter.com/#!/purnimananavati/status/824299506477002752,,,8.243E+17,8.24298E+17
purnimananavati,brianforde,Mentions,25/01/2017 16:54,@suchetajt @thexoxoday AddToTheFleet @FnB_Buzz @foodonomist @BrianCDickinson @BrianForde @jamesolmos @FTLofFood,,,,25/01/2017 16:54,https://twitter.com/#!/purnimananavati/status/824299506477002752,,,8.243E+17,8.24298E+17
purnimananavati,briancdickinson,Mentions,25/01/2017 16:54,@suchetajt @thexoxoday AddToTheFleet @FnB_Buzz @foodonomist @BrianCDickinson @BrianForde @jamesolmos @FTLofFood,,,,25/01/2017 16:54,https://twitter.com/#!/purnimananavati/status/824299506477002752,,,8.243E+17,8.24298E+17
purnimananavati,foodonomist,Mentions,25/01/2017 16:54,@suchetajt @thexoxoday AddToTheFleet @FnB_Buzz @foodonomist @BrianCDickinson @BrianForde @jamesolmos @FTLofFood,,,,25/01/2017 16:54,https://twitter.com/#!/purnimananavati/status/824299506477002752,,,8.243E+17,8.24298E+17
purnimananavati,fnb_buzz,Mentions,25/01/2017 16:54,@suchetajt @thexoxoday AddToTheFleet @FnB_Buzz @foodonomist @BrianCDickinson @BrianForde @jamesolmos @FTLofFood,,,,25/01/2017 16:54,https://twitter.com/#!/purnimananavati/status/824299506477002752,,,8.243E+17,8.24298E+17
purnimananavati,suchetajt,Replies to,25/01/2017 16:54,@suchetajt @thexoxoday AddToTheFleet @FnB_Buzz @foodonomist @BrianCDickinson @BrianForde @jamesolmos @FTLofFood,,,,25/01/2017 16:54,https://twitter.com/#!/purnimananavati/status/824299506477002752,,,8.243E+17,8.24298E+17
purnimananavati,thexoxoday,Mentions,25/01/2017 16:54,@suchetajt @thexoxoday AddToTheFleet @FnB_Buzz @foodonomist @BrianCDickinson @BrianForde @jamesolmos @FTLofFood,,,,25/01/2017 16:54,https://twitter.com/#!/purnimananavati/status/824299506477002752,,,8.243E+17,8.24298E+17
amankk00,darshic,Mentions,25/01/2017 16:55,RT @ZeniaIrani: @thexoxoday This is a dream come true! Tagging @beeayeanoowhy @anahitairani1 @tofarzeen @shivzi @darshic,,,,25/01/2017 16:55,https://twitter.com/#!/amankk00/status/824299553277018113,,,8.243E+17,
amankk00,shivzi,Mentions,25/01/2017 16:55,RT @ZeniaIrani: @thexoxoday This is a dream come true! Tagging @beeayeanoowhy @anahitairani1 @tofarzeen @shivzi @darshic,,,,25/01/2017 16:55,https://twitter.com/#!/amankk00/status/824299553277018113,,,8.243E+17,
amankk00,tofarzeen,Mentions,25/01/2017 16:55,RT @ZeniaIrani: @thexoxoday This is a dream come true! Tagging @beeayeanoowhy @anahitairani1 @tofarzeen @shivzi @darshic,,,,25/01/2017 16:55,https://twitter.com/#!/amankk00/status/824299553277018113,,,8.243E+17,
amankk00,anahitairani1,Mentions,25/01/2017 16:55,RT @ZeniaIrani: @thexoxoday This is a dream come true! Tagging @beeayeanoowhy @anahitairani1 @tofarzeen @shivzi @darshic,,,,25/01/2017 16:55,https://twitter.com/#!/amankk00/status/824299553277018113,,,8.243E+17,
amankk00,beeayeanoowhy,Mentions,25/01/2017 16:55,RT @ZeniaIrani: @thexoxoday This is a dream come true! Tagging @beeayeanoowhy @anahitairani1 @tofarzeen @shivzi @darshic,,,,25/01/2017 16:55,https://twitter.com/#!/amankk00/status/824299553277018113,,,8.243E+17,
amankk00,thexoxoday,Mentions,25/01/2017 16:55,RT @ZeniaIrani: @thexoxoday This is a dream come true! Tagging @beeayeanoowhy @anahitairani1 @tofarzeen @shivzi @darshic,,,,25/01/2017 16:55,https://twitter.com/#!/amankk00/status/824299553277018113,,,8.243E+17,
amankk00,zeniairani,Mentions,25/01/2017 16:55,RT @ZeniaIrani: @thexoxoday This is a dream come true! Tagging @beeayeanoowhy @anahitairani1 @tofarzeen @shivzi @darshic,,,,25/01/2017 16:55,https://twitter.com/#!/amankk00/status/824299553277018113,,,8.243E+17,
vlrrosmusic,thexoxoday,Mentions,25/01/2017 16:57,RT @thexoxoday: Our #Contest is #live! #RT and tag 5 of your friends to win this dream ride on an Audi R8 and a Dinner at Taj Mahal Palace!…,,,contest live rt,25/01/2017 16:57,https://twitter.com/#!/vlrrosmusic/status/824300226982899714,,,8.243E+17,
mehulgohil,ispiritualist,Mentions,25/01/2017 17:00,@thexoxoday Awesome! Tagging @eatslurpburp @saumynagayach @dixita011 @DigitalVK @ISpiriTualist,,,,25/01/2017 17:00,https://twitter.com/#!/mehulgohil/status/824300865284489217,,,8.24301E+17,8.24256E+17
mehulgohil,digitalvk,Mentions,25/01/2017 17:00,@thexoxoday Awesome! Tagging @eatslurpburp @saumynagayach @dixita011 @DigitalVK @ISpiriTualist,,,,25/01/2017 17:00,https://twitter.com/#!/mehulgohil/status/824300865284489217,,,8.24301E+17,8.24256E+17
mehulgohil,dixita011,Mentions,25/01/2017 17:00,@thexoxoday Awesome! Tagging @eatslurpburp @saumynagayach @dixita011 @DigitalVK @ISpiriTualist,,,,25/01/2017 17:00,https://twitter.com/#!/mehulgohil/status/824300865284489217,,,8.24301E+17,8.24256E+17
mehulgohil,saumynagayach,Mentions,25/01/2017 17:00,@thexoxoday Awesome! Tagging @eatslurpburp @saumynagayach @dixita011 @DigitalVK @ISpiriTualist,,,,25/01/2017 17:00,https://twitter.com/#!/mehulgohil/status/824300865284489217,,,8.24301E+17,8.24256E+17
mehulgohil,eatslurpburp,Mentions,25/01/2017 17:00,@thexoxoday Awesome! Tagging @eatslurpburp @saumynagayach @dixita011 @DigitalVK @ISpiriTualist,,,,25/01/2017 17:00,https://twitter.com/#!/mehulgohil/status/824300865284489217,,,8.24301E+17,8.24256E+17
mehulgohil,thexoxoday,Mentions,25/01/2017 16:59,RT @thexoxoday: Our contest is #LIVE! Follow us to #participate and #RT and tag 5 of your friends to #win! #ContestAlert #Contest https://t…,,,live participate rt win contestalert contest,25/01/2017 16:59,https://twitter.com/#!/mehulgohil/status/824300788402925568,,,8.24301E+17,
mehulgohil,thexoxoday,Replies to,25/01/2017 17:00,@thexoxoday Awesome! Tagging @eatslurpburp @saumynagayach @dixita011 @DigitalVK @ISpiriTualist,,,,25/01/2017 17:00,https://twitter.com/#!/mehulgohil/status/824300865284489217,,,8.24301E+17,8.24256E+17
arjunm1412,thexoxoday,Mentions,25/01/2017 17:00,RT @thexoxoday: Our contest is #LIVE! Follow us to #participate and #RT and tag 5 of your friends to #win! #ContestAlert #Contest https://t…,,,live participate rt win contestalert contest,25/01/2017 17:00,https://twitter.com/#!/arjunm1412/status/824301040631566336,,,8.24301E+17,
aakasshmakhija,thexoxoday,Mentions,25/01/2017 17:03,RT @thexoxoday: Our #Contest is #live! #RT and tag 5 of your friends to win this dream ride on an Audi R8 and a Dinner at Taj Mahal Palace!…,,,contest live rt,25/01/2017 17:03,https://twitter.com/#!/aakasshmakhija/status/824301612839485440,,,8.24302E+17,
gingerninja43,dewcool2,Mentions,25/01/2017 17:05,RT @thexoxoday: Our #Contest is now live! #RT and tag 5 of your friends to #win an Audi R8 ride and dinner at Taj! #ContestAlert @dewcool2…,,,contest rt win contestalert,25/01/2017 17:05,https://twitter.com/#!/gingerninja43/status/824302246657716224,,,8.24302E+17,
gingerninja43,thexoxoday,Mentions,25/01/2017 17:05,RT @thexoxoday: Our #Contest is now live! #RT and tag 5 of your friends to #win an Audi R8 ride and dinner at Taj! #ContestAlert @dewcool2…,,,contest rt win contestalert,25/01/2017 17:05,https://twitter.com/#!/gingerninja43/status/824302246657716224,,,8.24302E+17,
blazedoutsquad6,thexoxoday,Mentions,25/01/2017 17:09,RT @thexoxoday: Our #Contest is #live! #RT and tag 5 of your friends to win this dream ride on an Audi R8 and a Dinner at Taj Mahal Palace!…,,,contest live rt,25/01/2017 17:09,https://twitter.com/#!/blazedoutsquad6/status/824303091109548036,,,8.24303E+17,
pansy_toppy,thexoxoday,Mentions,25/01/2017 11:56,RT @thexoxoday: We are #live with our #contest! Follow to participate. All you have to do is #RT and tag 5 of your friends to win! https://…,,,live contest rt,25/01/2017 11:56,https://twitter.com/#!/pansy_toppy/status/824224305135415296,,,8.24224E+17,
pansy_toppy,thexoxoday,Mentions,25/01/2017 12:15,RT @thexoxoday: Our #Contest is #live! #RT and tag 5 of your friends to win this dream ride on an Audi R8 and a Dinner at Taj Mahal Palace!…,,,contest live rt,25/01/2017 12:15,https://twitter.com/#!/pansy_toppy/status/824229182179835904,,,8.24229E+17,
pansy_toppy,thexoxoday,Mentions,25/01/2017 17:22,RT @thexoxoday: Our contest is #LIVE! Follow us to #participate and #RT and tag 5 of your friends to #win! #ContestAlert #Contest https://t…,,,live participate rt win contestalert contest,25/01/2017 17:22,https://twitter.com/#!/pansy_toppy/status/824306471940849671,,,8.24306E+17,
alla_mynk,thexoxoday,Mentions,25/01/2017 11:51,RT @thexoxoday: We are #live with our #contest! Follow to participate. All you have to do is #RT and tag 5 of your friends to win! https://…,,,live contest rt,25/01/2017 11:51,https://twitter.com/#!/alla_mynk/status/824223054586925056,,,8.24223E+17,
alla_mynk,thexoxoday,Mentions,25/01/2017 12:18,RT @thexoxoday: Our #Contest is #live! #RT and tag 5 of your friends to win this dream ride on an Audi R8 and a Dinner at Taj Mahal Palace!…,,,contest live rt,25/01/2017 12:18,https://twitter.com/#!/alla_mynk/status/824229930540142592,,,8.2423E+17,
alla_mynk,thexoxoday,Mentions,25/01/2017 17:37,RT @thexoxoday: Our contest is #LIVE! Follow us to #participate and #RT and tag 5 of your friends to #win! #ContestAlert #Contest https://t…,,,live participate rt win contestalert contest,25/01/2017 17:37,https://twitter.com/#!/alla_mynk/status/824310283757879302,,,8.2431E+17,
barbara__cook,thexoxoday,Mentions,25/01/2017 18:00,RT @thexoxoday: Our contest is #LIVE! Follow us to #participate and #RT and tag 5 of your friends to #win! #ContestAlert #Contest https://t…,,,live participate rt win contestalert contest,25/01/2017 18:00,https://twitter.com/#!/barbara__cook/status/824316044919578624,,,8.24316E+17,
anna_bell_2,thexoxoday,Mentions,25/01/2017 18:00,RT @thexoxoday: Our contest is #LIVE! Follow us to #participate and #RT and tag 5 of your friends to #win! #ContestAlert #Contest https://t…,,,live participate rt win contestalert contest,25/01/2017 18:00,https://twitter.com/#!/anna_bell_2/status/824316057984892928,,,8.24316E+17,
debra33683134,thexoxoday,Mentions,25/01/2017 18:00,RT @thexoxoday: Our contest is #LIVE! Follow us to #participate and #RT and tag 5 of your friends to #win! #ContestAlert #Contest https://t…,,,live participate rt win contestalert contest,25/01/2017 18:00,https://twitter.com/#!/debra33683134/status/824316070278221824,,,8.24316E+17,
ronald_hayes11_,thexoxoday,Mentions,25/01/2017 18:00,RT @thexoxoday: Our contest is #LIVE! Follow us to #participate and #RT and tag 5 of your friends to #win! #ContestAlert #Contest https://t…,,,live participate rt win contestalert contest,25/01/2017 18:00,https://twitter.com/#!/ronald_hayes11_/status/824316083335110656,,,8.24316E+17,
mgossipqueen,gunjan4ever,Mentions,25/01/2017 14:24,"@thexoxoday @Soumya_simi @gunjan4ever @Achari_Nimboo @Chidiyagiri @palkan10 @kritika_goyal  
Do check this out",,,,25/01/2017 14:24,https://twitter.com/#!/mgossipqueen/status/824261561371873280,,,8.24262E+17,8.24217E+17
gunjan4ever,thexoxoday,Mentions,25/01/2017 18:50,RT @thexoxoday: Our #Contest is #live! #RT and tag 5 of your friends to win this dream ride on an Audi R8 and a Dinner at Taj Mahal Palace!…,,,contest live rt,25/01/2017 18:50,https://twitter.com/#!/gunjan4ever/status/824328650740801536,,,8.24329E+17,
muktipatel15,thexoxoday,Mentions,25/01/2017 19:18,RT @thexoxoday: Our contest is #LIVE! Follow us to #participate and #RT and tag 5 of your friends to #win! #ContestAlert #Contest https://t…,,,live participate rt win contestalert contest,25/01/2017 19:18,https://twitter.com/#!/muktipatel15/status/824335611192549376,,,8.24336E+17,
fadeevahip1984,thexoxoday,Mentions,25/01/2017 23:05,RT @thexoxoday: Our #Contest is #live! #RT and tag 5 of your friends to win this dream ride on an Audi R8 and a Dinner at Taj Mahal Palace!…,,,contest live rt,25/01/2017 23:05,https://twitter.com/#!/fadeevahip1984/status/824392766868324352,,,8.24393E+17,
bhansalidigna,misty_basu,Mentions,25/01/2017 13:03,@thexoxoday @22minalmehta  @misty_basu  @Suruchi0603  @PinkyDholakia  @VHetal,,,,25/01/2017 13:03,https://twitter.com/#!/bhansalidigna/status/824241235296587777,,,8.24241E+17,8.24221E+17
fotokiran,misty_basu,Mentions,26/01/2017 02:13,"@thexoxoday Join Here : 

@ghunjain 
@misty_basu 
@ns_verma 
@Deepaadhan 
@Sweet_Mirchi1 
@iampratikjadhav 
@PinkyDholakia 
@jayshreemehta83",,,,26/01/2017 02:13,https://twitter.com/#!/fotokiran/status/824440034094772224,,,8.2444E+17,8.24256E+17
fotokiran,sweet_mirchi1,Mentions,26/01/2017 02:13,"@thexoxoday Join Here : 

@ghunjain 
@misty_basu 
@ns_verma 
@Deepaadhan 
@Sweet_Mirchi1 
@iampratikjadhav 
@PinkyDholakia 
@jayshreemehta83",,,,26/01/2017 02:13,https://twitter.com/#!/fotokiran/status/824440034094772224,,,8.2444E+17,8.24256E+17
fotokiran,sweet_mirchi1,Mentions,26/01/2017 02:15,"@thexoxoday 
JoiN BuDdiEz 

@BabuBeg 
@ns_verma 
@PinkyDholakia 
@chulbullychidya 
@bhansali_jinal 
@iampratikjadhav 
@Sweet_Mirchi1",,,,26/01/2017 02:15,https://twitter.com/#!/fotokiran/status/824440563529240577,,,8.24441E+17,8.24217E+17
fotokiran,iampratikjadhav,Mentions,26/01/2017 02:13,"@thexoxoday Join Here : 

@ghunjain 
@misty_basu 
@ns_verma 
@Deepaadhan 
@Sweet_Mirchi1 
@iampratikjadhav 
@PinkyDholakia 
@jayshreemehta83",,,,26/01/2017 02:13,https://twitter.com/#!/fotokiran/status/824440034094772224,,,8.2444E+17,8.24256E+17
fotokiran,iampratikjadhav,Mentions,26/01/2017 02:15,"@thexoxoday 
JoiN BuDdiEz 

@BabuBeg 
@ns_verma 
@PinkyDholakia 
@chulbullychidya 
@bhansali_jinal 
@iampratikjadhav 
@Sweet_Mirchi1",,,,26/01/2017 02:15,https://twitter.com/#!/fotokiran/status/824440563529240577,,,8.24441E+17,8.24217E+17
prateek_sen26,thexoxoday,Mentions,26/01/2017 03:32,RT @thexoxoday: Our contest is #LIVE! Follow us to #participate and #RT and tag 5 of your friends to #win! #ContestAlert #Contest https://t…,,,live participate rt win contestalert contest,26/01/2017 03:32,https://twitter.com/#!/prateek_sen26/status/824460095031562240,,,8.2446E+17,
prateek_sen26,thexoxoday,Mentions,26/01/2017 03:33,RT @thexoxoday: Keep participating in our #contest to win an Audi Q3 ride and a lavish dinner for two at the Taj Mahal Palace! #ContestAler…,,,contest,26/01/2017 03:33,https://twitter.com/#!/prateek_sen26/status/824460105538277376,,,8.2446E+17,
prateek_sen26,vineetsonkar,Mentions,26/01/2017 03:33,"RT @thexoxoday: @VineetSonkar No, you can participate too! :)",,,,26/01/2017 03:33,https://twitter.com/#!/prateek_sen26/status/824460136630607872,,,8.2446E+17,
prateek_sen26,thexoxoday,Mentions,26/01/2017 03:33,"RT @thexoxoday: @VineetSonkar No, you can participate too! :)",,,,26/01/2017 03:33,https://twitter.com/#!/prateek_sen26/status/824460136630607872,,,8.2446E+17,
prateek_sen26,thexoxoday,Mentions,26/01/2017 03:33,RT @thexoxoday: A shoutout to everyone who wants to #Participate! Our #contest is now live! Follow us to participate. #RT and tag 5 of your…,,,participate contest rt,26/01/2017 03:33,https://twitter.com/#!/prateek_sen26/status/824460145954590721,,,8.2446E+17,
prateek_sen26,dewcool2,Mentions,26/01/2017 03:33,RT @thexoxoday: Our #Contest is now live! #RT and tag 5 of your friends to #win an Audi R8 ride and dinner at Taj! #ContestAlert @dewcool2…,,,contest rt win contestalert,26/01/2017 03:33,https://twitter.com/#!/prateek_sen26/status/824460158030008320,,,8.2446E+17,
prateek_sen26,thexoxoday,Mentions,26/01/2017 03:33,RT @thexoxoday: Our #Contest is now live! #RT and tag 5 of your friends to #win an Audi R8 ride and dinner at Taj! #ContestAlert @dewcool2…,,,contest rt win contestalert,26/01/2017 03:33,https://twitter.com/#!/prateek_sen26/status/824460158030008320,,,8.2446E+17,
falcon_hertwinn,thexoxoday,Mentions,26/01/2017 03:34,RT @thexoxoday: Our contest is #LIVE! Follow us to #participate and #RT and tag 5 of your friends to #win! #ContestAlert #Contest https://t…,,,live participate rt win contestalert contest,26/01/2017 03:34,https://twitter.com/#!/falcon_hertwinn/status/824460449613803520,,,8.2446E+17,
bottymcbottica,thexoxoday,Mentions,26/01/2017 03:35,RT @thexoxoday: A shoutout to everyone who wants to #Participate! Our #contest is now live! Follow us to participate. #RT and tag 5 of your…,,,participate contest rt,26/01/2017 03:35,https://twitter.com/#!/bottymcbottica/status/824460618606505984,,,8.24461E+17,
carose85uk,dewcool2,Mentions,26/01/2017 03:46,RT @thexoxoday: Our #Contest is now live! #RT and tag 5 of your friends to #win an Audi R8 ride and dinner at Taj! #ContestAlert @dewcool2…,,,contest rt win contestalert,26/01/2017 03:46,https://twitter.com/#!/carose85uk/status/824463437761810433,,,8.24463E+17,
carose85uk,thexoxoday,Mentions,26/01/2017 03:46,RT @thexoxoday: Our #Contest is now live! #RT and tag 5 of your friends to #win an Audi R8 ride and dinner at Taj! #ContestAlert @dewcool2…,,,contest rt win contestalert,26/01/2017 03:46,https://twitter.com/#!/carose85uk/status/824463437761810433,,,8.24463E+17,
nutty007tom,dewcool2,Mentions,25/01/2017 12:00,RT @thexoxoday: Our #Contest is now live! #RT and tag 5 of your friends to #win an Audi R8 ride and dinner at Taj! #ContestAlert @dewcool2…,,,contest rt win contestalert,25/01/2017 12:00,https://twitter.com/#!/nutty007tom/status/824225512356712449,,,8.24226E+17,
nutty007tom,thexoxoday,Mentions,25/01/2017 12:00,RT @thexoxoday: Our #Contest is now live! #RT and tag 5 of your friends to #win an Audi R8 ride and dinner at Taj! #ContestAlert @dewcool2…,,,contest rt win contestalert,25/01/2017 12:00,https://twitter.com/#!/nutty007tom/status/824225512356712449,,,8.24226E+17,
nutty007tom,dewcool2,Mentions,26/01/2017 03:48,RT @thexoxoday: Our #Contest is now live! #RT and tag 5 of your friends to #win an Audi R8 ride and dinner at Taj! #ContestAlert @dewcool2…,,,contest rt win contestalert,26/01/2017 03:48,https://twitter.com/#!/nutty007tom/status/824463935227236352,,,8.24464E+17,
nutty007tom,thexoxoday,Mentions,26/01/2017 03:48,RT @thexoxoday: Our #Contest is now live! #RT and tag 5 of your friends to #win an Audi R8 ride and dinner at Taj! #ContestAlert @dewcool2…,,,contest rt win contestalert,26/01/2017 03:48,https://twitter.com/#!/nutty007tom/status/824463935227236352,,,8.24464E+17,
rehanak55,tofarzeen,Mentions,25/01/2017 12:07,"@thexoxoday #Contest Join in 
@anahitairani1 
@tofarzeen 
@BeShakthi 
@sd12dec 
@Deepaadhan 
@godsowntalk 
@blessedkamal 
@KARRIVINODKUMAR",,,contest,25/01/2017 12:07,https://twitter.com/#!/rehanak55/status/824227151524331520,,,8.24227E+17,8.24217E+17
zeniairani,tofarzeen,Mentions,25/01/2017 16:48,@thexoxoday This is a dream come true! Tagging @beeayeanoowhy @anahitairani1 @tofarzeen @shivzi @darshic,,,,25/01/2017 16:48,https://twitter.com/#!/zeniairani/status/824297980723400705,,,8.24298E+17,8.24217E+17
anahitairani1,tofarzeen,Mentions,25/01/2017 16:52,RT @ZeniaIrani: @thexoxoday This is a dream come true! Tagging @beeayeanoowhy @anahitairani1 @tofarzeen @shivzi @darshic,,,,25/01/2017 16:52,https://twitter.com/#!/anahitairani1/status/824298818577563648,,,8.24299E+17,
anahitairani1,tofarzeen,Mentions,25/01/2017 16:54,"@thexoxoday Ooh wow,  better late than never. Joining in and tagging @tofarzeen @Vincivijayan @NehaSolomon @nidc13 @VHetal 
 #ContestAlert",,,contestalert,25/01/2017 16:54,https://twitter.com/#!/anahitairani1/status/824299439443636226,,,8.24299E+17,8.24217E+17
darshic,tofarzeen,Mentions,26/01/2017 04:02,RT @ZeniaIrani: @thexoxoday This is a dream come true! Tagging @beeayeanoowhy @anahitairani1 @tofarzeen @shivzi @darshic,,,,26/01/2017 04:02,https://twitter.com/#!/darshic/status/824467402867908608,,,8.24467E+17,
zeniairani,beeayeanoowhy,Mentions,25/01/2017 16:48,@thexoxoday This is a dream come true! Tagging @beeayeanoowhy @anahitairani1 @tofarzeen @shivzi @darshic,,,,25/01/2017 16:48,https://twitter.com/#!/zeniairani/status/824297980723400705,,,8.24298E+17,8.24217E+17
anahitairani1,beeayeanoowhy,Mentions,25/01/2017 16:52,RT @ZeniaIrani: @thexoxoday This is a dream come true! Tagging @beeayeanoowhy @anahitairani1 @tofarzeen @shivzi @darshic,,,,25/01/2017 16:52,https://twitter.com/#!/anahitairani1/status/824298818577563648,,,8.24299E+17,
darshic,beeayeanoowhy,Mentions,26/01/2017 04:02,RT @ZeniaIrani: @thexoxoday This is a dream come true! Tagging @beeayeanoowhy @anahitairani1 @tofarzeen @shivzi @darshic,,,,26/01/2017 04:02,https://twitter.com/#!/darshic/status/824467402867908608,,,8.24467E+17,
zeniairani,thexoxoday,Mentions,25/01/2017 16:47,RT @thexoxoday: Our #Contest is #live! #RT and tag 5 of your friends to win this dream ride on an Audi R8 and a Dinner at Taj Mahal Palace!…,,,contest live rt,25/01/2017 16:47,https://twitter.com/#!/zeniairani/status/824297587889098756,,,8.24298E+17,
zeniairani,darshic,Mentions,25/01/2017 16:48,@thexoxoday This is a dream come true! Tagging @beeayeanoowhy @anahitairani1 @tofarzeen @shivzi @darshic,,,,25/01/2017 16:48,https://twitter.com/#!/zeniairani/status/824297980723400705,,,8.24298E+17,8.24217E+17
zeniairani,shivzi,Mentions,25/01/2017 16:48,@thexoxoday This is a dream come true! Tagging @beeayeanoowhy @anahitairani1 @tofarzeen @shivzi @darshic,,,,25/01/2017 16:48,https://twitter.com/#!/zeniairani/status/824297980723400705,,,8.24298E+17,8.24217E+17
zeniairani,anahitairani1,Mentions,25/01/2017 16:48,@thexoxoday This is a dream come true! Tagging @beeayeanoowhy @anahitairani1 @tofarzeen @shivzi @darshic,,,,25/01/2017 16:48,https://twitter.com/#!/zeniairani/status/824297980723400705,,,8.24298E+17,8.24217E+17
zeniairani,thexoxoday,Replies to,25/01/2017 16:48,@thexoxoday This is a dream come true! Tagging @beeayeanoowhy @anahitairani1 @tofarzeen @shivzi @darshic,,,,25/01/2017 16:48,https://twitter.com/#!/zeniairani/status/824297980723400705,,,8.24298E+17,8.24217E+17
anahitairani1,zeniairani,Mentions,25/01/2017 16:52,RT @ZeniaIrani: @thexoxoday This is a dream come true! Tagging @beeayeanoowhy @anahitairani1 @tofarzeen @shivzi @darshic,,,,25/01/2017 16:52,https://twitter.com/#!/anahitairani1/status/824298818577563648,,,8.24299E+17,
darshic,zeniairani,Mentions,26/01/2017 04:02,RT @ZeniaIrani: @thexoxoday This is a dream come true! Tagging @beeayeanoowhy @anahitairani1 @tofarzeen @shivzi @darshic,,,,26/01/2017 04:02,https://twitter.com/#!/darshic/status/824467402867908608,,,8.24467E+17,
anahitairani1,darshic,Mentions,25/01/2017 16:52,RT @ZeniaIrani: @thexoxoday This is a dream come true! Tagging @beeayeanoowhy @anahitairani1 @tofarzeen @shivzi @darshic,,,,25/01/2017 16:52,https://twitter.com/#!/anahitairani1/status/824298818577563648,,,8.24299E+17,
darshic,thexoxoday,Mentions,25/01/2017 16:54,RT @thexoxoday: Our #Contest is #live! #RT and tag 5 of your friends to win this dream ride on an Audi R8 and a Dinner at Taj Mahal Palace!…,,,contest live rt,25/01/2017 16:54,https://twitter.com/#!/darshic/status/824299350318686208,,,8.24299E+17,
darshic,shivzi,Mentions,26/01/2017 04:02,RT @ZeniaIrani: @thexoxoday This is a dream come true! Tagging @beeayeanoowhy @anahitairani1 @tofarzeen @shivzi @darshic,,,,26/01/2017 04:02,https://twitter.com/#!/darshic/status/824467402867908608,,,8.24467E+17,
darshic,anahitairani1,Mentions,26/01/2017 04:02,RT @ZeniaIrani: @thexoxoday This is a dream come true! Tagging @beeayeanoowhy @anahitairani1 @tofarzeen @shivzi @darshic,,,,26/01/2017 04:02,https://twitter.com/#!/darshic/status/824467402867908608,,,8.24467E+17,
darshic,thexoxoday,Mentions,26/01/2017 04:02,RT @ZeniaIrani: @thexoxoday This is a dream come true! Tagging @beeayeanoowhy @anahitairani1 @tofarzeen @shivzi @darshic,,,,26/01/2017 04:02,https://twitter.com/#!/darshic/status/824467402867908608,,,8.24467E+17,
starchyfell,thexoxoday,Mentions,26/01/2017 04:15,RT @thexoxoday: Our contest is #LIVE! Follow us to #participate and #RT and tag 5 of your friends to #win! #ContestAlert #Contest https://t…,,,live participate rt win contestalert contest,26/01/2017 04:15,https://twitter.com/#!/starchyfell/status/824470679093387266,,,8.24471E+17,
humairasadaf_,deepagandhi1,Mentions,26/01/2017 04:31,@thexoxoday @romspeaks @dewcool2 @kohleyedme @ruchis28 @Deepagandhi1 #ContestAlert,,,contestalert,26/01/2017 04:31,https://twitter.com/#!/humairasadaf_/status/824474941995315200,,,8.24475E+17,8.24221E+17
humairasadaf_,ruchis28,Mentions,26/01/2017 04:31,@thexoxoday @romspeaks @dewcool2 @kohleyedme @ruchis28 @Deepagandhi1 #ContestAlert,,,contestalert,26/01/2017 04:31,https://twitter.com/#!/humairasadaf_/status/824474941995315200,,,8.24475E+17,8.24221E+17
humairasadaf_,kohleyedme,Mentions,26/01/2017 04:31,@thexoxoday @romspeaks @dewcool2 @kohleyedme @ruchis28 @Deepagandhi1 #ContestAlert,,,contestalert,26/01/2017 04:31,https://twitter.com/#!/humairasadaf_/status/824474941995315200,,,8.24475E+17,8.24221E+17
humairasadaf_,romspeaks,Mentions,26/01/2017 04:31,@thexoxoday @romspeaks @dewcool2 @kohleyedme @ruchis28 @Deepagandhi1 #ContestAlert,,,contestalert,26/01/2017 04:31,https://twitter.com/#!/humairasadaf_/status/824474941995315200,,,8.24475E+17,8.24221E+17
humairasadaf_,dewcool2,Mentions,26/01/2017 04:27,RT @thexoxoday: Our #Contest is now live! #RT and tag 5 of your friends to #win an Audi R8 ride and dinner at Taj! #ContestAlert @dewcool2…,,,contest rt win contestalert,26/01/2017 04:27,https://twitter.com/#!/humairasadaf_/status/824473899358449664,,,8.24474E+17,
humairasadaf_,thexoxoday,Mentions,26/01/2017 04:27,RT @thexoxoday: Our #Contest is now live! #RT and tag 5 of your friends to #win an Audi R8 ride and dinner at Taj! #ContestAlert @dewcool2…,,,contest rt win contestalert,26/01/2017 04:27,https://twitter.com/#!/humairasadaf_/status/824473899358449664,,,8.24474E+17,
humairasadaf_,thexoxoday,Replies to,26/01/2017 04:29,@thexoxoday excited to win #ContestAlert,,,contestalert,26/01/2017 04:29,https://twitter.com/#!/humairasadaf_/status/824474298811346944,,,8.24474E+17,8.24221E+17
humairasadaf_,dewcool2,Mentions,26/01/2017 04:31,@thexoxoday @romspeaks @dewcool2 @kohleyedme @ruchis28 @Deepagandhi1 #ContestAlert,,,contestalert,26/01/2017 04:31,https://twitter.com/#!/humairasadaf_/status/824474941995315200,,,8.24475E+17,8.24221E+17
humairasadaf_,thexoxoday,Replies to,26/01/2017 04:31,@thexoxoday @romspeaks @dewcool2 @kohleyedme @ruchis28 @Deepagandhi1 #ContestAlert,,,contestalert,26/01/2017 04:31,https://twitter.com/#!/humairasadaf_/status/824474941995315200,,,8.24475E+17,8.24221E+17
bharatmaheshw16,racer_veb,Mentions,25/01/2017 15:50,"RT @girija_kriz: @thexoxoday Join Here : 

@Deepaadhan 
@gpk_m 
@genver1 
@VanduLilaraman 
@BharatMaheshw16 
@sugandhadixit85 
@Racer_Veb…",,,,25/01/2017 15:50,https://twitter.com/#!/bharatmaheshw16/status/824283296741916672,,,8.24283E+17,
girija_kriz,racer_veb,Mentions,25/01/2017 15:46,"@thexoxoday Join Here : 

@Deepaadhan 
@gpk_m 
@genver1 
@VanduLilaraman 
@BharatMaheshw16 
@sugandhadixit85 
@Racer_Veb 
@Bruntha_Ramani",,,,25/01/2017 15:46,https://twitter.com/#!/girija_kriz/status/824282226145628160,,,8.24282E+17,8.24256E+17
bharatmaheshw16,sugandhadixit85,Mentions,25/01/2017 15:50,"RT @girija_kriz: @thexoxoday Join Here : 

@Deepaadhan 
@gpk_m 
@genver1 
@VanduLilaraman 
@BharatMaheshw16 
@sugandhadixit85 
@Racer_Veb…",,,,25/01/2017 15:50,https://twitter.com/#!/bharatmaheshw16/status/824283296741916672,,,8.24283E+17,
girija_kriz,sugandhadixit85,Mentions,25/01/2017 15:46,"@thexoxoday Join Here : 

@Deepaadhan 
@gpk_m 
@genver1 
@VanduLilaraman 
@BharatMaheshw16 
@sugandhadixit85 
@Racer_Veb 
@Bruntha_Ramani",,,,25/01/2017 15:46,https://twitter.com/#!/girija_kriz/status/824282226145628160,,,8.24282E+17,8.24256E+17
bharatmaheshw16,vandulilaraman,Mentions,25/01/2017 15:50,"RT @girija_kriz: @thexoxoday Join Here : 

@Deepaadhan 
@gpk_m 
@genver1 
@VanduLilaraman 
@BharatMaheshw16 
@sugandhadixit85 
@Racer_Veb…",,,,25/01/2017 15:50,https://twitter.com/#!/bharatmaheshw16/status/824283296741916672,,,8.24283E+17,
girija_kriz,vandulilaraman,Mentions,25/01/2017 15:46,"@thexoxoday Join Here : 

@Deepaadhan 
@gpk_m 
@genver1 
@VanduLilaraman 
@BharatMaheshw16 
@sugandhadixit85 
@Racer_Veb 
@Bruntha_Ramani",,,,25/01/2017 15:46,https://twitter.com/#!/girija_kriz/status/824282226145628160,,,8.24282E+17,8.24256E+17
girija_kriz,aroonrathore,Mentions,25/01/2017 15:47,"@thexoxoday Join Here : 

@ghunjain 
@kittupari31 
@8niranjan 
@AroonRathore 
@ekta_k88  
@snehalataj 
@chilly_kalps 
@KapreUmesh",,,,25/01/2017 15:47,https://twitter.com/#!/girija_kriz/status/824282517754613760,,,8.24283E+17,8.24256E+17
girija_kriz,8niranjan,Mentions,25/01/2017 15:47,"@thexoxoday Join Here : 

@ghunjain 
@kittupari31 
@8niranjan 
@AroonRathore 
@ekta_k88  
@snehalataj 
@chilly_kalps 
@KapreUmesh",,,,25/01/2017 15:47,https://twitter.com/#!/girija_kriz/status/824282517754613760,,,8.24283E+17,8.24256E+17
girija_kriz,ihiruroy,Mentions,25/01/2017 15:52,"@thexoxoday Join Here : 

@VHetal 
@VineetSonkar 
@snehalataj 
@style_icon13 
@kora_kagaj 
@OfficialRicha18  
@IhiruRoy 
@riyazali4312",,,,25/01/2017 15:52,https://twitter.com/#!/girija_kriz/status/824283745851015168,,,8.24284E+17,8.24217E+17
girija_kriz,style_icon13,Mentions,25/01/2017 15:52,"@thexoxoday Join Here : 

@VHetal 
@VineetSonkar 
@snehalataj 
@style_icon13 
@kora_kagaj 
@OfficialRicha18  
@IhiruRoy 
@riyazali4312",,,,25/01/2017 15:52,https://twitter.com/#!/girija_kriz/status/824283745851015168,,,8.24284E+17,8.24217E+17
sayansadhukhn,thexoxoday,Mentions,26/01/2017 04:50,RT @thexoxoday: A shoutout to everyone who wants to #Participate! Our #contest is now live! Follow us to participate. #RT and tag 5 of your…,,,participate contest rt,26/01/2017 04:50,https://twitter.com/#!/sayansadhukhn/status/824479619600490497,,,8.2448E+17,
parragbagul,thexoxoday,Mentions,26/01/2017 04:58,RT @thexoxoday: Our #Contest is #live! #RT and tag 5 of your friends to win this dream ride on an Audi R8 and a Dinner at Taj Mahal Palace!…,,,contest live rt,26/01/2017 04:58,https://twitter.com/#!/parragbagul/status/824481619775860736,,,8.24482E+17,
rehanak55,sd12dec,Mentions,25/01/2017 12:07,"@thexoxoday #Contest Join in 
@anahitairani1 
@tofarzeen 
@BeShakthi 
@sd12dec 
@Deepaadhan 
@godsowntalk 
@blessedkamal 
@KARRIVINODKUMAR",,,contest,25/01/2017 12:07,https://twitter.com/#!/rehanak55/status/824227151524331520,,,8.24227E+17,8.24217E+17
bhansali_jinal,sd12dec,Mentions,25/01/2017 17:04,"@thexoxoday 
JoiN BuDdiEz 
@aadiivaasii 
@BabuBeg 
@ns_verma 
@PinkyDholakia 
@chulbullychidya 
@snehalataj
@krishjojha 
@fotokiran
@sd12dec",,,,25/01/2017 17:04,https://twitter.com/#!/bhansali_jinal/status/824301842137894912,,,8.24302E+17,8.24217E+17
blessedkamal,sd12dec,Mentions,25/01/2017 14:01,"@thexoxoday 
JoiN BuDdiEz 
@aadiivaasii 
@BabuBeg 
@ns_verma 
@PinkyDholakia 
@chulbullychidya 
@snehalataj
@krishjojha 
@fotokiran
@sd12dec",,,,25/01/2017 14:01,https://twitter.com/#!/blessedkamal/status/824255861107212288,,,8.24256E+17,8.24217E+17
bhansali_jinal,krishjojha,Mentions,25/01/2017 17:04,"@thexoxoday 
JoiN BuDdiEz 
@aadiivaasii 
@BabuBeg 
@ns_verma 
@PinkyDholakia 
@chulbullychidya 
@snehalataj
@krishjojha 
@fotokiran
@sd12dec",,,,25/01/2017 17:04,https://twitter.com/#!/bhansali_jinal/status/824301842137894912,,,8.24302E+17,8.24217E+17
blessedkamal,krishjojha,Mentions,25/01/2017 14:01,"@thexoxoday 
JoiN BuDdiEz 
@aadiivaasii 
@BabuBeg 
@ns_verma 
@PinkyDholakia 
@chulbullychidya 
@snehalataj
@krishjojha 
@fotokiran
@sd12dec",,,,25/01/2017 14:01,https://twitter.com/#!/blessedkamal/status/824255861107212288,,,8.24256E+17,8.24217E+17
bhansali_jinal,chulbullychidya,Mentions,25/01/2017 17:04,"@thexoxoday 
JoiN BuDdiEz 
@aadiivaasii 
@BabuBeg 
@ns_verma 
@PinkyDholakia 
@chulbullychidya 
@snehalataj
@krishjojha 
@fotokiran
@sd12dec",,,,25/01/2017 17:04,https://twitter.com/#!/bhansali_jinal/status/824301842137894912,,,8.24302E+17,8.24217E+17
fotokiran,chulbullychidya,Mentions,26/01/2017 02:15,"@thexoxoday 
JoiN BuDdiEz 

@BabuBeg 
@ns_verma 
@PinkyDholakia 
@chulbullychidya 
@bhansali_jinal 
@iampratikjadhav 
@Sweet_Mirchi1",,,,26/01/2017 02:15,https://twitter.com/#!/fotokiran/status/824440563529240577,,,8.24441E+17,8.24217E+17
blessedkamal,chulbullychidya,Mentions,25/01/2017 14:01,"@thexoxoday 
JoiN BuDdiEz 
@aadiivaasii 
@BabuBeg 
@ns_verma 
@PinkyDholakia 
@chulbullychidya 
@snehalataj
@krishjojha 
@fotokiran
@sd12dec",,,,25/01/2017 14:01,https://twitter.com/#!/blessedkamal/status/824255861107212288,,,8.24256E+17,8.24217E+17
blessedkamal,blessedkam,Mentions,26/01/2017 02:26,"RT @girija_kriz: @thexoxoday love to experience  the new experience with my hubby
@BharatMaheshw16 
@KapreUmesh 
@chilly_kalps 
@blessedkam…",,,,26/01/2017 02:26,https://twitter.com/#!/blessedkamal/status/824443353357963265,,,8.24443E+17,
girija_kriz,chilly_kalps,Mentions,25/01/2017 15:47,"@thexoxoday Join Here : 

@ghunjain 
@kittupari31 
@8niranjan 
@AroonRathore 
@ekta_k88  
@snehalataj 
@chilly_kalps 
@KapreUmesh",,,,25/01/2017 15:47,https://twitter.com/#!/girija_kriz/status/824282517754613760,,,8.24283E+17,8.24256E+17
girija_kriz,chilly_kalps,Mentions,26/01/2017 02:21,"@thexoxoday love to experience  the new experience with my hubby
@BharatMaheshw16 
@KapreUmesh 
@chilly_kalps 
@blessedkamal 
@gpk_m",,,,26/01/2017 02:21,https://twitter.com/#!/girija_kriz/status/824442165174497280,,,8.24442E+17,8.24231E+17
blessedkamal,chilly_kalps,Mentions,26/01/2017 02:26,"RT @girija_kriz: @thexoxoday love to experience  the new experience with my hubby
@BharatMaheshw16 
@KapreUmesh 
@chilly_kalps 
@blessedkam…",,,,26/01/2017 02:26,https://twitter.com/#!/blessedkamal/status/824443353357963265,,,8.24443E+17,
girija_kriz,kapreumesh,Mentions,25/01/2017 15:47,"@thexoxoday Join Here : 

@ghunjain 
@kittupari31 
@8niranjan 
@AroonRathore 
@ekta_k88  
@snehalataj 
@chilly_kalps 
@KapreUmesh",,,,25/01/2017 15:47,https://twitter.com/#!/girija_kriz/status/824282517754613760,,,8.24283E+17,8.24256E+17
girija_kriz,kapreumesh,Mentions,26/01/2017 02:21,"@thexoxoday love to experience  the new experience with my hubby
@BharatMaheshw16 
@KapreUmesh 
@chilly_kalps 
@blessedkamal 
@gpk_m",,,,26/01/2017 02:21,https://twitter.com/#!/girija_kriz/status/824442165174497280,,,8.24442E+17,8.24231E+17
blessedkamal,kapreumesh,Mentions,26/01/2017 02:26,"RT @girija_kriz: @thexoxoday love to experience  the new experience with my hubby
@BharatMaheshw16 
@KapreUmesh 
@chilly_kalps 
@blessedkam…",,,,26/01/2017 02:26,https://twitter.com/#!/blessedkamal/status/824443353357963265,,,8.24443E+17,
shubh_softy,blessedkamal,Mentions,26/01/2017 04:16,@thexoxoday @fotokiran @ContestAlert @ContestAdventur @india4contests @contestmantra @ContestMela  @blessedkamal,,,,26/01/2017 04:16,https://twitter.com/#!/shubh_softy/status/824470946538987521,,,8.24471E+17,8.24256E+17
shubh_softy,contestmela,Mentions,26/01/2017 04:16,@thexoxoday @fotokiran @ContestAlert @ContestAdventur @india4contests @contestmantra @ContestMela  @blessedkamal,,,,26/01/2017 04:16,https://twitter.com/#!/shubh_softy/status/824470946538987521,,,8.24471E+17,8.24256E+17
shubh_softy,contestmantra,Mentions,26/01/2017 04:16,@thexoxoday @fotokiran @ContestAlert @ContestAdventur @india4contests @contestmantra @ContestMela  @blessedkamal,,,,26/01/2017 04:16,https://twitter.com/#!/shubh_softy/status/824470946538987521,,,8.24471E+17,8.24256E+17
shubh_softy,india4contests,Mentions,26/01/2017 04:16,@thexoxoday @fotokiran @ContestAlert @ContestAdventur @india4contests @contestmantra @ContestMela  @blessedkamal,,,,26/01/2017 04:16,https://twitter.com/#!/shubh_softy/status/824470946538987521,,,8.24471E+17,8.24256E+17
shubh_softy,contestadventur,Mentions,26/01/2017 04:16,@thexoxoday @fotokiran @ContestAlert @ContestAdventur @india4contests @contestmantra @ContestMela  @blessedkamal,,,,26/01/2017 04:16,https://twitter.com/#!/shubh_softy/status/824470946538987521,,,8.24471E+17,8.24256E+17
shubh_softy,contestalert,Mentions,26/01/2017 04:16,@thexoxoday @fotokiran @ContestAlert @ContestAdventur @india4contests @contestmantra @ContestMela  @blessedkamal,,,,26/01/2017 04:16,https://twitter.com/#!/shubh_softy/status/824470946538987521,,,8.24471E+17,8.24256E+17
shubh_softy,fotokiran,Mentions,26/01/2017 04:16,@thexoxoday @fotokiran @ContestAlert @ContestAdventur @india4contests @contestmantra @ContestMela  @blessedkamal,,,,26/01/2017 04:16,https://twitter.com/#!/shubh_softy/status/824470946538987521,,,8.24471E+17,8.24256E+17
shubh_softy,thexoxoday,Replies to,26/01/2017 04:16,@thexoxoday @fotokiran @ContestAlert @ContestAdventur @india4contests @contestmantra @ContestMela  @blessedkamal,,,,26/01/2017 04:16,https://twitter.com/#!/shubh_softy/status/824470946538987521,,,8.24471E+17,8.24256E+17
blessedkamal,shubh_softy,Mentions,26/01/2017 05:15,RT @shubh_softy: @thexoxoday @fotokiran @ContestAlert @ContestAdventur @india4contests @contestmantra @ContestMela  @blessedkamal,,,,26/01/2017 05:15,https://twitter.com/#!/blessedkamal/status/824486012663377920,,,8.24486E+17,
girija_kriz,harini_23,Mentions,26/01/2017 04:49,"@thexoxoday  Participate  
@pandey_anika 
@ankitpatial95  
@ImJhanvikapoor 
@blessedkamal 
@harini_23  
Happy RepublicDay",,,,26/01/2017 04:49,https://twitter.com/#!/girija_kriz/status/824479464637599744,,,8.24479E+17,8.24206E+17
blessedkamal,harini_23,Mentions,26/01/2017 05:16,"RT @girija_kriz: @thexoxoday  Participate  
@pandey_anika 
@ankitpatial95  
@ImJhanvikapoor 
@blessedkamal 
@harini_23  
Happy RepublicDay",,,,26/01/2017 05:16,https://twitter.com/#!/blessedkamal/status/824486217525784579,,,8.24486E+17,
girija_kriz,imjhanvikapoor,Mentions,26/01/2017 04:49,"@thexoxoday  Participate  
@pandey_anika 
@ankitpatial95  
@ImJhanvikapoor 
@blessedkamal 
@harini_23  
Happy RepublicDay",,,,26/01/2017 04:49,https://twitter.com/#!/girija_kriz/status/824479464637599744,,,8.24479E+17,8.24206E+17
blessedkamal,imjhanvikapoor,Mentions,26/01/2017 05:16,"RT @girija_kriz: @thexoxoday  Participate  
@pandey_anika 
@ankitpatial95  
@ImJhanvikapoor 
@blessedkamal 
@harini_23  
Happy RepublicDay",,,,26/01/2017 05:16,https://twitter.com/#!/blessedkamal/status/824486217525784579,,,8.24486E+17,
girija_kriz,ankitpatial95,Mentions,26/01/2017 04:49,"@thexoxoday  Participate  
@pandey_anika 
@ankitpatial95  
@ImJhanvikapoor 
@blessedkamal 
@harini_23  
Happy RepublicDay",,,,26/01/2017 04:49,https://twitter.com/#!/girija_kriz/status/824479464637599744,,,8.24479E+17,8.24206E+17
blessedkamal,ankitpatial95,Mentions,26/01/2017 05:16,"RT @girija_kriz: @thexoxoday  Participate  
@pandey_anika 
@ankitpatial95  
@ImJhanvikapoor 
@blessedkamal 
@harini_23  
Happy RepublicDay",,,,26/01/2017 05:16,https://twitter.com/#!/blessedkamal/status/824486217525784579,,,8.24486E+17,
girija_kriz,pandey_anika,Mentions,26/01/2017 04:49,"@thexoxoday  Participate  
@pandey_anika 
@ankitpatial95  
@ImJhanvikapoor 
@blessedkamal 
@harini_23  
Happy RepublicDay",,,,26/01/2017 04:49,https://twitter.com/#!/girija_kriz/status/824479464637599744,,,8.24479E+17,8.24206E+17
blessedkamal,pandey_anika,Mentions,26/01/2017 05:16,"RT @girija_kriz: @thexoxoday  Participate  
@pandey_anika 
@ankitpatial95  
@ImJhanvikapoor 
@blessedkamal 
@harini_23  
Happy RepublicDay",,,,26/01/2017 05:16,https://twitter.com/#!/blessedkamal/status/824486217525784579,,,8.24486E+17,
le_kukzoholic,azina_2545,Mentions,26/01/2017 05:47,"@thexoxoday I would like to go with my best pal @megha9jain 
Tagging my 5 friends @Raag_Chiraag @bombaybhai @sujatawde @WIN_eet @Azina_2545",,,,26/01/2017 05:47,https://twitter.com/#!/le_kukzoholic/status/824494017257893888,,,8.24494E+17,8.24217E+17
le_kukzoholic,win_eet,Mentions,26/01/2017 05:47,"@thexoxoday I would like to go with my best pal @megha9jain 
Tagging my 5 friends @Raag_Chiraag @bombaybhai @sujatawde @WIN_eet @Azina_2545",,,,26/01/2017 05:47,https://twitter.com/#!/le_kukzoholic/status/824494017257893888,,,8.24494E+17,8.24217E+17
harrymoore020,thexoxoday,Mentions,26/01/2017 05:49,RT @thexoxoday: Our contest is #LIVE! Follow us to #participate and #RT and tag 5 of your friends to #win! #ContestAlert #Contest https://t…,,,live participate rt win contestalert contest,26/01/2017 05:49,https://twitter.com/#!/harrymoore020/status/824494482590724096,,,8.24494E+17,
victoria__tweet,thexoxoday,Mentions,26/01/2017 05:50,RT @thexoxoday: Our contest is #LIVE! Follow us to #participate and #RT and tag 5 of your friends to #win! #ContestAlert #Contest https://t…,,,live participate rt win contestalert contest,26/01/2017 05:50,https://twitter.com/#!/victoria__tweet/status/824494628325953536,,,8.24495E+17,
vwheelman,dewcool2,Mentions,26/01/2017 05:55,RT @thexoxoday: Our #Contest is now live! #RT and tag 5 of your friends to #win an Audi R8 ride and dinner at Taj! #ContestAlert @dewcool2…,,,contest rt win contestalert,26/01/2017 05:55,https://twitter.com/#!/vwheelman/status/824495975104253952,,,8.24496E+17,
vwheelman,thexoxoday,Mentions,26/01/2017 05:55,RT @thexoxoday: Our #Contest is now live! #RT and tag 5 of your friends to #win an Audi R8 ride and dinner at Taj! #ContestAlert @dewcool2…,,,contest rt win contestalert,26/01/2017 05:55,https://twitter.com/#!/vwheelman/status/824495975104253952,,,8.24496E+17,
lavinapunjabi,love2party4ever,Mentions,26/01/2017 06:24,"@thexoxoday 
I want to go with my hubby @love2party4ever  for the ride and grand dinner as we both live life king size",,,,26/01/2017 06:24,https://twitter.com/#!/lavinapunjabi/status/824503290310242305,,,8.24503E+17,8.24217E+17
lavinapunjabi,thexoxoday,Mentions,26/01/2017 06:22,RT @thexoxoday: Our #Contest is #live! #RT and tag 5 of your friends to win this dream ride on an Audi R8 and a Dinner at Taj Mahal Palace!…,,,contest live rt,26/01/2017 06:22,https://twitter.com/#!/lavinapunjabi/status/824502779091640320,,,8.24503E+17,
lavinapunjabi,thexoxoday,Replies to,26/01/2017 06:24,"@thexoxoday 
I want to go with my hubby @love2party4ever  for the ride and grand dinner as we both live life king size",,,,26/01/2017 06:24,https://twitter.com/#!/lavinapunjabi/status/824503290310242305,,,8.24503E+17,8.24217E+17
karrivinodkumar,manaal_m16,Mentions,26/01/2017 06:09,@thexoxoday Here is my entry!@RTadepally u r choice.Hi @RTadepally @piyushpuri12 @IrinRinki @ekta_k88 @Manaal_M16 f… https://t.co/Q8M8DXnvgV,https://twitter.com/i/web/status/824499477331451904,twitter.com,,26/01/2017 06:09,https://twitter.com/#!/karrivinodkumar/status/824499477331451904,,,8.24499E+17,8.24217E+17
rtadepally,manaal_m16,Mentions,26/01/2017 06:33,RT @KARRIVINODKUMAR: @thexoxoday Here is my entry!@RTadepally u r choice.Hi @RTadepally @piyushpuri12 @IrinRinki @ekta_k88 @Manaal_M16 foll…,,,,26/01/2017 06:33,https://twitter.com/#!/rtadepally/status/824505607629766656,,,8.24506E+17,
remainwolds,thexoxoday,Mentions,26/01/2017 06:38,RT @thexoxoday: Our contest is #LIVE! Follow us to #participate and #RT and tag 5 of your friends to #win! #ContestAlert #Contest https://t…,,,live participate rt win contestalert contest,26/01/2017 06:38,https://twitter.com/#!/remainwolds/status/824506792222793733,,,8.24507E+17,
cropper_charlie,thexoxoday,Mentions,26/01/2017 06:45,RT @thexoxoday: Our contest is #LIVE! Follow us to #participate and #RT and tag 5 of your friends to #win! #ContestAlert #Contest https://t…,,,live participate rt win contestalert contest,26/01/2017 06:45,https://twitter.com/#!/cropper_charlie/status/824508541587324928,,,8.24509E+17,
royroy__1,thexoxoday,Mentions,26/01/2017 06:45,RT @thexoxoday: Our contest is #LIVE! Follow us to #participate and #RT and tag 5 of your friends to #win! #ContestAlert #Contest https://t…,,,live participate rt win contestalert contest,26/01/2017 06:45,https://twitter.com/#!/royroy__1/status/824508586239885312,,,8.24509E+17,
cookterry3,thexoxoday,Mentions,26/01/2017 06:45,RT @thexoxoday: Our contest is #LIVE! Follow us to #participate and #RT and tag 5 of your friends to #win! #ContestAlert #Contest https://t…,,,live participate rt win contestalert contest,26/01/2017 06:45,https://twitter.com/#!/cookterry3/status/824508598780825601,,,8.24509E+17,
lucas_effie,thexoxoday,Mentions,26/01/2017 06:45,RT @thexoxoday: Our contest is #LIVE! Follow us to #participate and #RT and tag 5 of your friends to #win! #ContestAlert #Contest https://t…,,,live participate rt win contestalert contest,26/01/2017 06:45,https://twitter.com/#!/lucas_effie/status/824508614773788673,,,8.24509E+17,
lorenasteele6,thexoxoday,Mentions,26/01/2017 06:45,RT @thexoxoday: Our contest is #LIVE! Follow us to #participate and #RT and tag 5 of your friends to #win! #ContestAlert #Contest https://t…,,,live participate rt win contestalert contest,26/01/2017 06:45,https://twitter.com/#!/lorenasteele6/status/824508627537002497,,,8.24509E+17,
isaak_issak,thexoxoday,Mentions,26/01/2017 06:45,RT @thexoxoday: Our contest is #LIVE! Follow us to #participate and #RT and tag 5 of your friends to #win! #ContestAlert #Contest https://t…,,,live participate rt win contestalert contest,26/01/2017 06:45,https://twitter.com/#!/isaak_issak/status/824508668217548801,,,8.24509E+17,
busy_mom32,thexoxoday,Mentions,26/01/2017 06:46,RT @thexoxoday: Our contest is #LIVE! Follow us to #participate and #RT and tag 5 of your friends to #win! #ContestAlert #Contest https://t…,,,live participate rt win contestalert contest,26/01/2017 06:46,https://twitter.com/#!/busy_mom32/status/824508699163185152,,,8.24509E+17,
legendrearingma,thexoxoday,Mentions,26/01/2017 07:02,RT @thexoxoday: Our contest is #LIVE! Follow us to #participate and #RT and tag 5 of your friends to #win! #ContestAlert #Contest https://t…,,,live participate rt win contestalert contest,26/01/2017 07:02,https://twitter.com/#!/legendrearingma/status/824512779243642880,,,8.24513E+17,
aroult22,thexoxoday,Mentions,26/01/2017 07:06,RT @thexoxoday: Our contest is #LIVE! Follow us to #participate and #RT and tag 5 of your friends to #win! #ContestAlert #Contest https://t…,,,live participate rt win contestalert contest,26/01/2017 07:06,https://twitter.com/#!/aroult22/status/824513864373002240,,,8.24514E+17,
usagecataract5,thexoxoday,Mentions,26/01/2017 07:08,RT @thexoxoday: Our contest is #LIVE! Follow us to #participate and #RT and tag 5 of your friends to #win! #ContestAlert #Contest https://t…,,,live participate rt win contestalert contest,26/01/2017 07:08,https://twitter.com/#!/usagecataract5/status/824514291437043712,,,8.24514E+17,
sighdezior,thexoxoday,Mentions,26/01/2017 07:13,RT @thexoxoday: Our contest is #LIVE! Follow us to #participate and #RT and tag 5 of your friends to #win! #ContestAlert #Contest https://t…,,,live participate rt win contestalert contest,26/01/2017 07:13,https://twitter.com/#!/sighdezior/status/824515535324975105,,,8.24516E+17,
directtrent,thexoxoday,Mentions,26/01/2017 07:18,RT @thexoxoday: Our contest is #LIVE! Follow us to #participate and #RT and tag 5 of your friends to #win! #ContestAlert #Contest https://t…,,,live participate rt win contestalert contest,26/01/2017 07:18,https://twitter.com/#!/directtrent/status/824516733402767360,,,8.24517E+17,
oldgenie1,thexoxoday,Mentions,26/01/2017 07:42,RT @thexoxoday: A shoutout to everyone who wants to #Participate! Our #contest is now live! Follow us to participate. #RT and tag 5 of your…,,,participate contest rt,26/01/2017 07:42,https://twitter.com/#!/oldgenie1/status/824522877873586176,,,8.24523E+17,
fhshrksjf,thexoxoday,Mentions,26/01/2017 07:42,RT @thexoxoday: A shoutout to everyone who wants to #Participate! Our #contest is now live! Follow us to participate. #RT and tag 5 of your…,,,participate contest rt,26/01/2017 07:42,https://twitter.com/#!/fhshrksjf/status/824523009151078401,,,8.24523E+17,
le_kukzoholic,bombaybhai,Mentions,26/01/2017 05:47,"@thexoxoday I would like to go with my best pal @megha9jain 
Tagging my 5 friends @Raag_Chiraag @bombaybhai @sujatawde @WIN_eet @Azina_2545",,,,26/01/2017 05:47,https://twitter.com/#!/le_kukzoholic/status/824494017257893888,,,8.24494E+17,8.24217E+17
sujatawde,bombaybhai,Mentions,26/01/2017 07:48,"RT @Le_KuKzOhOLiC: @thexoxoday I would like to go with my best pal @megha9jain 
Tagging my 5 friends @Raag_Chiraag @bombaybhai @sujatawde @…",,,,26/01/2017 07:48,https://twitter.com/#!/sujatawde/status/824524365970550785,,,8.24524E+17,
le_kukzoholic,raag_chiraag,Mentions,26/01/2017 05:47,"@thexoxoday I would like to go with my best pal @megha9jain 
Tagging my 5 friends @Raag_Chiraag @bombaybhai @sujatawde @WIN_eet @Azina_2545",,,,26/01/2017 05:47,https://twitter.com/#!/le_kukzoholic/status/824494017257893888,,,8.24494E+17,8.24217E+17
sujatawde,raag_chiraag,Mentions,26/01/2017 07:48,"RT @Le_KuKzOhOLiC: @thexoxoday I would like to go with my best pal @megha9jain 
Tagging my 5 friends @Raag_Chiraag @bombaybhai @sujatawde @…",,,,26/01/2017 07:48,https://twitter.com/#!/sujatawde/status/824524365970550785,,,8.24524E+17,
le_kukzoholic,megha9jain,Mentions,26/01/2017 05:47,"@thexoxoday I would like to go with my best pal @megha9jain 
Tagging my 5 friends @Raag_Chiraag @bombaybhai @sujatawde @WIN_eet @Azina_2545",,,,26/01/2017 05:47,https://twitter.com/#!/le_kukzoholic/status/824494017257893888,,,8.24494E+17,8.24217E+17
le_kukzoholic,megha9jain,Mentions,26/01/2017 05:49,@thexoxoday Shared my entry. Look forward to experience this awesome moment with my bestie @megha9jain 😊,,,,26/01/2017 05:49,https://twitter.com/#!/le_kukzoholic/status/824494390060183553,,,8.24494E+17,8.24217E+17
sujatawde,megha9jain,Mentions,26/01/2017 07:48,"RT @Le_KuKzOhOLiC: @thexoxoday I would like to go with my best pal @megha9jain 
Tagging my 5 friends @Raag_Chiraag @bombaybhai @sujatawde @…",,,,26/01/2017 07:48,https://twitter.com/#!/sujatawde/status/824524365970550785,,,8.24524E+17,
le_kukzoholic,thexoxoday,Mentions,26/01/2017 05:40,RT @thexoxoday: Our #Contest is #live! #RT and tag 5 of your friends to win this dream ride on an Audi R8 and a Dinner at Taj Mahal Palace!…,,,contest live rt,26/01/2017 05:40,https://twitter.com/#!/le_kukzoholic/status/824492076880519168,,,8.24492E+17,
le_kukzoholic,sujatawde,Mentions,26/01/2017 05:47,"@thexoxoday I would like to go with my best pal @megha9jain 
Tagging my 5 friends @Raag_Chiraag @bombaybhai @sujatawde @WIN_eet @Azina_2545",,,,26/01/2017 05:47,https://twitter.com/#!/le_kukzoholic/status/824494017257893888,,,8.24494E+17,8.24217E+17
le_kukzoholic,thexoxoday,Replies to,26/01/2017 05:47,"@thexoxoday I would like to go with my best pal @megha9jain 
Tagging my 5 friends @Raag_Chiraag @bombaybhai @sujatawde @WIN_eet @Azina_2545",,,,26/01/2017 05:47,https://twitter.com/#!/le_kukzoholic/status/824494017257893888,,,8.24494E+17,8.24217E+17
le_kukzoholic,thexoxoday,Mentions,26/01/2017 05:47,RT @thexoxoday: Our contest is #LIVE! Follow us to #participate and #RT and tag 5 of your friends to #win! #ContestAlert #Contest https://t…,,,live participate rt win contestalert contest,26/01/2017 05:47,https://twitter.com/#!/le_kukzoholic/status/824494038816530432,,,8.24494E+17,
le_kukzoholic,thexoxoday,Mentions,26/01/2017 05:47,RT @thexoxoday: Keep participating in our #contest to win an Audi Q3 ride and a lavish dinner for two at the Taj Mahal Palace! #ContestAler…,,,contest,26/01/2017 05:47,https://twitter.com/#!/le_kukzoholic/status/824494053651861504,,,8.24494E+17,
le_kukzoholic,thexoxoday,Mentions,26/01/2017 05:47,RT @thexoxoday: A shoutout to everyone who wants to #Participate! Our #contest is now live! Follow us to participate. #RT and tag 5 of your…,,,participate contest rt,26/01/2017 05:47,https://twitter.com/#!/le_kukzoholic/status/824494071075012611,,,8.24494E+17,
le_kukzoholic,dewcool2,Mentions,26/01/2017 05:48,RT @thexoxoday: Our #Contest is now live! #RT and tag 5 of your friends to #win an Audi R8 ride and dinner at Taj! #ContestAlert @dewcool2…,,,contest rt win contestalert,26/01/2017 05:48,https://twitter.com/#!/le_kukzoholic/status/824494085843156992,,,8.24494E+17,
le_kukzoholic,thexoxoday,Mentions,26/01/2017 05:48,RT @thexoxoday: Our #Contest is now live! #RT and tag 5 of your friends to #win an Audi R8 ride and dinner at Taj! #ContestAlert @dewcool2…,,,contest rt win contestalert,26/01/2017 05:48,https://twitter.com/#!/le_kukzoholic/status/824494085843156992,,,8.24494E+17,
le_kukzoholic,thexoxoday,Mentions,26/01/2017 05:48,RT @thexoxoday: We are #live with our #contest! Follow to participate. All you have to do is #RT and tag 5 of your friends to win! https://…,,,live contest rt,26/01/2017 05:48,https://twitter.com/#!/le_kukzoholic/status/824494096349794304,,,8.24494E+17,
le_kukzoholic,thexoxoday,Replies to,26/01/2017 05:49,@thexoxoday Shared my entry. Look forward to experience this awesome moment with my bestie @megha9jain 😊,,,,26/01/2017 05:49,https://twitter.com/#!/le_kukzoholic/status/824494390060183553,,,8.24494E+17,8.24217E+17
sujatawde,le_kukzoholic,Mentions,26/01/2017 07:48,"RT @Le_KuKzOhOLiC: @thexoxoday I would like to go with my best pal @megha9jain 
Tagging my 5 friends @Raag_Chiraag @bombaybhai @sujatawde @…",,,,26/01/2017 07:48,https://twitter.com/#!/sujatawde/status/824524365970550785,,,8.24524E+17,
sujatawde,thexoxoday,Mentions,26/01/2017 07:48,"RT @Le_KuKzOhOLiC: @thexoxoday I would like to go with my best pal @megha9jain 
Tagging my 5 friends @Raag_Chiraag @bombaybhai @sujatawde @…",,,,26/01/2017 07:48,https://twitter.com/#!/sujatawde/status/824524365970550785,,,8.24524E+17,
laughingcars,fatii1428,Mentions,26/01/2017 06:46,"RT @epicangel40: @thexoxoday Join Here : 

@LADHAI 
@epicking89 
@relishingrascal 
@laughingcars 
@fatii1428",,,,26/01/2017 06:46,https://twitter.com/#!/laughingcars/status/824508716741390338,,,8.24509E+17,
epicangel40,fatii1428,Mentions,26/01/2017 05:51,"@thexoxoday Join Here : 

@LADHAI 
@epicking89 
@relishingrascal 
@laughingcars 
@fatii1428",,,,26/01/2017 05:51,https://twitter.com/#!/epicangel40/status/824494994459422721,,,8.24495E+17,8.24256E+17
laughingcars,relishingrascal,Mentions,26/01/2017 06:46,"RT @epicangel40: @thexoxoday Join Here : 

@LADHAI 
@epicking89 
@relishingrascal 
@laughingcars 
@fatii1428",,,,26/01/2017 06:46,https://twitter.com/#!/laughingcars/status/824508716741390338,,,8.24509E+17,
epicangel40,relishingrascal,Mentions,26/01/2017 05:51,"@thexoxoday Join Here : 

@LADHAI 
@epicking89 
@relishingrascal 
@laughingcars 
@fatii1428",,,,26/01/2017 05:51,https://twitter.com/#!/epicangel40/status/824494994459422721,,,8.24495E+17,8.24256E+17
laughingcars,ladhai,Mentions,26/01/2017 06:46,"RT @epicangel40: @thexoxoday Join Here : 

@LADHAI 
@epicking89 
@relishingrascal 
@laughingcars 
@fatii1428",,,,26/01/2017 06:46,https://twitter.com/#!/laughingcars/status/824508716741390338,,,8.24509E+17,
epicangel40,ladhai,Mentions,26/01/2017 05:51,"@thexoxoday Join Here : 

@LADHAI 
@epicking89 
@relishingrascal 
@laughingcars 
@fatii1428",,,,26/01/2017 05:51,https://twitter.com/#!/epicangel40/status/824494994459422721,,,8.24495E+17,8.24256E+17
epicking89,thexoxoday,Mentions,26/01/2017 07:40,RT @epicangel40: @thexoxoday I want to go for this Grand dinner  with my hubby @epicking89,,,,26/01/2017 07:40,https://twitter.com/#!/epicking89/status/824522495705411584,,,8.24522E+17,
epicking89,epicangel40,Mentions,26/01/2017 07:40,RT @epicangel40: @thexoxoday I want to go for this Grand dinner  with my hubby @epicking89,,,,26/01/2017 07:40,https://twitter.com/#!/epicking89/status/824522495705411584,,,8.24522E+17,
laughingcars,epicking89,Mentions,26/01/2017 06:46,"RT @epicangel40: @thexoxoday Join Here : 

@LADHAI 
@epicking89 
@relishingrascal 
@laughingcars 
@fatii1428",,,,26/01/2017 06:46,https://twitter.com/#!/laughingcars/status/824508716741390338,,,8.24509E+17,
laughingcars,epicking89,Mentions,26/01/2017 07:43,@epicangel40 @epicking89 @thexoxoday yes both of u make a lovely couple #BestWishes fr a beautiful healthy n wealthy life 👍 surely u wil win,,,bestwishes,26/01/2017 07:43,https://twitter.com/#!/laughingcars/status/824523231017082880,,,8.24523E+17,8.24496E+17
epicangel40,epicking89,Mentions,26/01/2017 05:51,"@thexoxoday Join Here : 

@LADHAI 
@epicking89 
@relishingrascal 
@laughingcars 
@fatii1428",,,,26/01/2017 05:51,https://twitter.com/#!/epicangel40/status/824494994459422721,,,8.24495E+17,8.24256E+17
epicangel40,epicking89,Mentions,26/01/2017 05:54,@thexoxoday I want to go for this Grand dinner  with my hubby @epicking89,,,,26/01/2017 05:54,https://twitter.com/#!/epicangel40/status/824495810385768448,,,8.24496E+17,8.24217E+17
epicangel40,epicking89,Mentions,26/01/2017 08:23,RT @laughingcars: @epicangel40 @epicking89 @thexoxoday yes both of u make a lovely couple #BestWishes fr a beautiful healthy n wealthy life…,,,bestwishes,26/01/2017 08:23,https://twitter.com/#!/epicangel40/status/824533290711482368,,,8.24533E+17,
laughingcars,thexoxoday,Mentions,26/01/2017 06:46,"RT @epicangel40: @thexoxoday Join Here : 

@LADHAI 
@epicking89 
@relishingrascal 
@laughingcars 
@fatii1428",,,,26/01/2017 06:46,https://twitter.com/#!/laughingcars/status/824508716741390338,,,8.24509E+17,
laughingcars,epicangel40,Mentions,26/01/2017 06:46,"RT @epicangel40: @thexoxoday Join Here : 

@LADHAI 
@epicking89 
@relishingrascal 
@laughingcars 
@fatii1428",,,,26/01/2017 06:46,https://twitter.com/#!/laughingcars/status/824508716741390338,,,8.24509E+17,
laughingcars,thexoxoday,Mentions,26/01/2017 07:43,@epicangel40 @epicking89 @thexoxoday yes both of u make a lovely couple #BestWishes fr a beautiful healthy n wealthy life 👍 surely u wil win,,,bestwishes,26/01/2017 07:43,https://twitter.com/#!/laughingcars/status/824523231017082880,,,8.24523E+17,8.24496E+17
laughingcars,epicangel40,Replies to,26/01/2017 07:43,@epicangel40 @epicking89 @thexoxoday yes both of u make a lovely couple #BestWishes fr a beautiful healthy n wealthy life 👍 surely u wil win,,,bestwishes,26/01/2017 07:43,https://twitter.com/#!/laughingcars/status/824523231017082880,,,8.24523E+17,8.24496E+17
epicangel40,laughingcars,Mentions,26/01/2017 05:51,"@thexoxoday Join Here : 

@LADHAI 
@epicking89 
@relishingrascal 
@laughingcars 
@fatii1428",,,,26/01/2017 05:51,https://twitter.com/#!/epicangel40/status/824494994459422721,,,8.24495E+17,8.24256E+17
epicangel40,laughingcars,Mentions,26/01/2017 08:23,RT @laughingcars: @epicangel40 @epicking89 @thexoxoday yes both of u make a lovely couple #BestWishes fr a beautiful healthy n wealthy life…,,,bestwishes,26/01/2017 08:23,https://twitter.com/#!/epicangel40/status/824533290711482368,,,8.24533E+17,
epicangel40,thexoxoday,Mentions,26/01/2017 05:49,RT @thexoxoday: Our #Contest is #live! #RT and tag 5 of your friends to win this dream ride on an Audi R8 and a Dinner at Taj Mahal Palace!…,,,contest live rt,26/01/2017 05:49,https://twitter.com/#!/epicangel40/status/824494341683118080,,,8.24494E+17,
epicangel40,thexoxoday,Mentions,26/01/2017 05:49,RT @thexoxoday: Our contest is #LIVE! Follow us to #participate and #RT and tag 5 of your friends to #win! #ContestAlert #Contest https://t…,,,live participate rt win contestalert contest,26/01/2017 05:49,https://twitter.com/#!/epicangel40/status/824494396372611073,,,8.24494E+17,
epicangel40,thexoxoday,Replies to,26/01/2017 05:51,"@thexoxoday Join Here : 

@LADHAI 
@epicking89 
@relishingrascal 
@laughingcars 
@fatii1428",,,,26/01/2017 05:51,https://twitter.com/#!/epicangel40/status/824494994459422721,,,8.24495E+17,8.24256E+17
epicangel40,thexoxoday,Replies to,26/01/2017 05:54,@thexoxoday I want to go for this Grand dinner  with my hubby @epicking89,,,,26/01/2017 05:54,https://twitter.com/#!/epicangel40/status/824495810385768448,,,8.24496E+17,8.24217E+17
epicangel40,thexoxoday,Mentions,26/01/2017 08:23,RT @laughingcars: @epicangel40 @epicking89 @thexoxoday yes both of u make a lovely couple #BestWishes fr a beautiful healthy n wealthy life…,,,bestwishes,26/01/2017 08:23,https://twitter.com/#!/epicangel40/status/824533290711482368,,,8.24533E+17,
pavingstix,thexoxoday,Mentions,26/01/2017 08:32,RT @thexoxoday: Our contest is #LIVE! Follow us to #participate and #RT and tag 5 of your friends to #win! #ContestAlert #Contest https://t…,,,live participate rt win contestalert contest,26/01/2017 08:32,https://twitter.com/#!/pavingstix/status/824535487977287680,,,8.24535E+17,
diamondseye2,thexoxoday,Mentions,26/01/2017 08:42,RT @thexoxoday: Our contest is #LIVE! Follow us to #participate and #RT and tag 5 of your friends to #win! #ContestAlert #Contest https://t…,,,live participate rt win contestalert contest,26/01/2017 08:42,https://twitter.com/#!/diamondseye2/status/824537987111227392,,,8.24538E+17,
awesomeruby_,thexoxoday,Mentions,25/01/2017 14:42,RT @thexoxoday: Our contest is #LIVE! Follow us to #participate and #RT and tag 5 of your friends to #win! #ContestAlert #Contest https://t…,,,live participate rt win contestalert contest,25/01/2017 14:42,https://twitter.com/#!/awesomeruby_/status/824266120525991937,,,8.24266E+17,
awesomeruby_,thexoxoday,Mentions,26/01/2017 08:48,RT @thexoxoday: A shoutout to everyone who wants to #Participate! Our #contest is now live! Follow us to participate. #RT and tag 5 of your…,,,participate contest rt,26/01/2017 08:48,https://twitter.com/#!/awesomeruby_/status/824539423916318720,,,8.24539E+17,
garrenhonk5,thexoxoday,Mentions,26/01/2017 06:03,RT @thexoxoday: Our contest is #LIVE! Follow us to #participate and #RT and tag 5 of your friends to #win! #ContestAlert #Contest https://t…,,,live participate rt win contestalert contest,26/01/2017 06:03,https://twitter.com/#!/garrenhonk5/status/824497907705532416,,,8.24498E+17,
garrenhonk5,thexoxoday,Mentions,26/01/2017 08:57,RT @thexoxoday: A shoutout to everyone who wants to #Participate! Our #contest is now live! Follow us to participate. #RT and tag 5 of your…,,,participate contest rt,26/01/2017 08:57,https://twitter.com/#!/garrenhonk5/status/824541833086795776,,,8.24542E+17,
atroost3,thexoxoday,Mentions,26/01/2017 09:11,RT @thexoxoday: A shoutout to everyone who wants to #Participate! Our #contest is now live! Follow us to participate. #RT and tag 5 of your…,,,participate contest rt,26/01/2017 09:11,https://twitter.com/#!/atroost3/status/824545303755948032,,,8.24545E+17,
creece390,thexoxoday,Mentions,26/01/2017 09:17,RT @thexoxoday: Our contest is #LIVE! Follow us to #participate and #RT and tag 5 of your friends to #win! #ContestAlert #Contest https://t…,,,live participate rt win contestalert contest,26/01/2017 09:17,https://twitter.com/#!/creece390/status/824546850908893184,,,8.24547E+17,
shenaniganarmor,thexoxoday,Mentions,26/01/2017 06:44,RT @thexoxoday: Our contest is #LIVE! Follow us to #participate and #RT and tag 5 of your friends to #win! #ContestAlert #Contest https://t…,,,live participate rt win contestalert contest,26/01/2017 06:44,https://twitter.com/#!/shenaniganarmor/status/824508374893076480,,,8.24508E+17,
shenaniganarmor,thexoxoday,Mentions,26/01/2017 09:27,RT @thexoxoday: A shoutout to everyone who wants to #Participate! Our #contest is now live! Follow us to participate. #RT and tag 5 of your…,,,participate contest rt,26/01/2017 09:27,https://twitter.com/#!/shenaniganarmor/status/824549188469923841,,,8.24549E+17,
cupsboglava,thexoxoday,Mentions,26/01/2017 06:07,RT @thexoxoday: Our contest is #LIVE! Follow us to #participate and #RT and tag 5 of your friends to #win! #ContestAlert #Contest https://t…,,,live participate rt win contestalert contest,26/01/2017 06:07,https://twitter.com/#!/cupsboglava/status/824498940372516864,,,8.24499E+17,
cupsboglava,thexoxoday,Mentions,26/01/2017 09:39,RT @thexoxoday: A shoutout to everyone who wants to #Participate! Our #contest is now live! Follow us to participate. #RT and tag 5 of your…,,,participate contest rt,26/01/2017 09:39,https://twitter.com/#!/cupsboglava/status/824552272399101953,,,8.24552E+17,
speltrocky,thexoxoday,Mentions,26/01/2017 10:25,RT @thexoxoday: Our contest is #LIVE! Follow us to #participate and #RT and tag 5 of your friends to #win! #ContestAlert #Contest https://t…,,,live participate rt win contestalert contest,26/01/2017 10:25,https://twitter.com/#!/speltrocky/status/824563855795884032,,,8.24564E+17,
kumar623,rjulekha,Mentions,25/01/2017 13:39,@thexoxoday join  @alexguiarebello @MehekMahtani @Venki_PM @parasharzboy @Dhyani1811 @JDL_87 @RJulekha,,,,25/01/2017 13:39,https://twitter.com/#!/kumar623/status/824250454200774657,,,8.2425E+17,8.24217E+17
kumar623,jdl_87,Mentions,25/01/2017 13:39,@thexoxoday join  @alexguiarebello @MehekMahtani @Venki_PM @parasharzboy @Dhyani1811 @JDL_87 @RJulekha,,,,25/01/2017 13:39,https://twitter.com/#!/kumar623/status/824250454200774657,,,8.2425E+17,8.24217E+17
girija_kriz,kora_kagaj,Mentions,25/01/2017 15:48,"@thexoxoday Join Here : 

@genver1 
@SayyedJenifer 
@Poojab_14 
@Deepaadhan 
@e_sri_hari 
@Sagar2612 
@BharatMaheshw16 
@kora_kagaj",,,,25/01/2017 15:48,https://twitter.com/#!/girija_kriz/status/824282763511463936,,,8.24283E+17,8.24256E+17
girija_kriz,kora_kagaj,Mentions,25/01/2017 15:52,"@thexoxoday Join Here : 

@VHetal 
@VineetSonkar 
@snehalataj 
@style_icon13 
@kora_kagaj 
@OfficialRicha18  
@IhiruRoy 
@riyazali4312",,,,25/01/2017 15:52,https://twitter.com/#!/girija_kriz/status/824283745851015168,,,8.24284E+17,8.24217E+17
kumar623,kora_kagaj,Mentions,26/01/2017 10:42,@thexoxoday @SayyedJenifer  @Poojab_14  @Deepaadhan  @e_sri_hari  @Sagar2612  @BharatMaheshw16  @kora_kagaj,,,,26/01/2017 10:42,https://twitter.com/#!/kumar623/status/824568171831107584,,,8.24568E+17,8.24256E+17
bharatmaheshw16,e_sri_hari,Mentions,25/01/2017 15:50,"RT @girija_kriz: @thexoxoday Join Here : 

@genver1 
@SayyedJenifer 
@Poojab_14 
@Deepaadhan 
@e_sri_hari 
@Sagar2612 
@BharatMaheshw16 
@k…",,,,25/01/2017 15:50,https://twitter.com/#!/bharatmaheshw16/status/824283280862224386,,,8.24283E+17,
girija_kriz,e_sri_hari,Mentions,25/01/2017 15:48,"@thexoxoday Join Here : 

@genver1 
@SayyedJenifer 
@Poojab_14 
@Deepaadhan 
@e_sri_hari 
@Sagar2612 
@BharatMaheshw16 
@kora_kagaj",,,,25/01/2017 15:48,https://twitter.com/#!/girija_kriz/status/824282763511463936,,,8.24283E+17,8.24256E+17
kumar623,e_sri_hari,Mentions,26/01/2017 10:42,@thexoxoday @SayyedJenifer  @Poojab_14  @Deepaadhan  @e_sri_hari  @Sagar2612  @BharatMaheshw16  @kora_kagaj,,,,26/01/2017 10:42,https://twitter.com/#!/kumar623/status/824568171831107584,,,8.24568E+17,8.24256E+17
kumar623,dhyani1811,Mentions,25/01/2017 13:39,@thexoxoday join  @alexguiarebello @MehekMahtani @Venki_PM @parasharzboy @Dhyani1811 @JDL_87 @RJulekha,,,,25/01/2017 13:39,https://twitter.com/#!/kumar623/status/824250454200774657,,,8.2425E+17,8.24217E+17
kumar623,parasharzboy,Mentions,25/01/2017 13:39,@thexoxoday join  @alexguiarebello @MehekMahtani @Venki_PM @parasharzboy @Dhyani1811 @JDL_87 @RJulekha,,,,25/01/2017 13:39,https://twitter.com/#!/kumar623/status/824250454200774657,,,8.2425E+17,8.24217E+17
kumar623,venki_pm,Mentions,25/01/2017 13:39,@thexoxoday join  @alexguiarebello @MehekMahtani @Venki_PM @parasharzboy @Dhyani1811 @JDL_87 @RJulekha,,,,25/01/2017 13:39,https://twitter.com/#!/kumar623/status/824250454200774657,,,8.2425E+17,8.24217E+17
kumar623,mehekmahtani,Mentions,25/01/2017 13:39,@thexoxoday join  @alexguiarebello @MehekMahtani @Venki_PM @parasharzboy @Dhyani1811 @JDL_87 @RJulekha,,,,25/01/2017 13:39,https://twitter.com/#!/kumar623/status/824250454200774657,,,8.2425E+17,8.24217E+17
kumar623,alexguiarebello,Mentions,25/01/2017 13:39,@thexoxoday join  @alexguiarebello @MehekMahtani @Venki_PM @parasharzboy @Dhyani1811 @JDL_87 @RJulekha,,,,25/01/2017 13:39,https://twitter.com/#!/kumar623/status/824250454200774657,,,8.2425E+17,8.24217E+17
kumar623,thexoxoday,Replies to,25/01/2017 13:39,@thexoxoday join  @alexguiarebello @MehekMahtani @Venki_PM @parasharzboy @Dhyani1811 @JDL_87 @RJulekha,,,,25/01/2017 13:39,https://twitter.com/#!/kumar623/status/824250454200774657,,,8.2425E+17,8.24217E+17
kumar623,musicali12,Mentions,25/01/2017 13:40,@thexoxoday Join @geetusri @soodabhinav08  @Anupama75  @Acharyaempire  @MusicALi12,,,,25/01/2017 13:40,https://twitter.com/#!/kumar623/status/824250635734384640,,,8.24251E+17,8.24217E+17
kumar623,acharyaempire,Mentions,25/01/2017 13:40,@thexoxoday Join @geetusri @soodabhinav08  @Anupama75  @Acharyaempire  @MusicALi12,,,,25/01/2017 13:40,https://twitter.com/#!/kumar623/status/824250635734384640,,,8.24251E+17,8.24217E+17
kumar623,anupama75,Mentions,25/01/2017 13:40,@thexoxoday Join @geetusri @soodabhinav08  @Anupama75  @Acharyaempire  @MusicALi12,,,,25/01/2017 13:40,https://twitter.com/#!/kumar623/status/824250635734384640,,,8.24251E+17,8.24217E+17
kumar623,soodabhinav08,Mentions,25/01/2017 13:40,@thexoxoday Join @geetusri @soodabhinav08  @Anupama75  @Acharyaempire  @MusicALi12,,,,25/01/2017 13:40,https://twitter.com/#!/kumar623/status/824250635734384640,,,8.24251E+17,8.24217E+17
kumar623,geetusri,Mentions,25/01/2017 13:40,@thexoxoday Join @geetusri @soodabhinav08  @Anupama75  @Acharyaempire  @MusicALi12,,,,25/01/2017 13:40,https://twitter.com/#!/kumar623/status/824250635734384640,,,8.24251E+17,8.24217E+17
kumar623,thexoxoday,Replies to,25/01/2017 13:40,@thexoxoday Join @geetusri @soodabhinav08  @Anupama75  @Acharyaempire  @MusicALi12,,,,25/01/2017 13:40,https://twitter.com/#!/kumar623/status/824250635734384640,,,8.24251E+17,8.24217E+17
kumar623,imbevda,Mentions,25/01/2017 13:43,"@thexoxoday I want to go for this Grand dinner  @Dishantyagnik77. 

Tagging @ameeta3 @pjptl55 @kittupari31 @aditikaps @imbevda",,,,25/01/2017 13:43,https://twitter.com/#!/kumar623/status/824251364352069632,,,8.24251E+17,8.24217E+17
kumar623,aditikaps,Mentions,25/01/2017 13:43,"@thexoxoday I want to go for this Grand dinner  @Dishantyagnik77. 

Tagging @ameeta3 @pjptl55 @kittupari31 @aditikaps @imbevda",,,,25/01/2017 13:43,https://twitter.com/#!/kumar623/status/824251364352069632,,,8.24251E+17,8.24217E+17
kumar623,kittupari31,Mentions,25/01/2017 13:43,"@thexoxoday I want to go for this Grand dinner  @Dishantyagnik77. 

Tagging @ameeta3 @pjptl55 @kittupari31 @aditikaps @imbevda",,,,25/01/2017 13:43,https://twitter.com/#!/kumar623/status/824251364352069632,,,8.24251E+17,8.24217E+17
kumar623,pjptl55,Mentions,25/01/2017 13:43,"@thexoxoday I want to go for this Grand dinner  @Dishantyagnik77. 

Tagging @ameeta3 @pjptl55 @kittupari31 @aditikaps @imbevda",,,,25/01/2017 13:43,https://twitter.com/#!/kumar623/status/824251364352069632,,,8.24251E+17,8.24217E+17
kumar623,ameeta3,Mentions,25/01/2017 13:43,"@thexoxoday I want to go for this Grand dinner  @Dishantyagnik77. 

Tagging @ameeta3 @pjptl55 @kittupari31 @aditikaps @imbevda",,,,25/01/2017 13:43,https://twitter.com/#!/kumar623/status/824251364352069632,,,8.24251E+17,8.24217E+17
kumar623,dishantyagnik77,Mentions,25/01/2017 13:43,"@thexoxoday I want to go for this Grand dinner  @Dishantyagnik77. 

Tagging @ameeta3 @pjptl55 @kittupari31 @aditikaps @imbevda",,,,25/01/2017 13:43,https://twitter.com/#!/kumar623/status/824251364352069632,,,8.24251E+17,8.24217E+17
kumar623,thexoxoday,Replies to,25/01/2017 13:43,"@thexoxoday I want to go for this Grand dinner  @Dishantyagnik77. 

Tagging @ameeta3 @pjptl55 @kittupari31 @aditikaps @imbevda",,,,25/01/2017 13:43,https://twitter.com/#!/kumar623/status/824251364352069632,,,8.24251E+17,8.24217E+17
kumar623,bharatmaheshw16,Mentions,26/01/2017 10:42,@thexoxoday @SayyedJenifer  @Poojab_14  @Deepaadhan  @e_sri_hari  @Sagar2612  @BharatMaheshw16  @kora_kagaj,,,,26/01/2017 10:42,https://twitter.com/#!/kumar623/status/824568171831107584,,,8.24568E+17,8.24256E+17
kumar623,sagar2612,Mentions,26/01/2017 10:42,@thexoxoday @SayyedJenifer  @Poojab_14  @Deepaadhan  @e_sri_hari  @Sagar2612  @BharatMaheshw16  @kora_kagaj,,,,26/01/2017 10:42,https://twitter.com/#!/kumar623/status/824568171831107584,,,8.24568E+17,8.24256E+17
kumar623,deepaadhan,Mentions,26/01/2017 10:42,@thexoxoday @SayyedJenifer  @Poojab_14  @Deepaadhan  @e_sri_hari  @Sagar2612  @BharatMaheshw16  @kora_kagaj,,,,26/01/2017 10:42,https://twitter.com/#!/kumar623/status/824568171831107584,,,8.24568E+17,8.24256E+17
kumar623,poojab_14,Mentions,26/01/2017 10:42,@thexoxoday @SayyedJenifer  @Poojab_14  @Deepaadhan  @e_sri_hari  @Sagar2612  @BharatMaheshw16  @kora_kagaj,,,,26/01/2017 10:42,https://twitter.com/#!/kumar623/status/824568171831107584,,,8.24568E+17,8.24256E+17
kumar623,sayyedjenifer,Mentions,26/01/2017 10:42,@thexoxoday @SayyedJenifer  @Poojab_14  @Deepaadhan  @e_sri_hari  @Sagar2612  @BharatMaheshw16  @kora_kagaj,,,,26/01/2017 10:42,https://twitter.com/#!/kumar623/status/824568171831107584,,,8.24568E+17,8.24256E+17
kumar623,thexoxoday,Replies to,26/01/2017 10:42,@thexoxoday @SayyedJenifer  @Poojab_14  @Deepaadhan  @e_sri_hari  @Sagar2612  @BharatMaheshw16  @kora_kagaj,,,,26/01/2017 10:42,https://twitter.com/#!/kumar623/status/824568171831107584,,,8.24568E+17,8.24256E+17
kumar623,thexoxoday,Mentions,26/01/2017 10:42,RT @thexoxoday: Our contest is #LIVE! Follow us to #participate and #RT and tag 5 of your friends to #win! #ContestAlert #Contest https://t…,,,live participate rt win contestalert contest,26/01/2017 10:42,https://twitter.com/#!/kumar623/status/824568189501771776,,,8.24568E+17,
contestadventur,cwinnerscom,Mentions,25/01/2017 11:12,Join in @thexoxoday @UTContests @Contest_Centre @iheartcontest @ContestBuzz @ContestHouse @contestpal @InnoContest @ContestMela @cwinnerscom,,,,25/01/2017 11:12,https://twitter.com/#!/contestadventur/status/824213427224616960,,,8.24213E+17,8.24208E+17
contestadventur,innocontest,Mentions,25/01/2017 11:12,Join in @thexoxoday @UTContests @Contest_Centre @iheartcontest @ContestBuzz @ContestHouse @contestpal @InnoContest @ContestMela @cwinnerscom,,,,25/01/2017 11:12,https://twitter.com/#!/contestadventur/status/824213427224616960,,,8.24213E+17,8.24208E+17
contestadventur,contestpal,Mentions,25/01/2017 11:12,Join in @thexoxoday @UTContests @Contest_Centre @iheartcontest @ContestBuzz @ContestHouse @contestpal @InnoContest @ContestMela @cwinnerscom,,,,25/01/2017 11:12,https://twitter.com/#!/contestadventur/status/824213427224616960,,,8.24213E+17,8.24208E+17
contestadventur,contestbuzz,Mentions,25/01/2017 11:12,Join in @thexoxoday @UTContests @Contest_Centre @iheartcontest @ContestBuzz @ContestHouse @contestpal @InnoContest @ContestMela @cwinnerscom,,,,25/01/2017 11:12,https://twitter.com/#!/contestadventur/status/824213427224616960,,,8.24213E+17,8.24208E+17
contestadventur,contest_centre,Mentions,25/01/2017 11:12,Join in @thexoxoday @UTContests @Contest_Centre @iheartcontest @ContestBuzz @ContestHouse @contestpal @InnoContest @ContestMela @cwinnerscom,,,,25/01/2017 11:12,https://twitter.com/#!/contestadventur/status/824213427224616960,,,8.24213E+17,8.24208E+17
contestadventur,utcontests,Mentions,25/01/2017 11:12,Join in @thexoxoday @UTContests @Contest_Centre @iheartcontest @ContestBuzz @ContestHouse @contestpal @InnoContest @ContestMela @cwinnerscom,,,,25/01/2017 11:12,https://twitter.com/#!/contestadventur/status/824213427224616960,,,8.24213E+17,8.24208E+17
contestadventur,straightcontest,Mentions,25/01/2017 11:13,Join in @thexoxoday @GoWinPrizes @NewsContest @FreeContestForU @ContestsVan @ContestBee @StraightContest @contest_world @IndianContests,,,,25/01/2017 11:13,https://twitter.com/#!/contestadventur/status/824213577007403009,,,8.24214E+17,8.24208E+17
contestadventur,contestbee,Mentions,25/01/2017 11:13,Join in @thexoxoday @GoWinPrizes @NewsContest @FreeContestForU @ContestsVan @ContestBee @StraightContest @contest_world @IndianContests,,,,25/01/2017 11:13,https://twitter.com/#!/contestadventur/status/824213577007403009,,,8.24214E+17,8.24208E+17
contestadventur,contestsvan,Mentions,25/01/2017 11:13,Join in @thexoxoday @GoWinPrizes @NewsContest @FreeContestForU @ContestsVan @ContestBee @StraightContest @contest_world @IndianContests,,,,25/01/2017 11:13,https://twitter.com/#!/contestadventur/status/824213577007403009,,,8.24214E+17,8.24208E+17
contestadventur,freecontestforu,Mentions,25/01/2017 11:13,Join in @thexoxoday @GoWinPrizes @NewsContest @FreeContestForU @ContestsVan @ContestBee @StraightContest @contest_world @IndianContests,,,,25/01/2017 11:13,https://twitter.com/#!/contestadventur/status/824213577007403009,,,8.24214E+17,8.24208E+17
contestadventur,newscontest,Mentions,25/01/2017 11:13,Join in @thexoxoday @GoWinPrizes @NewsContest @FreeContestForU @ContestsVan @ContestBee @StraightContest @contest_world @IndianContests,,,,25/01/2017 11:13,https://twitter.com/#!/contestadventur/status/824213577007403009,,,8.24214E+17,8.24208E+17
contestadventur,gowinprizes,Mentions,25/01/2017 11:13,Join in @thexoxoday @GoWinPrizes @NewsContest @FreeContestForU @ContestsVan @ContestBee @StraightContest @contest_world @IndianContests,,,,25/01/2017 11:13,https://twitter.com/#!/contestadventur/status/824213577007403009,,,8.24214E+17,8.24208E+17
contestadventur,contestreminder,Mentions,25/01/2017 11:13,"Join in @thexoxoday @Contestmumbai @india4contests
@ContestAlert @BadmashDip @ContestKiDuniya @About_Contest @ContestReminder",,,,25/01/2017 11:13,https://twitter.com/#!/contestadventur/status/824213667902173184,,,8.24214E+17,8.24208E+17
contestadventur,about_contest,Mentions,25/01/2017 11:13,"Join in @thexoxoday @Contestmumbai @india4contests
@ContestAlert @BadmashDip @ContestKiDuniya @About_Contest @ContestReminder",,,,25/01/2017 11:13,https://twitter.com/#!/contestadventur/status/824213667902173184,,,8.24214E+17,8.24208E+17
sarathkevinjoy,cocontest,Mentions,25/01/2017 11:23,RT @ContestAdventur: Join in @thexoxoday @win_prizes_UK @sarathkevinjoy @CoContest @JohnTerence_A @contests2share @thefreejinn @Contest_Ale…,,,,25/01/2017 11:23,https://twitter.com/#!/sarathkevinjoy/status/824216161164394496,,,8.24216E+17,
johnterence_a,cocontest,Mentions,25/01/2017 11:30,RT @ContestAdventur: Join in @thexoxoday @win_prizes_UK @sarathkevinjoy @CoContest @JohnTerence_A @contests2share @thefreejinn @Contest_Ale…,,,,25/01/2017 11:30,https://twitter.com/#!/johnterence_a/status/824217925590675457,,,8.24218E+17,
contestadventur,cocontest,Mentions,25/01/2017 11:14,Join in @thexoxoday @win_prizes_UK @sarathkevinjoy @CoContest @JohnTerence_A @contests2share @thefreejinn @Contest_Alert @Contest_Hub,,,,25/01/2017 11:14,https://twitter.com/#!/contestadventur/status/824213845170229248,,,8.24214E+17,8.24208E+17
sarathkevinjoy,win_prizes_uk,Mentions,25/01/2017 11:23,RT @ContestAdventur: Join in @thexoxoday @win_prizes_UK @sarathkevinjoy @CoContest @JohnTerence_A @contests2share @thefreejinn @Contest_Ale…,,,,25/01/2017 11:23,https://twitter.com/#!/sarathkevinjoy/status/824216161164394496,,,8.24216E+17,
johnterence_a,win_prizes_uk,Mentions,25/01/2017 11:30,RT @ContestAdventur: Join in @thexoxoday @win_prizes_UK @sarathkevinjoy @CoContest @JohnTerence_A @contests2share @thefreejinn @Contest_Ale…,,,,25/01/2017 11:30,https://twitter.com/#!/johnterence_a/status/824217925590675457,,,8.24218E+17,
contestadventur,win_prizes_uk,Mentions,25/01/2017 11:14,Join in @thexoxoday @win_prizes_UK @sarathkevinjoy @CoContest @JohnTerence_A @contests2share @thefreejinn @Contest_Alert @Contest_Hub,,,,25/01/2017 11:14,https://twitter.com/#!/contestadventur/status/824213845170229248,,,8.24214E+17,8.24208E+17
contestadventur,contest_in,Mentions,25/01/2017 11:17,Join in @thexoxoday @india4contests @ContestsInIndia @ContestSource @contestmantra @Contest_in @Contest_Hub @ContestsInIndia @ContestJinn,,,,25/01/2017 11:17,https://twitter.com/#!/contestadventur/status/824214491885805570,,,8.24214E+17,8.24208E+17
contestadventur,indiagrunlien,Mentions,25/01/2017 11:17,Join in @thexoxoday @giveaway_india @ShopIndiaDotCom @IndiaGrunlien @india4contests @ContestHouse @thefreejinn,,,,25/01/2017 11:17,https://twitter.com/#!/contestadventur/status/824214606390304772,,,8.24215E+17,8.24208E+17
contestadventur,shopindiadotcom,Mentions,25/01/2017 11:17,Join in @thexoxoday @giveaway_india @ShopIndiaDotCom @IndiaGrunlien @india4contests @ContestHouse @thefreejinn,,,,25/01/2017 11:17,https://twitter.com/#!/contestadventur/status/824214606390304772,,,8.24215E+17,8.24208E+17
contestadventur,vinod_cookware,Mentions,25/01/2017 11:43,"Join in
@thexoxoday
@Sangakkarasures
@vimalramasamy19
@BuzzingTracks
@cyrilmas8
@mervinkajar
@contest_world
@BajajAllianzLIC
@Vinod_Cookware",,,,25/01/2017 11:43,https://twitter.com/#!/contestadventur/status/824221271181271040,,,8.24221E+17,8.24217E+17
contestadventur,bajajallianzlic,Mentions,25/01/2017 11:43,"Join in
@thexoxoday
@Sangakkarasures
@vimalramasamy19
@BuzzingTracks
@cyrilmas8
@mervinkajar
@contest_world
@BajajAllianzLIC
@Vinod_Cookware",,,,25/01/2017 11:43,https://twitter.com/#!/contestadventur/status/824221271181271040,,,8.24221E+17,8.24217E+17
contestadventur,contest_world,Mentions,25/01/2017 11:13,Join in @thexoxoday @GoWinPrizes @NewsContest @FreeContestForU @ContestsVan @ContestBee @StraightContest @contest_world @IndianContests,,,,25/01/2017 11:13,https://twitter.com/#!/contestadventur/status/824213577007403009,,,8.24214E+17,8.24208E+17
contestadventur,contest_world,Mentions,25/01/2017 11:43,"Join in
@thexoxoday
@Sangakkarasures
@vimalramasamy19
@BuzzingTracks
@cyrilmas8
@mervinkajar
@contest_world
@BajajAllianzLIC
@Vinod_Cookware",,,,25/01/2017 11:43,https://twitter.com/#!/contestadventur/status/824221271181271040,,,8.24221E+17,8.24217E+17
contestadventur,mervinkajar,Mentions,25/01/2017 11:43,"Join in
@thexoxoday
@Sangakkarasures
@vimalramasamy19
@BuzzingTracks
@cyrilmas8
@mervinkajar
@contest_world
@BajajAllianzLIC
@Vinod_Cookware",,,,25/01/2017 11:43,https://twitter.com/#!/contestadventur/status/824221271181271040,,,8.24221E+17,8.24217E+17
contestadventur,cyrilmas8,Mentions,25/01/2017 11:43,"Join in
@thexoxoday
@Sangakkarasures
@vimalramasamy19
@BuzzingTracks
@cyrilmas8
@mervinkajar
@contest_world
@BajajAllianzLIC
@Vinod_Cookware",,,,25/01/2017 11:43,https://twitter.com/#!/contestadventur/status/824221271181271040,,,8.24221E+17,8.24217E+17
contestadventur,buzzingtracks,Mentions,25/01/2017 11:43,"Join in
@thexoxoday
@Sangakkarasures
@vimalramasamy19
@BuzzingTracks
@cyrilmas8
@mervinkajar
@contest_world
@BajajAllianzLIC
@Vinod_Cookware",,,,25/01/2017 11:43,https://twitter.com/#!/contestadventur/status/824221271181271040,,,8.24221E+17,8.24217E+17
contestadventur,vimalramasamy19,Mentions,25/01/2017 11:43,"Join in
@thexoxoday
@Sangakkarasures
@vimalramasamy19
@BuzzingTracks
@cyrilmas8
@mervinkajar
@contest_world
@BajajAllianzLIC
@Vinod_Cookware",,,,25/01/2017 11:43,https://twitter.com/#!/contestadventur/status/824221271181271040,,,8.24221E+17,8.24217E+17
contestadventur,sangakkarasures,Mentions,25/01/2017 11:43,"Join in
@thexoxoday
@Sangakkarasures
@vimalramasamy19
@BuzzingTracks
@cyrilmas8
@mervinkajar
@contest_world
@BajajAllianzLIC
@Vinod_Cookware",,,,25/01/2017 11:43,https://twitter.com/#!/contestadventur/status/824221271181271040,,,8.24221E+17,8.24217E+17
contestadventur,dlf_cyberhub,Mentions,25/01/2017 11:44,"Join in
@thexoxoday
@SamsungMobileIN
@contestmantra
@YatraOfficial
@CrownitApp
@dominos_india
@ArtistAloud
@SonyPicsIndia
@dlf_cyberhub",,,,25/01/2017 11:44,https://twitter.com/#!/contestadventur/status/824221352764678145,,,8.24221E+17,8.24217E+17
contestadventur,sonypicsindia,Mentions,25/01/2017 11:44,"Join in
@thexoxoday
@SamsungMobileIN
@contestmantra
@YatraOfficial
@CrownitApp
@dominos_india
@ArtistAloud
@SonyPicsIndia
@dlf_cyberhub",,,,25/01/2017 11:44,https://twitter.com/#!/contestadventur/status/824221352764678145,,,8.24221E+17,8.24217E+17
contestadventur,artistaloud,Mentions,25/01/2017 11:44,"Join in
@thexoxoday
@SamsungMobileIN
@contestmantra
@YatraOfficial
@CrownitApp
@dominos_india
@ArtistAloud
@SonyPicsIndia
@dlf_cyberhub",,,,25/01/2017 11:44,https://twitter.com/#!/contestadventur/status/824221352764678145,,,8.24221E+17,8.24217E+17
contestadventur,dominos_india,Mentions,25/01/2017 11:44,"Join in
@thexoxoday
@SamsungMobileIN
@contestmantra
@YatraOfficial
@CrownitApp
@dominos_india
@ArtistAloud
@SonyPicsIndia
@dlf_cyberhub",,,,25/01/2017 11:44,https://twitter.com/#!/contestadventur/status/824221352764678145,,,8.24221E+17,8.24217E+17
contestadventur,crownitapp,Mentions,25/01/2017 11:44,"Join in
@thexoxoday
@SamsungMobileIN
@contestmantra
@YatraOfficial
@CrownitApp
@dominos_india
@ArtistAloud
@SonyPicsIndia
@dlf_cyberhub",,,,25/01/2017 11:44,https://twitter.com/#!/contestadventur/status/824221352764678145,,,8.24221E+17,8.24217E+17
contestadventur,yatraofficial,Mentions,25/01/2017 11:44,"Join in
@thexoxoday
@SamsungMobileIN
@contestmantra
@YatraOfficial
@CrownitApp
@dominos_india
@ArtistAloud
@SonyPicsIndia
@dlf_cyberhub",,,,25/01/2017 11:44,https://twitter.com/#!/contestadventur/status/824221352764678145,,,8.24221E+17,8.24217E+17
contestadventur,samsungmobilein,Mentions,25/01/2017 11:44,"Join in
@thexoxoday
@SamsungMobileIN
@contestmantra
@YatraOfficial
@CrownitApp
@dominos_india
@ArtistAloud
@SonyPicsIndia
@dlf_cyberhub",,,,25/01/2017 11:44,https://twitter.com/#!/contestadventur/status/824221352764678145,,,8.24221E+17,8.24217E+17
contestadventur,priyanagpal5,Mentions,25/01/2017 11:44,"Join in
@thexoxoday
@DhabaClaridges
@CDHspeaks
@Tata_Crucible
@PitaPitIndia
@burmaburmaindia
@clubmahindra
@bhaskarajay22
@PRIYANAGPAL5",,,,25/01/2017 11:44,https://twitter.com/#!/contestadventur/status/824221414819385346,,,8.24221E+17,8.24217E+17
contestadventur,bhaskarajay22,Mentions,25/01/2017 11:44,"Join in
@thexoxoday
@DhabaClaridges
@CDHspeaks
@Tata_Crucible
@PitaPitIndia
@burmaburmaindia
@clubmahindra
@bhaskarajay22
@PRIYANAGPAL5",,,,25/01/2017 11:44,https://twitter.com/#!/contestadventur/status/824221414819385346,,,8.24221E+17,8.24217E+17
contestadventur,clubmahindra,Mentions,25/01/2017 11:44,"Join in
@thexoxoday
@DhabaClaridges
@CDHspeaks
@Tata_Crucible
@PitaPitIndia
@burmaburmaindia
@clubmahindra
@bhaskarajay22
@PRIYANAGPAL5",,,,25/01/2017 11:44,https://twitter.com/#!/contestadventur/status/824221414819385346,,,8.24221E+17,8.24217E+17
contestadventur,burmaburmaindia,Mentions,25/01/2017 11:44,"Join in
@thexoxoday
@DhabaClaridges
@CDHspeaks
@Tata_Crucible
@PitaPitIndia
@burmaburmaindia
@clubmahindra
@bhaskarajay22
@PRIYANAGPAL5",,,,25/01/2017 11:44,https://twitter.com/#!/contestadventur/status/824221414819385346,,,8.24221E+17,8.24217E+17
contestadventur,pitapitindia,Mentions,25/01/2017 11:44,"Join in
@thexoxoday
@DhabaClaridges
@CDHspeaks
@Tata_Crucible
@PitaPitIndia
@burmaburmaindia
@clubmahindra
@bhaskarajay22
@PRIYANAGPAL5",,,,25/01/2017 11:44,https://twitter.com/#!/contestadventur/status/824221414819385346,,,8.24221E+17,8.24217E+17
contestadventur,tata_crucible,Mentions,25/01/2017 11:44,"Join in
@thexoxoday
@DhabaClaridges
@CDHspeaks
@Tata_Crucible
@PitaPitIndia
@burmaburmaindia
@clubmahindra
@bhaskarajay22
@PRIYANAGPAL5",,,,25/01/2017 11:44,https://twitter.com/#!/contestadventur/status/824221414819385346,,,8.24221E+17,8.24217E+17
contestadventur,cdhspeaks,Mentions,25/01/2017 11:44,"Join in
@thexoxoday
@DhabaClaridges
@CDHspeaks
@Tata_Crucible
@PitaPitIndia
@burmaburmaindia
@clubmahindra
@bhaskarajay22
@PRIYANAGPAL5",,,,25/01/2017 11:44,https://twitter.com/#!/contestadventur/status/824221414819385346,,,8.24221E+17,8.24217E+17
contestadventur,dhabaclaridges,Mentions,25/01/2017 11:44,"Join in
@thexoxoday
@DhabaClaridges
@CDHspeaks
@Tata_Crucible
@PitaPitIndia
@burmaburmaindia
@clubmahindra
@bhaskarajay22
@PRIYANAGPAL5",,,,25/01/2017 11:44,https://twitter.com/#!/contestadventur/status/824221414819385346,,,8.24221E+17,8.24217E+17
contestadventur,akazukin73,Mentions,25/01/2017 11:44,"Join in
@thexoxoday
@bhindevivek
@conovision
@HarshKu39201703
@piyushyadav6821
@iamharjotsingh
@Nitin25748
@abinp6
@akazukin73",,,,25/01/2017 11:44,https://twitter.com/#!/contestadventur/status/824221487104045056,,,8.24221E+17,8.24217E+17
contestadventur,abinp6,Mentions,25/01/2017 11:44,"Join in
@thexoxoday
@bhindevivek
@conovision
@HarshKu39201703
@piyushyadav6821
@iamharjotsingh
@Nitin25748
@abinp6
@akazukin73",,,,25/01/2017 11:44,https://twitter.com/#!/contestadventur/status/824221487104045056,,,8.24221E+17,8.24217E+17
contestadventur,nitin25748,Mentions,25/01/2017 11:44,"Join in
@thexoxoday
@bhindevivek
@conovision
@HarshKu39201703
@piyushyadav6821
@iamharjotsingh
@Nitin25748
@abinp6
@akazukin73",,,,25/01/2017 11:44,https://twitter.com/#!/contestadventur/status/824221487104045056,,,8.24221E+17,8.24217E+17
contestadventur,iamharjotsingh,Mentions,25/01/2017 11:44,"Join in
@thexoxoday
@bhindevivek
@conovision
@HarshKu39201703
@piyushyadav6821
@iamharjotsingh
@Nitin25748
@abinp6
@akazukin73",,,,25/01/2017 11:44,https://twitter.com/#!/contestadventur/status/824221487104045056,,,8.24221E+17,8.24217E+17
contestadventur,piyushyadav6821,Mentions,25/01/2017 11:44,"Join in
@thexoxoday
@bhindevivek
@conovision
@HarshKu39201703
@piyushyadav6821
@iamharjotsingh
@Nitin25748
@abinp6
@akazukin73",,,,25/01/2017 11:44,https://twitter.com/#!/contestadventur/status/824221487104045056,,,8.24221E+17,8.24217E+17
contestadventur,conovision,Mentions,25/01/2017 11:44,"Join in
@thexoxoday
@bhindevivek
@conovision
@HarshKu39201703
@piyushyadav6821
@iamharjotsingh
@Nitin25748
@abinp6
@akazukin73",,,,25/01/2017 11:44,https://twitter.com/#!/contestadventur/status/824221487104045056,,,8.24221E+17,8.24217E+17
contestadventur,bhindevivek,Mentions,25/01/2017 11:44,"Join in
@thexoxoday
@bhindevivek
@conovision
@HarshKu39201703
@piyushyadav6821
@iamharjotsingh
@Nitin25748
@abinp6
@akazukin73",,,,25/01/2017 11:44,https://twitter.com/#!/contestadventur/status/824221487104045056,,,8.24221E+17,8.24217E+17
contestadventur,solo_sush,Mentions,25/01/2017 11:45,"Join in
@thexoxoday
 @Shrutikoorichh1
@krutinraj007
@CharuuBatraa
@Positive_Nature
@786Cool_Boy
@Dianapenty
@Selenagomez
@solo_sush",,,,25/01/2017 11:45,https://twitter.com/#!/contestadventur/status/824221647515172864,,,8.24222E+17,8.24217E+17
contestadventur,selenagomez,Mentions,25/01/2017 11:45,"Join in
@thexoxoday
 @Shrutikoorichh1
@krutinraj007
@CharuuBatraa
@Positive_Nature
@786Cool_Boy
@Dianapenty
@Selenagomez
@solo_sush",,,,25/01/2017 11:45,https://twitter.com/#!/contestadventur/status/824221647515172864,,,8.24222E+17,8.24217E+17
contestadventur,dianapenty,Mentions,25/01/2017 11:45,"Join in
@thexoxoday
 @Shrutikoorichh1
@krutinraj007
@CharuuBatraa
@Positive_Nature
@786Cool_Boy
@Dianapenty
@Selenagomez
@solo_sush",,,,25/01/2017 11:45,https://twitter.com/#!/contestadventur/status/824221647515172864,,,8.24222E+17,8.24217E+17
contestadventur,786cool_boy,Mentions,25/01/2017 11:45,"Join in
@thexoxoday
 @Shrutikoorichh1
@krutinraj007
@CharuuBatraa
@Positive_Nature
@786Cool_Boy
@Dianapenty
@Selenagomez
@solo_sush",,,,25/01/2017 11:45,https://twitter.com/#!/contestadventur/status/824221647515172864,,,8.24222E+17,8.24217E+17
contestadventur,positive_nature,Mentions,25/01/2017 11:45,"Join in
@thexoxoday
 @Shrutikoorichh1
@krutinraj007
@CharuuBatraa
@Positive_Nature
@786Cool_Boy
@Dianapenty
@Selenagomez
@solo_sush",,,,25/01/2017 11:45,https://twitter.com/#!/contestadventur/status/824221647515172864,,,8.24222E+17,8.24217E+17
contestadventur,charuubatraa,Mentions,25/01/2017 11:45,"Join in
@thexoxoday
 @Shrutikoorichh1
@krutinraj007
@CharuuBatraa
@Positive_Nature
@786Cool_Boy
@Dianapenty
@Selenagomez
@solo_sush",,,,25/01/2017 11:45,https://twitter.com/#!/contestadventur/status/824221647515172864,,,8.24222E+17,8.24217E+17
contestadventur,krutinraj007,Mentions,25/01/2017 11:45,"Join in
@thexoxoday
 @Shrutikoorichh1
@krutinraj007
@CharuuBatraa
@Positive_Nature
@786Cool_Boy
@Dianapenty
@Selenagomez
@solo_sush",,,,25/01/2017 11:45,https://twitter.com/#!/contestadventur/status/824221647515172864,,,8.24222E+17,8.24217E+17
contestadventur,shrutikoorichh1,Mentions,25/01/2017 11:45,"Join in
@thexoxoday
 @Shrutikoorichh1
@krutinraj007
@CharuuBatraa
@Positive_Nature
@786Cool_Boy
@Dianapenty
@Selenagomez
@solo_sush",,,,25/01/2017 11:45,https://twitter.com/#!/contestadventur/status/824221647515172864,,,8.24222E+17,8.24217E+17
contestadventur,gurkiratsi,Mentions,25/01/2017 11:45,"Join in
@thexoxoday
@sm_influencer
@BansalRajesh19
@Rajendra9Prasad
@sidhdharthsoni
@JaaneDeBe
@tania_shakalaka
@digitalera313
@GurkiratSi",,,,25/01/2017 11:45,https://twitter.com/#!/contestadventur/status/824221726141661184,,,8.24222E+17,8.24217E+17
1985luckygal,digitalera313,Mentions,25/01/2017 12:27,"@thexoxoday #win #RT #contest 

Tagging my pure mumbaikar friends -- @shabbir_ard @Being_Akbar @pjptl55 @poojari_shruti @digitalera313",,,win rt contest,25/01/2017 12:27,https://twitter.com/#!/1985luckygal/status/824232128485343232,,,8.24232E+17,8.24217E+17
contestadventur,digitalera313,Mentions,25/01/2017 11:45,"Join in
@thexoxoday
@sm_influencer
@BansalRajesh19
@Rajendra9Prasad
@sidhdharthsoni
@JaaneDeBe
@tania_shakalaka
@digitalera313
@GurkiratSi",,,,25/01/2017 11:45,https://twitter.com/#!/contestadventur/status/824221726141661184,,,8.24222E+17,8.24217E+17
contestadventur,tania_shakalaka,Mentions,25/01/2017 11:45,"Join in
@thexoxoday
@sm_influencer
@BansalRajesh19
@Rajendra9Prasad
@sidhdharthsoni
@JaaneDeBe
@tania_shakalaka
@digitalera313
@GurkiratSi",,,,25/01/2017 11:45,https://twitter.com/#!/contestadventur/status/824221726141661184,,,8.24222E+17,8.24217E+17
contestadventur,jaanedebe,Mentions,25/01/2017 11:45,"Join in
@thexoxoday
@sm_influencer
@BansalRajesh19
@Rajendra9Prasad
@sidhdharthsoni
@JaaneDeBe
@tania_shakalaka
@digitalera313
@GurkiratSi",,,,25/01/2017 11:45,https://twitter.com/#!/contestadventur/status/824221726141661184,,,8.24222E+17,8.24217E+17
contestadventur,sidhdharthsoni,Mentions,25/01/2017 11:45,"Join in
@thexoxoday
@sm_influencer
@BansalRajesh19
@Rajendra9Prasad
@sidhdharthsoni
@JaaneDeBe
@tania_shakalaka
@digitalera313
@GurkiratSi",,,,25/01/2017 11:45,https://twitter.com/#!/contestadventur/status/824221726141661184,,,8.24222E+17,8.24217E+17
contestadventur,rajendra9prasad,Mentions,25/01/2017 11:45,"Join in
@thexoxoday
@sm_influencer
@BansalRajesh19
@Rajendra9Prasad
@sidhdharthsoni
@JaaneDeBe
@tania_shakalaka
@digitalera313
@GurkiratSi",,,,25/01/2017 11:45,https://twitter.com/#!/contestadventur/status/824221726141661184,,,8.24222E+17,8.24217E+17
contestadventur,bansalrajesh19,Mentions,25/01/2017 11:45,"Join in
@thexoxoday
@sm_influencer
@BansalRajesh19
@Rajendra9Prasad
@sidhdharthsoni
@JaaneDeBe
@tania_shakalaka
@digitalera313
@GurkiratSi",,,,25/01/2017 11:45,https://twitter.com/#!/contestadventur/status/824221726141661184,,,8.24222E+17,8.24217E+17
contestadventur,sm_influencer,Mentions,25/01/2017 11:45,"Join in
@thexoxoday
@sm_influencer
@BansalRajesh19
@Rajendra9Prasad
@sidhdharthsoni
@JaaneDeBe
@tania_shakalaka
@digitalera313
@GurkiratSi",,,,25/01/2017 11:45,https://twitter.com/#!/contestadventur/status/824221726141661184,,,8.24222E+17,8.24217E+17
contestadventur,jkarfa,Mentions,25/01/2017 11:46,"Join in
@thexoxoday
@MishraPintu2
@nain_ranveer
@SizzlingNaveen
@kamalesh_balaji
@parmjotpannu12
@Roseguna1
@Barjinder1991
@JKarfa",,,,25/01/2017 11:46,https://twitter.com/#!/contestadventur/status/824221791774048262,,,8.24222E+17,8.24217E+17
contestadventur,barjinder1991,Mentions,25/01/2017 11:46,"Join in
@thexoxoday
@MishraPintu2
@nain_ranveer
@SizzlingNaveen
@kamalesh_balaji
@parmjotpannu12
@Roseguna1
@Barjinder1991
@JKarfa",,,,25/01/2017 11:46,https://twitter.com/#!/contestadventur/status/824221791774048262,,,8.24222E+17,8.24217E+17
contestadventur,roseguna1,Mentions,25/01/2017 11:46,"Join in
@thexoxoday
@MishraPintu2
@nain_ranveer
@SizzlingNaveen
@kamalesh_balaji
@parmjotpannu12
@Roseguna1
@Barjinder1991
@JKarfa",,,,25/01/2017 11:46,https://twitter.com/#!/contestadventur/status/824221791774048262,,,8.24222E+17,8.24217E+17
contestadventur,parmjotpannu12,Mentions,25/01/2017 11:46,"Join in
@thexoxoday
@MishraPintu2
@nain_ranveer
@SizzlingNaveen
@kamalesh_balaji
@parmjotpannu12
@Roseguna1
@Barjinder1991
@JKarfa",,,,25/01/2017 11:46,https://twitter.com/#!/contestadventur/status/824221791774048262,,,8.24222E+17,8.24217E+17
contestadventur,kamalesh_balaji,Mentions,25/01/2017 11:46,"Join in
@thexoxoday
@MishraPintu2
@nain_ranveer
@SizzlingNaveen
@kamalesh_balaji
@parmjotpannu12
@Roseguna1
@Barjinder1991
@JKarfa",,,,25/01/2017 11:46,https://twitter.com/#!/contestadventur/status/824221791774048262,,,8.24222E+17,8.24217E+17
contestadventur,nain_ranveer,Mentions,25/01/2017 11:46,"Join in
@thexoxoday
@MishraPintu2
@nain_ranveer
@SizzlingNaveen
@kamalesh_balaji
@parmjotpannu12
@Roseguna1
@Barjinder1991
@JKarfa",,,,25/01/2017 11:46,https://twitter.com/#!/contestadventur/status/824221791774048262,,,8.24222E+17,8.24217E+17
contestadventur,mishrapintu2,Mentions,25/01/2017 11:46,"Join in
@thexoxoday
@MishraPintu2
@nain_ranveer
@SizzlingNaveen
@kamalesh_balaji
@parmjotpannu12
@Roseguna1
@Barjinder1991
@JKarfa",,,,25/01/2017 11:46,https://twitter.com/#!/contestadventur/status/824221791774048262,,,8.24222E+17,8.24217E+17
contestadventur,contestsinindia,Mentions,25/01/2017 11:17,Join in @thexoxoday @india4contests @ContestsInIndia @ContestSource @contestmantra @Contest_in @Contest_Hub @ContestsInIndia @ContestJinn,,,,25/01/2017 11:17,https://twitter.com/#!/contestadventur/status/824214491885805570,,,8.24214E+17,8.24208E+17
contestadventur,contestsinindia,Mentions,25/01/2017 11:46,"Join in
@thexoxoday
@sujaykoner
@imVkohli
@KKRiders
@krmayank13
@IntexBrand
@ContestHouse
@IndianContests
@ContestsInIndia
@Contest_Hub",,,,25/01/2017 11:46,https://twitter.com/#!/contestadventur/status/824221931209510912,,,8.24222E+17,8.24217E+17
contestadventur,contesthouse,Mentions,25/01/2017 11:12,Join in @thexoxoday @UTContests @Contest_Centre @iheartcontest @ContestBuzz @ContestHouse @contestpal @InnoContest @ContestMela @cwinnerscom,,,,25/01/2017 11:12,https://twitter.com/#!/contestadventur/status/824213427224616960,,,8.24213E+17,8.24208E+17
contestadventur,contesthouse,Mentions,25/01/2017 11:17,Join in @thexoxoday @giveaway_india @ShopIndiaDotCom @IndiaGrunlien @india4contests @ContestHouse @thefreejinn,,,,25/01/2017 11:17,https://twitter.com/#!/contestadventur/status/824214606390304772,,,8.24215E+17,8.24208E+17
contestadventur,contesthouse,Mentions,25/01/2017 11:46,"Join in
@thexoxoday
@sujaykoner
@imVkohli
@KKRiders
@krmayank13
@IntexBrand
@ContestHouse
@IndianContests
@ContestsInIndia
@Contest_Hub",,,,25/01/2017 11:46,https://twitter.com/#!/contestadventur/status/824221931209510912,,,8.24222E+17,8.24217E+17
contestadventur,intexbrand,Mentions,25/01/2017 11:46,"Join in
@thexoxoday
@sujaykoner
@imVkohli
@KKRiders
@krmayank13
@IntexBrand
@ContestHouse
@IndianContests
@ContestsInIndia
@Contest_Hub",,,,25/01/2017 11:46,https://twitter.com/#!/contestadventur/status/824221931209510912,,,8.24222E+17,8.24217E+17
contestadventur,krmayank13,Mentions,25/01/2017 11:46,"Join in
@thexoxoday
@sujaykoner
@imVkohli
@KKRiders
@krmayank13
@IntexBrand
@ContestHouse
@IndianContests
@ContestsInIndia
@Contest_Hub",,,,25/01/2017 11:46,https://twitter.com/#!/contestadventur/status/824221931209510912,,,8.24222E+17,8.24217E+17
contestadventur,kkriders,Mentions,25/01/2017 11:46,"Join in
@thexoxoday
@sujaykoner
@imVkohli
@KKRiders
@krmayank13
@IntexBrand
@ContestHouse
@IndianContests
@ContestsInIndia
@Contest_Hub",,,,25/01/2017 11:46,https://twitter.com/#!/contestadventur/status/824221931209510912,,,8.24222E+17,8.24217E+17
contestadventur,imvkohli,Mentions,25/01/2017 11:46,"Join in
@thexoxoday
@sujaykoner
@imVkohli
@KKRiders
@krmayank13
@IntexBrand
@ContestHouse
@IndianContests
@ContestsInIndia
@Contest_Hub",,,,25/01/2017 11:46,https://twitter.com/#!/contestadventur/status/824221931209510912,,,8.24222E+17,8.24217E+17
contestadventur,sujaykoner,Mentions,25/01/2017 11:46,"Join in
@thexoxoday
@sujaykoner
@imVkohli
@KKRiders
@krmayank13
@IntexBrand
@ContestHouse
@IndianContests
@ContestsInIndia
@Contest_Hub",,,,25/01/2017 11:46,https://twitter.com/#!/contestadventur/status/824221931209510912,,,8.24222E+17,8.24217E+17
contestadventur,vandanadhingra,Mentions,25/01/2017 11:46,"Join in
@thexoxoday
@india4contests
@ContestAlert
@ContestJinn
@piyushpuri12
@Sagar2612
@VHetal
@harveensachdeva
@Vandanadhingra",,,,25/01/2017 11:46,https://twitter.com/#!/contestadventur/status/824222004983119872,,,8.24222E+17,8.24217E+17
contestadventur,harveensachdeva,Mentions,25/01/2017 11:46,"Join in
@thexoxoday
@india4contests
@ContestAlert
@ContestJinn
@piyushpuri12
@Sagar2612
@VHetal
@harveensachdeva
@Vandanadhingra",,,,25/01/2017 11:46,https://twitter.com/#!/contestadventur/status/824222004983119872,,,8.24222E+17,8.24217E+17
sagar2612,bhansalidigna,Mentions,25/01/2017 12:58,RT @jayeshmehta377: @thexoxoday I would like to go for dinner with my friend @jayshreemehta83  @shikhabhansali9  @BhansaliDigna  @22minalme…,,,,25/01/2017 12:58,https://twitter.com/#!/sagar2612/status/824240027961999360,,,8.2424E+17,
sagar2612,jayshreemehta83,Mentions,25/01/2017 12:58,RT @jayeshmehta377: @thexoxoday I would like to go for dinner with my friend @jayshreemehta83  @shikhabhansali9  @BhansaliDigna  @22minalme…,,,,25/01/2017 12:58,https://twitter.com/#!/sagar2612/status/824240027961999360,,,8.2424E+17,
sagar2612,thexoxoday,Mentions,25/01/2017 12:58,RT @jayeshmehta377: @thexoxoday I would like to go for dinner with my friend @jayshreemehta83  @shikhabhansali9  @BhansaliDigna  @22minalme…,,,,25/01/2017 12:58,https://twitter.com/#!/sagar2612/status/824240027961999360,,,8.2424E+17,
bharatmaheshw16,sagar2612,Mentions,25/01/2017 15:50,"RT @girija_kriz: @thexoxoday Join Here : 

@genver1 
@SayyedJenifer 
@Poojab_14 
@Deepaadhan 
@e_sri_hari 
@Sagar2612 
@BharatMaheshw16 
@k…",,,,25/01/2017 15:50,https://twitter.com/#!/bharatmaheshw16/status/824283280862224386,,,8.24283E+17,
girija_kriz,sagar2612,Mentions,25/01/2017 15:48,"@thexoxoday Join Here : 

@genver1 
@SayyedJenifer 
@Poojab_14 
@Deepaadhan 
@e_sri_hari 
@Sagar2612 
@BharatMaheshw16 
@kora_kagaj",,,,25/01/2017 15:48,https://twitter.com/#!/girija_kriz/status/824282763511463936,,,8.24283E+17,8.24256E+17
contestadventur,sagar2612,Mentions,25/01/2017 11:46,"Join in
@thexoxoday
@india4contests
@ContestAlert
@ContestJinn
@piyushpuri12
@Sagar2612
@VHetal
@harveensachdeva
@Vandanadhingra",,,,25/01/2017 11:46,https://twitter.com/#!/contestadventur/status/824222004983119872,,,8.24222E+17,8.24217E+17
karrivinodkumar,piyushpuri12,Mentions,26/01/2017 06:09,@thexoxoday Here is my entry!@RTadepally u r choice.Hi @RTadepally @piyushpuri12 @IrinRinki @ekta_k88 @Manaal_M16 f… https://t.co/Q8M8DXnvgV,https://twitter.com/i/web/status/824499477331451904,twitter.com,,26/01/2017 06:09,https://twitter.com/#!/karrivinodkumar/status/824499477331451904,,,8.24499E+17,8.24217E+17
rtadepally,piyushpuri12,Mentions,26/01/2017 06:33,RT @KARRIVINODKUMAR: @thexoxoday Here is my entry!@RTadepally u r choice.Hi @RTadepally @piyushpuri12 @IrinRinki @ekta_k88 @Manaal_M16 foll…,,,,26/01/2017 06:33,https://twitter.com/#!/rtadepally/status/824505607629766656,,,8.24506E+17,
contestadventur,piyushpuri12,Mentions,25/01/2017 11:46,"Join in
@thexoxoday
@india4contests
@ContestAlert
@ContestJinn
@piyushpuri12
@Sagar2612
@VHetal
@harveensachdeva
@Vandanadhingra",,,,25/01/2017 11:46,https://twitter.com/#!/contestadventur/status/824222004983119872,,,8.24222E+17,8.24217E+17
contestadventur,contestjinn,Mentions,25/01/2017 11:17,Join in @thexoxoday @india4contests @ContestsInIndia @ContestSource @contestmantra @Contest_in @Contest_Hub @ContestsInIndia @ContestJinn,,,,25/01/2017 11:17,https://twitter.com/#!/contestadventur/status/824214491885805570,,,8.24214E+17,8.24208E+17
contestadventur,contestjinn,Mentions,25/01/2017 11:46,"Join in
@thexoxoday
@india4contests
@ContestAlert
@ContestJinn
@piyushpuri12
@Sagar2612
@VHetal
@harveensachdeva
@Vandanadhingra",,,,25/01/2017 11:46,https://twitter.com/#!/contestadventur/status/824222004983119872,,,8.24222E+17,8.24217E+17
contestadventur,sonia_sodah,Mentions,25/01/2017 11:47,"Join in
@thexoxoday
@Divine_Shruti
@SayyedJenifer
@Poojab_14
@Deepaadhan
@udta_sarfaraz
@pretty_priyanka
@sonia_sodah
@SnehalataJ",,,,25/01/2017 11:47,https://twitter.com/#!/contestadventur/status/824222098532864000,,,8.24222E+17,8.24217E+17
contestadventur,pretty_priyanka,Mentions,25/01/2017 11:47,"Join in
@thexoxoday
@Divine_Shruti
@SayyedJenifer
@Poojab_14
@Deepaadhan
@udta_sarfaraz
@pretty_priyanka
@sonia_sodah
@SnehalataJ",,,,25/01/2017 11:47,https://twitter.com/#!/contestadventur/status/824222098532864000,,,8.24222E+17,8.24217E+17
contestadventur,udta_sarfaraz,Mentions,25/01/2017 11:47,"Join in
@thexoxoday
@Divine_Shruti
@SayyedJenifer
@Poojab_14
@Deepaadhan
@udta_sarfaraz
@pretty_priyanka
@sonia_sodah
@SnehalataJ",,,,25/01/2017 11:47,https://twitter.com/#!/contestadventur/status/824222098532864000,,,8.24222E+17,8.24217E+17
rehanak55,deepaadhan,Mentions,25/01/2017 12:07,"@thexoxoday #Contest Join in 
@anahitairani1 
@tofarzeen 
@BeShakthi 
@sd12dec 
@Deepaadhan 
@godsowntalk 
@blessedkamal 
@KARRIVINODKUMAR",,,contest,25/01/2017 12:07,https://twitter.com/#!/rehanak55/status/824227151524331520,,,8.24227E+17,8.24217E+17
bharatmaheshw16,deepaadhan,Mentions,25/01/2017 15:50,"RT @girija_kriz: @thexoxoday Join Here : 

@genver1 
@SayyedJenifer 
@Poojab_14 
@Deepaadhan 
@e_sri_hari 
@Sagar2612 
@BharatMaheshw16 
@k…",,,,25/01/2017 15:50,https://twitter.com/#!/bharatmaheshw16/status/824283280862224386,,,8.24283E+17,
bharatmaheshw16,deepaadhan,Mentions,25/01/2017 15:50,"RT @girija_kriz: @thexoxoday Join Here : 

@Deepaadhan 
@gpk_m 
@genver1 
@VanduLilaraman 
@BharatMaheshw16 
@sugandhadixit85 
@Racer_Veb…",,,,25/01/2017 15:50,https://twitter.com/#!/bharatmaheshw16/status/824283296741916672,,,8.24283E+17,
fotokiran,deepaadhan,Mentions,26/01/2017 02:13,"@thexoxoday Join Here : 

@ghunjain 
@misty_basu 
@ns_verma 
@Deepaadhan 
@Sweet_Mirchi1 
@iampratikjadhav 
@PinkyDholakia 
@jayshreemehta83",,,,26/01/2017 02:13,https://twitter.com/#!/fotokiran/status/824440034094772224,,,8.2444E+17,8.24256E+17
girija_kriz,deepaadhan,Mentions,25/01/2017 15:46,"@thexoxoday Join Here : 

@Deepaadhan 
@gpk_m 
@genver1 
@VanduLilaraman 
@BharatMaheshw16 
@sugandhadixit85 
@Racer_Veb 
@Bruntha_Ramani",,,,25/01/2017 15:46,https://twitter.com/#!/girija_kriz/status/824282226145628160,,,8.24282E+17,8.24256E+17
girija_kriz,deepaadhan,Mentions,25/01/2017 15:48,"@thexoxoday Join Here : 

@genver1 
@SayyedJenifer 
@Poojab_14 
@Deepaadhan 
@e_sri_hari 
@Sagar2612 
@BharatMaheshw16 
@kora_kagaj",,,,25/01/2017 15:48,https://twitter.com/#!/girija_kriz/status/824282763511463936,,,8.24283E+17,8.24256E+17
contestadventur,deepaadhan,Mentions,25/01/2017 11:47,"Join in
@thexoxoday
@Divine_Shruti
@SayyedJenifer
@Poojab_14
@Deepaadhan
@udta_sarfaraz
@pretty_priyanka
@sonia_sodah
@SnehalataJ",,,,25/01/2017 11:47,https://twitter.com/#!/contestadventur/status/824222098532864000,,,8.24222E+17,8.24217E+17
contestadventur,divine_shruti,Mentions,25/01/2017 11:47,"Join in
@thexoxoday
@Divine_Shruti
@SayyedJenifer
@Poojab_14
@Deepaadhan
@udta_sarfaraz
@pretty_priyanka
@sonia_sodah
@SnehalataJ",,,,25/01/2017 11:47,https://twitter.com/#!/contestadventur/status/824222098532864000,,,8.24222E+17,8.24217E+17
contestadventur,gmail,Mentions,25/01/2017 11:47,"Join in
@thexoxoday
@vanduchoudhary
@gurjeet_chhabra
@jaidkaaarti
@manojkumarv0201
@Jatinsuri6
@RajasreeDas94
@ContestBasket
@gmail",,,,25/01/2017 11:47,https://twitter.com/#!/contestadventur/status/824222175829757952,,,8.24222E+17,8.24217E+17
contestadventur,contestbasket,Mentions,25/01/2017 11:47,"Join in
@thexoxoday
@vanduchoudhary
@gurjeet_chhabra
@jaidkaaarti
@manojkumarv0201
@Jatinsuri6
@RajasreeDas94
@ContestBasket
@gmail",,,,25/01/2017 11:47,https://twitter.com/#!/contestadventur/status/824222175829757952,,,8.24222E+17,8.24217E+17
contestadventur,rajasreedas94,Mentions,25/01/2017 11:47,"Join in
@thexoxoday
@vanduchoudhary
@gurjeet_chhabra
@jaidkaaarti
@manojkumarv0201
@Jatinsuri6
@RajasreeDas94
@ContestBasket
@gmail",,,,25/01/2017 11:47,https://twitter.com/#!/contestadventur/status/824222175829757952,,,8.24222E+17,8.24217E+17
contestadventur,jatinsuri6,Mentions,25/01/2017 11:47,"Join in
@thexoxoday
@vanduchoudhary
@gurjeet_chhabra
@jaidkaaarti
@manojkumarv0201
@Jatinsuri6
@RajasreeDas94
@ContestBasket
@gmail",,,,25/01/2017 11:47,https://twitter.com/#!/contestadventur/status/824222175829757952,,,8.24222E+17,8.24217E+17
contestadventur,manojkumarv0201,Mentions,25/01/2017 11:47,"Join in
@thexoxoday
@vanduchoudhary
@gurjeet_chhabra
@jaidkaaarti
@manojkumarv0201
@Jatinsuri6
@RajasreeDas94
@ContestBasket
@gmail",,,,25/01/2017 11:47,https://twitter.com/#!/contestadventur/status/824222175829757952,,,8.24222E+17,8.24217E+17
contestadventur,jaidkaaarti,Mentions,25/01/2017 11:47,"Join in
@thexoxoday
@vanduchoudhary
@gurjeet_chhabra
@jaidkaaarti
@manojkumarv0201
@Jatinsuri6
@RajasreeDas94
@ContestBasket
@gmail",,,,25/01/2017 11:47,https://twitter.com/#!/contestadventur/status/824222175829757952,,,8.24222E+17,8.24217E+17
contestadventur,gurjeet_chhabra,Mentions,25/01/2017 11:47,"Join in
@thexoxoday
@vanduchoudhary
@gurjeet_chhabra
@jaidkaaarti
@manojkumarv0201
@Jatinsuri6
@RajasreeDas94
@ContestBasket
@gmail",,,,25/01/2017 11:47,https://twitter.com/#!/contestadventur/status/824222175829757952,,,8.24222E+17,8.24217E+17
contestadventur,vanduchoudhary,Mentions,25/01/2017 11:47,"Join in
@thexoxoday
@vanduchoudhary
@gurjeet_chhabra
@jaidkaaarti
@manojkumarv0201
@Jatinsuri6
@RajasreeDas94
@ContestBasket
@gmail",,,,25/01/2017 11:47,https://twitter.com/#!/contestadventur/status/824222175829757952,,,8.24222E+17,8.24217E+17
contestadventur,deepakl_2000,Mentions,25/01/2017 11:47,"Join in
@thexoxoday
@96f332ecba4a49a
@chotifataakdi
@contests2share
@Siddhant95822
@itsaadee
@taapsee
@RegoHilda
@agsahillove
@deepakl_2000",,,,25/01/2017 11:47,https://twitter.com/#!/contestadventur/status/824222244066861056,,,8.24222E+17,8.24217E+17
contestadventur,agsahillove,Mentions,25/01/2017 11:47,"Join in
@thexoxoday
@96f332ecba4a49a
@chotifataakdi
@contests2share
@Siddhant95822
@itsaadee
@taapsee
@RegoHilda
@agsahillove
@deepakl_2000",,,,25/01/2017 11:47,https://twitter.com/#!/contestadventur/status/824222244066861056,,,8.24222E+17,8.24217E+17
contestadventur,regohilda,Mentions,25/01/2017 11:47,"Join in
@thexoxoday
@96f332ecba4a49a
@chotifataakdi
@contests2share
@Siddhant95822
@itsaadee
@taapsee
@RegoHilda
@agsahillove
@deepakl_2000",,,,25/01/2017 11:47,https://twitter.com/#!/contestadventur/status/824222244066861056,,,8.24222E+17,8.24217E+17
contestadventur,taapsee,Mentions,25/01/2017 11:47,"Join in
@thexoxoday
@96f332ecba4a49a
@chotifataakdi
@contests2share
@Siddhant95822
@itsaadee
@taapsee
@RegoHilda
@agsahillove
@deepakl_2000",,,,25/01/2017 11:47,https://twitter.com/#!/contestadventur/status/824222244066861056,,,8.24222E+17,8.24217E+17
contestadventur,itsaadee,Mentions,25/01/2017 11:47,"Join in
@thexoxoday
@96f332ecba4a49a
@chotifataakdi
@contests2share
@Siddhant95822
@itsaadee
@taapsee
@RegoHilda
@agsahillove
@deepakl_2000",,,,25/01/2017 11:47,https://twitter.com/#!/contestadventur/status/824222244066861056,,,8.24222E+17,8.24217E+17
contestadventur,siddhant95822,Mentions,25/01/2017 11:47,"Join in
@thexoxoday
@96f332ecba4a49a
@chotifataakdi
@contests2share
@Siddhant95822
@itsaadee
@taapsee
@RegoHilda
@agsahillove
@deepakl_2000",,,,25/01/2017 11:47,https://twitter.com/#!/contestadventur/status/824222244066861056,,,8.24222E+17,8.24217E+17
contestadventur,chotifataakdi,Mentions,25/01/2017 11:47,"Join in
@thexoxoday
@96f332ecba4a49a
@chotifataakdi
@contests2share
@Siddhant95822
@itsaadee
@taapsee
@RegoHilda
@agsahillove
@deepakl_2000",,,,25/01/2017 11:47,https://twitter.com/#!/contestadventur/status/824222244066861056,,,8.24222E+17,8.24217E+17
contestadventur,96f332ecba4a49a,Mentions,25/01/2017 11:47,"Join in
@thexoxoday
@96f332ecba4a49a
@chotifataakdi
@contests2share
@Siddhant95822
@itsaadee
@taapsee
@RegoHilda
@agsahillove
@deepakl_2000",,,,25/01/2017 11:47,https://twitter.com/#!/contestadventur/status/824222244066861056,,,8.24222E+17,8.24217E+17
contestadventur,guptawords,Mentions,25/01/2017 11:48,"Join in
@thexoxoday
@ericgale_007
@hellolalit
@RoshniM79
@mer
@heena29784
@Sudipta_Rupu
@iamsouvikpaul
@InMyLifeeeeee
@KRISH619
@GuptaWords",,,,25/01/2017 11:48,https://twitter.com/#!/contestadventur/status/824222356490989569,,,8.24222E+17,8.24217E+17
contestadventur,krish619,Mentions,25/01/2017 11:48,"Join in
@thexoxoday
@ericgale_007
@hellolalit
@RoshniM79
@mer
@heena29784
@Sudipta_Rupu
@iamsouvikpaul
@InMyLifeeeeee
@KRISH619
@GuptaWords",,,,25/01/2017 11:48,https://twitter.com/#!/contestadventur/status/824222356490989569,,,8.24222E+17,8.24217E+17
contestadventur,inmylifeeeeee,Mentions,25/01/2017 11:48,"Join in
@thexoxoday
@ericgale_007
@hellolalit
@RoshniM79
@mer
@heena29784
@Sudipta_Rupu
@iamsouvikpaul
@InMyLifeeeeee
@KRISH619
@GuptaWords",,,,25/01/2017 11:48,https://twitter.com/#!/contestadventur/status/824222356490989569,,,8.24222E+17,8.24217E+17
contestadventur,iamsouvikpaul,Mentions,25/01/2017 11:48,"Join in
@thexoxoday
@ericgale_007
@hellolalit
@RoshniM79
@mer
@heena29784
@Sudipta_Rupu
@iamsouvikpaul
@InMyLifeeeeee
@KRISH619
@GuptaWords",,,,25/01/2017 11:48,https://twitter.com/#!/contestadventur/status/824222356490989569,,,8.24222E+17,8.24217E+17
contestadventur,sudipta_rupu,Mentions,25/01/2017 11:48,"Join in
@thexoxoday
@ericgale_007
@hellolalit
@RoshniM79
@mer
@heena29784
@Sudipta_Rupu
@iamsouvikpaul
@InMyLifeeeeee
@KRISH619
@GuptaWords",,,,25/01/2017 11:48,https://twitter.com/#!/contestadventur/status/824222356490989569,,,8.24222E+17,8.24217E+17
contestadventur,heena29784,Mentions,25/01/2017 11:48,"Join in
@thexoxoday
@ericgale_007
@hellolalit
@RoshniM79
@mer
@heena29784
@Sudipta_Rupu
@iamsouvikpaul
@InMyLifeeeeee
@KRISH619
@GuptaWords",,,,25/01/2017 11:48,https://twitter.com/#!/contestadventur/status/824222356490989569,,,8.24222E+17,8.24217E+17
contestadventur,mer,Mentions,25/01/2017 11:48,"Join in
@thexoxoday
@ericgale_007
@hellolalit
@RoshniM79
@mer
@heena29784
@Sudipta_Rupu
@iamsouvikpaul
@InMyLifeeeeee
@KRISH619
@GuptaWords",,,,25/01/2017 11:48,https://twitter.com/#!/contestadventur/status/824222356490989569,,,8.24222E+17,8.24217E+17
contestadventur,roshnim79,Mentions,25/01/2017 11:48,"Join in
@thexoxoday
@ericgale_007
@hellolalit
@RoshniM79
@mer
@heena29784
@Sudipta_Rupu
@iamsouvikpaul
@InMyLifeeeeee
@KRISH619
@GuptaWords",,,,25/01/2017 11:48,https://twitter.com/#!/contestadventur/status/824222356490989569,,,8.24222E+17,8.24217E+17
contestadventur,ericgale_007,Mentions,25/01/2017 11:48,"Join in
@thexoxoday
@ericgale_007
@hellolalit
@RoshniM79
@mer
@heena29784
@Sudipta_Rupu
@iamsouvikpaul
@InMyLifeeeeee
@KRISH619
@GuptaWords",,,,25/01/2017 11:48,https://twitter.com/#!/contestadventur/status/824222356490989569,,,8.24222E+17,8.24217E+17
contestadventur,sainathpaikane,Mentions,25/01/2017 11:48,"Join in
@thexoxoday
@naga220
@shah_himanshu
@pShamika3
@SwagataDhara1
@manjirikaklij
@zi
@yashvig009
@rohitchanda7
@Sainathpaikane",,,,25/01/2017 11:48,https://twitter.com/#!/contestadventur/status/824222422983315456,,,8.24222E+17,8.24217E+17
contestadventur,rohitchanda7,Mentions,25/01/2017 11:48,"Join in
@thexoxoday
@naga220
@shah_himanshu
@pShamika3
@SwagataDhara1
@manjirikaklij
@zi
@yashvig009
@rohitchanda7
@Sainathpaikane",,,,25/01/2017 11:48,https://twitter.com/#!/contestadventur/status/824222422983315456,,,8.24222E+17,8.24217E+17
contestadventur,yashvig009,Mentions,25/01/2017 11:48,"Join in
@thexoxoday
@naga220
@shah_himanshu
@pShamika3
@SwagataDhara1
@manjirikaklij
@zi
@yashvig009
@rohitchanda7
@Sainathpaikane",,,,25/01/2017 11:48,https://twitter.com/#!/contestadventur/status/824222422983315456,,,8.24222E+17,8.24217E+17
contestadventur,zi,Mentions,25/01/2017 11:48,"Join in
@thexoxoday
@naga220
@shah_himanshu
@pShamika3
@SwagataDhara1
@manjirikaklij
@zi
@yashvig009
@rohitchanda7
@Sainathpaikane",,,,25/01/2017 11:48,https://twitter.com/#!/contestadventur/status/824222422983315456,,,8.24222E+17,8.24217E+17
contestadventur,manjirikaklij,Mentions,25/01/2017 11:48,"Join in
@thexoxoday
@naga220
@shah_himanshu
@pShamika3
@SwagataDhara1
@manjirikaklij
@zi
@yashvig009
@rohitchanda7
@Sainathpaikane",,,,25/01/2017 11:48,https://twitter.com/#!/contestadventur/status/824222422983315456,,,8.24222E+17,8.24217E+17
contestadventur,swagatadhara1,Mentions,25/01/2017 11:48,"Join in
@thexoxoday
@naga220
@shah_himanshu
@pShamika3
@SwagataDhara1
@manjirikaklij
@zi
@yashvig009
@rohitchanda7
@Sainathpaikane",,,,25/01/2017 11:48,https://twitter.com/#!/contestadventur/status/824222422983315456,,,8.24222E+17,8.24217E+17
contestadventur,pshamika3,Mentions,25/01/2017 11:48,"Join in
@thexoxoday
@naga220
@shah_himanshu
@pShamika3
@SwagataDhara1
@manjirikaklij
@zi
@yashvig009
@rohitchanda7
@Sainathpaikane",,,,25/01/2017 11:48,https://twitter.com/#!/contestadventur/status/824222422983315456,,,8.24222E+17,8.24217E+17
contestadventur,shah_himanshu,Mentions,25/01/2017 11:48,"Join in
@thexoxoday
@naga220
@shah_himanshu
@pShamika3
@SwagataDhara1
@manjirikaklij
@zi
@yashvig009
@rohitchanda7
@Sainathpaikane",,,,25/01/2017 11:48,https://twitter.com/#!/contestadventur/status/824222422983315456,,,8.24222E+17,8.24217E+17
contestadventur,naga220,Mentions,25/01/2017 11:48,"Join in
@thexoxoday
@naga220
@shah_himanshu
@pShamika3
@SwagataDhara1
@manjirikaklij
@zi
@yashvig009
@rohitchanda7
@Sainathpaikane",,,,25/01/2017 11:48,https://twitter.com/#!/contestadventur/status/824222422983315456,,,8.24222E+17,8.24217E+17
contestadventur,prakhar_outlook,Mentions,25/01/2017 11:48,"Join in
@thexoxoday
@vishalvasan1997
@There_FunkyOne
@Edu_comp
@ameeta3
@bhansali_jinal
@Pranav_Dangi
@mipaltan
@prakhar_outlook",,,,25/01/2017 11:48,https://twitter.com/#!/contestadventur/status/824222493690896384,,,8.24222E+17,8.24217E+17
contestadventur,mipaltan,Mentions,25/01/2017 11:48,"Join in
@thexoxoday
@vishalvasan1997
@There_FunkyOne
@Edu_comp
@ameeta3
@bhansali_jinal
@Pranav_Dangi
@mipaltan
@prakhar_outlook",,,,25/01/2017 11:48,https://twitter.com/#!/contestadventur/status/824222493690896384,,,8.24222E+17,8.24217E+17
contestadventur,pranav_dangi,Mentions,25/01/2017 11:48,"Join in
@thexoxoday
@vishalvasan1997
@There_FunkyOne
@Edu_comp
@ameeta3
@bhansali_jinal
@Pranav_Dangi
@mipaltan
@prakhar_outlook",,,,25/01/2017 11:48,https://twitter.com/#!/contestadventur/status/824222493690896384,,,8.24222E+17,8.24217E+17
bhansali_jinal,thexoxoday,Mentions,25/01/2017 17:03,RT @thexoxoday: Our #Contest is #live! #RT and tag 5 of your friends to win this dream ride on an Audi R8 and a Dinner at Taj Mahal Palace!…,,,contest live rt,25/01/2017 17:03,https://twitter.com/#!/bhansali_jinal/status/824301781370798081,,,8.24302E+17,
bhansali_jinal,fotokiran,Mentions,25/01/2017 17:04,"@thexoxoday 
JoiN BuDdiEz 
@aadiivaasii 
@BabuBeg 
@ns_verma 
@PinkyDholakia 
@chulbullychidya 
@snehalataj
@krishjojha 
@fotokiran
@sd12dec",,,,25/01/2017 17:04,https://twitter.com/#!/bhansali_jinal/status/824301842137894912,,,8.24302E+17,8.24217E+17
bhansali_jinal,snehalataj,Mentions,25/01/2017 17:04,"@thexoxoday 
JoiN BuDdiEz 
@aadiivaasii 
@BabuBeg 
@ns_verma 
@PinkyDholakia 
@chulbullychidya 
@snehalataj
@krishjojha 
@fotokiran
@sd12dec",,,,25/01/2017 17:04,https://twitter.com/#!/bhansali_jinal/status/824301842137894912,,,8.24302E+17,8.24217E+17
bhansali_jinal,pinkydholakia,Mentions,25/01/2017 17:04,"@thexoxoday 
JoiN BuDdiEz 
@aadiivaasii 
@BabuBeg 
@ns_verma 
@PinkyDholakia 
@chulbullychidya 
@snehalataj
@krishjojha 
@fotokiran
@sd12dec",,,,25/01/2017 17:04,https://twitter.com/#!/bhansali_jinal/status/824301842137894912,,,8.24302E+17,8.24217E+17
bhansali_jinal,ns_verma,Mentions,25/01/2017 17:04,"@thexoxoday 
JoiN BuDdiEz 
@aadiivaasii 
@BabuBeg 
@ns_verma 
@PinkyDholakia 
@chulbullychidya 
@snehalataj
@krishjojha 
@fotokiran
@sd12dec",,,,25/01/2017 17:04,https://twitter.com/#!/bhansali_jinal/status/824301842137894912,,,8.24302E+17,8.24217E+17
bhansali_jinal,babubeg,Mentions,25/01/2017 17:04,"@thexoxoday 
JoiN BuDdiEz 
@aadiivaasii 
@BabuBeg 
@ns_verma 
@PinkyDholakia 
@chulbullychidya 
@snehalataj
@krishjojha 
@fotokiran
@sd12dec",,,,25/01/2017 17:04,https://twitter.com/#!/bhansali_jinal/status/824301842137894912,,,8.24302E+17,8.24217E+17
bhansali_jinal,aadiivaasii,Mentions,25/01/2017 17:04,"@thexoxoday 
JoiN BuDdiEz 
@aadiivaasii 
@BabuBeg 
@ns_verma 
@PinkyDholakia 
@chulbullychidya 
@snehalataj
@krishjojha 
@fotokiran
@sd12dec",,,,25/01/2017 17:04,https://twitter.com/#!/bhansali_jinal/status/824301842137894912,,,8.24302E+17,8.24217E+17
bhansali_jinal,thexoxoday,Replies to,25/01/2017 17:04,"@thexoxoday 
JoiN BuDdiEz 
@aadiivaasii 
@BabuBeg 
@ns_verma 
@PinkyDholakia 
@chulbullychidya 
@snehalataj
@krishjojha 
@fotokiran
@sd12dec",,,,25/01/2017 17:04,https://twitter.com/#!/bhansali_jinal/status/824301842137894912,,,8.24302E+17,8.24217E+17
bhansali_jinal,bhaveshmb3,Mentions,25/01/2017 17:05,@thexoxoday #Contest I would like to go for dinner with my brother @bhaveshmb3 as he is my best friend and best company ever,,,contest,25/01/2017 17:05,https://twitter.com/#!/bhansali_jinal/status/824302085877338112,,,8.24302E+17,8.24217E+17
bhansali_jinal,thexoxoday,Replies to,25/01/2017 17:05,@thexoxoday #Contest I would like to go for dinner with my brother @bhaveshmb3 as he is my best friend and best company ever,,,contest,25/01/2017 17:05,https://twitter.com/#!/bhansali_jinal/status/824302085877338112,,,8.24302E+17,8.24217E+17
fotokiran,bhansali_jinal,Mentions,26/01/2017 02:15,"@thexoxoday 
JoiN BuDdiEz 

@BabuBeg 
@ns_verma 
@PinkyDholakia 
@chulbullychidya 
@bhansali_jinal 
@iampratikjadhav 
@Sweet_Mirchi1",,,,26/01/2017 02:15,https://twitter.com/#!/fotokiran/status/824440563529240577,,,8.24441E+17,8.24217E+17
contestadventur,bhansali_jinal,Mentions,25/01/2017 11:48,"Join in
@thexoxoday
@vishalvasan1997
@There_FunkyOne
@Edu_comp
@ameeta3
@bhansali_jinal
@Pranav_Dangi
@mipaltan
@prakhar_outlook",,,,25/01/2017 11:48,https://twitter.com/#!/contestadventur/status/824222493690896384,,,8.24222E+17,8.24217E+17
contestadventur,edu_comp,Mentions,25/01/2017 11:48,"Join in
@thexoxoday
@vishalvasan1997
@There_FunkyOne
@Edu_comp
@ameeta3
@bhansali_jinal
@Pranav_Dangi
@mipaltan
@prakhar_outlook",,,,25/01/2017 11:48,https://twitter.com/#!/contestadventur/status/824222493690896384,,,8.24222E+17,8.24217E+17
contestadventur,there_funkyone,Mentions,25/01/2017 11:48,"Join in
@thexoxoday
@vishalvasan1997
@There_FunkyOne
@Edu_comp
@ameeta3
@bhansali_jinal
@Pranav_Dangi
@mipaltan
@prakhar_outlook",,,,25/01/2017 11:48,https://twitter.com/#!/contestadventur/status/824222493690896384,,,8.24222E+17,8.24217E+17
contestadventur,vishalvasan1997,Mentions,25/01/2017 11:48,"Join in
@thexoxoday
@vishalvasan1997
@There_FunkyOne
@Edu_comp
@ameeta3
@bhansali_jinal
@Pranav_Dangi
@mipaltan
@prakhar_outlook",,,,25/01/2017 11:48,https://twitter.com/#!/contestadventur/status/824222493690896384,,,8.24222E+17,8.24217E+17
contestadventur,ucbrowser,Mentions,25/01/2017 11:49,"Join in
@thexoxoday
@YashPandit13
@mitulbhatt97
@yogesh2165
@TusharP75788052
@thisIZsachin
@Stubborn001
@SulovP
@SHAREit
@UCBrowser",,,,25/01/2017 11:49,https://twitter.com/#!/contestadventur/status/824222566747230208,,,8.24223E+17,8.24217E+17
contestadventur,shareit,Mentions,25/01/2017 11:49,"Join in
@thexoxoday
@YashPandit13
@mitulbhatt97
@yogesh2165
@TusharP75788052
@thisIZsachin
@Stubborn001
@SulovP
@SHAREit
@UCBrowser",,,,25/01/2017 11:49,https://twitter.com/#!/contestadventur/status/824222566747230208,,,8.24223E+17,8.24217E+17
contestadventur,sulovp,Mentions,25/01/2017 11:49,"Join in
@thexoxoday
@YashPandit13
@mitulbhatt97
@yogesh2165
@TusharP75788052
@thisIZsachin
@Stubborn001
@SulovP
@SHAREit
@UCBrowser",,,,25/01/2017 11:49,https://twitter.com/#!/contestadventur/status/824222566747230208,,,8.24223E+17,8.24217E+17
contestadventur,thisizsachin,Mentions,25/01/2017 11:49,"Join in
@thexoxoday
@YashPandit13
@mitulbhatt97
@yogesh2165
@TusharP75788052
@thisIZsachin
@Stubborn001
@SulovP
@SHAREit
@UCBrowser",,,,25/01/2017 11:49,https://twitter.com/#!/contestadventur/status/824222566747230208,,,8.24223E+17,8.24217E+17
contestadventur,tusharp75788052,Mentions,25/01/2017 11:49,"Join in
@thexoxoday
@YashPandit13
@mitulbhatt97
@yogesh2165
@TusharP75788052
@thisIZsachin
@Stubborn001
@SulovP
@SHAREit
@UCBrowser",,,,25/01/2017 11:49,https://twitter.com/#!/contestadventur/status/824222566747230208,,,8.24223E+17,8.24217E+17
contestadventur,yogesh2165,Mentions,25/01/2017 11:49,"Join in
@thexoxoday
@YashPandit13
@mitulbhatt97
@yogesh2165
@TusharP75788052
@thisIZsachin
@Stubborn001
@SulovP
@SHAREit
@UCBrowser",,,,25/01/2017 11:49,https://twitter.com/#!/contestadventur/status/824222566747230208,,,8.24223E+17,8.24217E+17
contestadventur,mitulbhatt97,Mentions,25/01/2017 11:49,"Join in
@thexoxoday
@YashPandit13
@mitulbhatt97
@yogesh2165
@TusharP75788052
@thisIZsachin
@Stubborn001
@SulovP
@SHAREit
@UCBrowser",,,,25/01/2017 11:49,https://twitter.com/#!/contestadventur/status/824222566747230208,,,8.24223E+17,8.24217E+17
contestadventur,yashpandit13,Mentions,25/01/2017 11:49,"Join in
@thexoxoday
@YashPandit13
@mitulbhatt97
@yogesh2165
@TusharP75788052
@thisIZsachin
@Stubborn001
@SulovP
@SHAREit
@UCBrowser",,,,25/01/2017 11:49,https://twitter.com/#!/contestadventur/status/824222566747230208,,,8.24223E+17,8.24217E+17
contestadventur,narendra_2312,Mentions,25/01/2017 11:49,"Join in
@thexoxoday
@9Apps
@vidmate
@swifty
@APUS
@SouvikR_Says
@IamRiya99
@priyabansal66
@toposant55
@rahulj942
@Ict_fanatic
@narendra_2312",,,,25/01/2017 11:49,https://twitter.com/#!/contestadventur/status/824222652906606592,,,8.24223E+17,8.24217E+17
contestadventur,ict_fanatic,Mentions,25/01/2017 11:49,"Join in
@thexoxoday
@9Apps
@vidmate
@swifty
@APUS
@SouvikR_Says
@IamRiya99
@priyabansal66
@toposant55
@rahulj942
@Ict_fanatic
@narendra_2312",,,,25/01/2017 11:49,https://twitter.com/#!/contestadventur/status/824222652906606592,,,8.24223E+17,8.24217E+17
contestadventur,rahulj942,Mentions,25/01/2017 11:49,"Join in
@thexoxoday
@9Apps
@vidmate
@swifty
@APUS
@SouvikR_Says
@IamRiya99
@priyabansal66
@toposant55
@rahulj942
@Ict_fanatic
@narendra_2312",,,,25/01/2017 11:49,https://twitter.com/#!/contestadventur/status/824222652906606592,,,8.24223E+17,8.24217E+17
contestadventur,toposant55,Mentions,25/01/2017 11:49,"Join in
@thexoxoday
@9Apps
@vidmate
@swifty
@APUS
@SouvikR_Says
@IamRiya99
@priyabansal66
@toposant55
@rahulj942
@Ict_fanatic
@narendra_2312",,,,25/01/2017 11:49,https://twitter.com/#!/contestadventur/status/824222652906606592,,,8.24223E+17,8.24217E+17
contestadventur,iamriya99,Mentions,25/01/2017 11:49,"Join in
@thexoxoday
@9Apps
@vidmate
@swifty
@APUS
@SouvikR_Says
@IamRiya99
@priyabansal66
@toposant55
@rahulj942
@Ict_fanatic
@narendra_2312",,,,25/01/2017 11:49,https://twitter.com/#!/contestadventur/status/824222652906606592,,,8.24223E+17,8.24217E+17
contestadventur,souvikr_says,Mentions,25/01/2017 11:49,"Join in
@thexoxoday
@9Apps
@vidmate
@swifty
@APUS
@SouvikR_Says
@IamRiya99
@priyabansal66
@toposant55
@rahulj942
@Ict_fanatic
@narendra_2312",,,,25/01/2017 11:49,https://twitter.com/#!/contestadventur/status/824222652906606592,,,8.24223E+17,8.24217E+17
contestadventur,apus,Mentions,25/01/2017 11:49,"Join in
@thexoxoday
@9Apps
@vidmate
@swifty
@APUS
@SouvikR_Says
@IamRiya99
@priyabansal66
@toposant55
@rahulj942
@Ict_fanatic
@narendra_2312",,,,25/01/2017 11:49,https://twitter.com/#!/contestadventur/status/824222652906606592,,,8.24223E+17,8.24217E+17
contestadventur,swifty,Mentions,25/01/2017 11:49,"Join in
@thexoxoday
@9Apps
@vidmate
@swifty
@APUS
@SouvikR_Says
@IamRiya99
@priyabansal66
@toposant55
@rahulj942
@Ict_fanatic
@narendra_2312",,,,25/01/2017 11:49,https://twitter.com/#!/contestadventur/status/824222652906606592,,,8.24223E+17,8.24217E+17
contestadventur,vidmate,Mentions,25/01/2017 11:49,"Join in
@thexoxoday
@9Apps
@vidmate
@swifty
@APUS
@SouvikR_Says
@IamRiya99
@priyabansal66
@toposant55
@rahulj942
@Ict_fanatic
@narendra_2312",,,,25/01/2017 11:49,https://twitter.com/#!/contestadventur/status/824222652906606592,,,8.24223E+17,8.24217E+17
contestadventur,9apps,Mentions,25/01/2017 11:49,"Join in
@thexoxoday
@9Apps
@vidmate
@swifty
@APUS
@SouvikR_Says
@IamRiya99
@priyabansal66
@toposant55
@rahulj942
@Ict_fanatic
@narendra_2312",,,,25/01/2017 11:49,https://twitter.com/#!/contestadventur/status/824222652906606592,,,8.24223E+17,8.24217E+17
contestadventur,srbachchan,Mentions,25/01/2017 11:49,"Join in
@thexoxoday
@Glamelfninja
@itz_naman007
@RCBTweets
@sachin_rt
@deepikapadukone
@BhaveshMakka
@SrBachchan
@MerrieRull",,,,25/01/2017 11:49,https://twitter.com/#!/contestadventur/status/824222745466540033,,,8.24223E+17,8.24217E+17
contestadventur,bhaveshmakka,Mentions,25/01/2017 11:49,"Join in
@thexoxoday
@Glamelfninja
@itz_naman007
@RCBTweets
@sachin_rt
@deepikapadukone
@BhaveshMakka
@SrBachchan
@MerrieRull",,,,25/01/2017 11:49,https://twitter.com/#!/contestadventur/status/824222745466540033,,,8.24223E+17,8.24217E+17
contestadventur,deepikapadukone,Mentions,25/01/2017 11:49,"Join in
@thexoxoday
@Glamelfninja
@itz_naman007
@RCBTweets
@sachin_rt
@deepikapadukone
@BhaveshMakka
@SrBachchan
@MerrieRull",,,,25/01/2017 11:49,https://twitter.com/#!/contestadventur/status/824222745466540033,,,8.24223E+17,8.24217E+17
contestadventur,sachin_rt,Mentions,25/01/2017 11:49,"Join in
@thexoxoday
@Glamelfninja
@itz_naman007
@RCBTweets
@sachin_rt
@deepikapadukone
@BhaveshMakka
@SrBachchan
@MerrieRull",,,,25/01/2017 11:49,https://twitter.com/#!/contestadventur/status/824222745466540033,,,8.24223E+17,8.24217E+17
contestadventur,rcbtweets,Mentions,25/01/2017 11:49,"Join in
@thexoxoday
@Glamelfninja
@itz_naman007
@RCBTweets
@sachin_rt
@deepikapadukone
@BhaveshMakka
@SrBachchan
@MerrieRull",,,,25/01/2017 11:49,https://twitter.com/#!/contestadventur/status/824222745466540033,,,8.24223E+17,8.24217E+17
contestadventur,itz_naman007,Mentions,25/01/2017 11:49,"Join in
@thexoxoday
@Glamelfninja
@itz_naman007
@RCBTweets
@sachin_rt
@deepikapadukone
@BhaveshMakka
@SrBachchan
@MerrieRull",,,,25/01/2017 11:49,https://twitter.com/#!/contestadventur/status/824222745466540033,,,8.24223E+17,8.24217E+17
contestadventur,glamelfninja,Mentions,25/01/2017 11:49,"Join in
@thexoxoday
@Glamelfninja
@itz_naman007
@RCBTweets
@sachin_rt
@deepikapadukone
@BhaveshMakka
@SrBachchan
@MerrieRull",,,,25/01/2017 11:49,https://twitter.com/#!/contestadventur/status/824222745466540033,,,8.24223E+17,8.24217E+17
contestadventur,_sir_deepak,Mentions,25/01/2017 11:50,"Join in
@thexoxoday
@hemanty98712015
@godsowntalk
@TECHap2433
@vhatkar_onkar
@BharatMaheshw16
@babar_shruti
@mehtavarun96
@_Sir_Deepak",,,,25/01/2017 11:50,https://twitter.com/#!/contestadventur/status/824222921719562242,,,8.24223E+17,8.24217E+17
contestadventur,mehtavarun96,Mentions,25/01/2017 11:50,"Join in
@thexoxoday
@hemanty98712015
@godsowntalk
@TECHap2433
@vhatkar_onkar
@BharatMaheshw16
@babar_shruti
@mehtavarun96
@_Sir_Deepak",,,,25/01/2017 11:50,https://twitter.com/#!/contestadventur/status/824222921719562242,,,8.24223E+17,8.24217E+17
contestadventur,babar_shruti,Mentions,25/01/2017 11:50,"Join in
@thexoxoday
@hemanty98712015
@godsowntalk
@TECHap2433
@vhatkar_onkar
@BharatMaheshw16
@babar_shruti
@mehtavarun96
@_Sir_Deepak",,,,25/01/2017 11:50,https://twitter.com/#!/contestadventur/status/824222921719562242,,,8.24223E+17,8.24217E+17
bharatmaheshw16,poojab_14,Mentions,25/01/2017 15:50,"RT @girija_kriz: @thexoxoday Join Here : 

@genver1 
@SayyedJenifer 
@Poojab_14 
@Deepaadhan 
@e_sri_hari 
@Sagar2612 
@BharatMaheshw16 
@k…",,,,25/01/2017 15:50,https://twitter.com/#!/bharatmaheshw16/status/824283280862224386,,,8.24283E+17,
bharatmaheshw16,sayyedjenifer,Mentions,25/01/2017 15:50,"RT @girija_kriz: @thexoxoday Join Here : 

@genver1 
@SayyedJenifer 
@Poojab_14 
@Deepaadhan 
@e_sri_hari 
@Sagar2612 
@BharatMaheshw16 
@k…",,,,25/01/2017 15:50,https://twitter.com/#!/bharatmaheshw16/status/824283280862224386,,,8.24283E+17,
bharatmaheshw16,genver1,Mentions,25/01/2017 15:50,"RT @girija_kriz: @thexoxoday Join Here : 

@genver1 
@SayyedJenifer 
@Poojab_14 
@Deepaadhan 
@e_sri_hari 
@Sagar2612 
@BharatMaheshw16 
@k…",,,,25/01/2017 15:50,https://twitter.com/#!/bharatmaheshw16/status/824283280862224386,,,8.24283E+17,
bharatmaheshw16,thexoxoday,Mentions,25/01/2017 15:50,"RT @girija_kriz: @thexoxoday Join Here : 

@genver1 
@SayyedJenifer 
@Poojab_14 
@Deepaadhan 
@e_sri_hari 
@Sagar2612 
@BharatMaheshw16 
@k…",,,,25/01/2017 15:50,https://twitter.com/#!/bharatmaheshw16/status/824283280862224386,,,8.24283E+17,
bharatmaheshw16,girija_kriz,Mentions,25/01/2017 15:50,"RT @girija_kriz: @thexoxoday Join Here : 

@genver1 
@SayyedJenifer 
@Poojab_14 
@Deepaadhan 
@e_sri_hari 
@Sagar2612 
@BharatMaheshw16 
@k…",,,,25/01/2017 15:50,https://twitter.com/#!/bharatmaheshw16/status/824283280862224386,,,8.24283E+17,
bharatmaheshw16,genver1,Mentions,25/01/2017 15:50,"RT @girija_kriz: @thexoxoday Join Here : 

@Deepaadhan 
@gpk_m 
@genver1 
@VanduLilaraman 
@BharatMaheshw16 
@sugandhadixit85 
@Racer_Veb…",,,,25/01/2017 15:50,https://twitter.com/#!/bharatmaheshw16/status/824283296741916672,,,8.24283E+17,
bharatmaheshw16,gpk_m,Mentions,25/01/2017 15:50,"RT @girija_kriz: @thexoxoday Join Here : 

@Deepaadhan 
@gpk_m 
@genver1 
@VanduLilaraman 
@BharatMaheshw16 
@sugandhadixit85 
@Racer_Veb…",,,,25/01/2017 15:50,https://twitter.com/#!/bharatmaheshw16/status/824283296741916672,,,8.24283E+17,
bharatmaheshw16,thexoxoday,Mentions,25/01/2017 15:50,"RT @girija_kriz: @thexoxoday Join Here : 

@Deepaadhan 
@gpk_m 
@genver1 
@VanduLilaraman 
@BharatMaheshw16 
@sugandhadixit85 
@Racer_Veb…",,,,25/01/2017 15:50,https://twitter.com/#!/bharatmaheshw16/status/824283296741916672,,,8.24283E+17,
bharatmaheshw16,girija_kriz,Mentions,25/01/2017 15:50,"RT @girija_kriz: @thexoxoday Join Here : 

@Deepaadhan 
@gpk_m 
@genver1 
@VanduLilaraman 
@BharatMaheshw16 
@sugandhadixit85 
@Racer_Veb…",,,,25/01/2017 15:50,https://twitter.com/#!/bharatmaheshw16/status/824283296741916672,,,8.24283E+17,
girija_kriz,bharatmaheshw16,Mentions,25/01/2017 15:46,"@thexoxoday Join Here : 

@Deepaadhan 
@gpk_m 
@genver1 
@VanduLilaraman 
@BharatMaheshw16 
@sugandhadixit85 
@Racer_Veb 
@Bruntha_Ramani",,,,25/01/2017 15:46,https://twitter.com/#!/girija_kriz/status/824282226145628160,,,8.24282E+17,8.24256E+17
girija_kriz,bharatmaheshw16,Mentions,25/01/2017 15:48,"@thexoxoday Join Here : 

@genver1 
@SayyedJenifer 
@Poojab_14 
@Deepaadhan 
@e_sri_hari 
@Sagar2612 
@BharatMaheshw16 
@kora_kagaj",,,,25/01/2017 15:48,https://twitter.com/#!/girija_kriz/status/824282763511463936,,,8.24283E+17,8.24256E+17
girija_kriz,bharatmaheshw16,Mentions,26/01/2017 02:21,"@thexoxoday love to experience  the new experience with my hubby
@BharatMaheshw16 
@KapreUmesh 
@chilly_kalps 
@blessedkamal 
@gpk_m",,,,26/01/2017 02:21,https://twitter.com/#!/girija_kriz/status/824442165174497280,,,8.24442E+17,8.24231E+17
blessedkamal,bharatmaheshw16,Mentions,26/01/2017 02:26,"RT @girija_kriz: @thexoxoday love to experience  the new experience with my hubby
@BharatMaheshw16 
@KapreUmesh 
@chilly_kalps 
@blessedkam…",,,,26/01/2017 02:26,https://twitter.com/#!/blessedkamal/status/824443353357963265,,,8.24443E+17,
contestadventur,bharatmaheshw16,Mentions,25/01/2017 11:50,"Join in
@thexoxoday
@hemanty98712015
@godsowntalk
@TECHap2433
@vhatkar_onkar
@BharatMaheshw16
@babar_shruti
@mehtavarun96
@_Sir_Deepak",,,,25/01/2017 11:50,https://twitter.com/#!/contestadventur/status/824222921719562242,,,8.24223E+17,8.24217E+17
contestadventur,vhatkar_onkar,Mentions,25/01/2017 11:50,"Join in
@thexoxoday
@hemanty98712015
@godsowntalk
@TECHap2433
@vhatkar_onkar
@BharatMaheshw16
@babar_shruti
@mehtavarun96
@_Sir_Deepak",,,,25/01/2017 11:50,https://twitter.com/#!/contestadventur/status/824222921719562242,,,8.24223E+17,8.24217E+17
contestadventur,techap2433,Mentions,25/01/2017 11:50,"Join in
@thexoxoday
@hemanty98712015
@godsowntalk
@TECHap2433
@vhatkar_onkar
@BharatMaheshw16
@babar_shruti
@mehtavarun96
@_Sir_Deepak",,,,25/01/2017 11:50,https://twitter.com/#!/contestadventur/status/824222921719562242,,,8.24223E+17,8.24217E+17
rehanak55,godsowntalk,Mentions,25/01/2017 12:07,"@thexoxoday #Contest Join in 
@anahitairani1 
@tofarzeen 
@BeShakthi 
@sd12dec 
@Deepaadhan 
@godsowntalk 
@blessedkamal 
@KARRIVINODKUMAR",,,contest,25/01/2017 12:07,https://twitter.com/#!/rehanak55/status/824227151524331520,,,8.24227E+17,8.24217E+17
godsowntalk,blessedkamal,Mentions,25/01/2017 12:09,@thexoxoday @aanchalsweet92 @siljapillai @blessedkamal  @kartiksaysnow  @PrriyaIyer,,,,25/01/2017 12:09,https://twitter.com/#!/godsowntalk/status/824227620749332480,,,8.24228E+17,8.24217E+17
godsowntalk,siljapillai,Mentions,25/01/2017 12:09,@thexoxoday @aanchalsweet92 @siljapillai @blessedkamal  @kartiksaysnow  @PrriyaIyer,,,,25/01/2017 12:09,https://twitter.com/#!/godsowntalk/status/824227620749332480,,,8.24228E+17,8.24217E+17
godsowntalk,thexoxoday,Replies to,25/01/2017 12:09,@thexoxoday @aanchalsweet92 @siljapillai @blessedkamal  @kartiksaysnow  @PrriyaIyer,,,,25/01/2017 12:09,https://twitter.com/#!/godsowntalk/status/824227620749332480,,,8.24228E+17,8.24217E+17
contestadventur,godsowntalk,Mentions,25/01/2017 11:50,"Join in
@thexoxoday
@hemanty98712015
@godsowntalk
@TECHap2433
@vhatkar_onkar
@BharatMaheshw16
@babar_shruti
@mehtavarun96
@_Sir_Deepak",,,,25/01/2017 11:50,https://twitter.com/#!/contestadventur/status/824222921719562242,,,8.24223E+17,8.24217E+17
contestadventur,hemanty98712015,Mentions,25/01/2017 11:50,"Join in
@thexoxoday
@hemanty98712015
@godsowntalk
@TECHap2433
@vhatkar_onkar
@BharatMaheshw16
@babar_shruti
@mehtavarun96
@_Sir_Deepak",,,,25/01/2017 11:50,https://twitter.com/#!/contestadventur/status/824222921719562242,,,8.24223E+17,8.24217E+17
contestadventur,coool_kashish,Mentions,25/01/2017 11:50,"Join in
@thexoxoday
@Abhishek_Myth
@PrernaJ54110576
@nirav_maisuriya
@Ashok_979486
@NamrataAga
@sangeetaagrawa2
@Champ786786
@coool_kashish",,,,25/01/2017 11:50,https://twitter.com/#!/contestadventur/status/824223011641249792,,,8.24223E+17,8.24217E+17
contestadventur,champ786786,Mentions,25/01/2017 11:50,"Join in
@thexoxoday
@Abhishek_Myth
@PrernaJ54110576
@nirav_maisuriya
@Ashok_979486
@NamrataAga
@sangeetaagrawa2
@Champ786786
@coool_kashish",,,,25/01/2017 11:50,https://twitter.com/#!/contestadventur/status/824223011641249792,,,8.24223E+17,8.24217E+17
contestadventur,sangeetaagrawa2,Mentions,25/01/2017 11:50,"Join in
@thexoxoday
@Abhishek_Myth
@PrernaJ54110576
@nirav_maisuriya
@Ashok_979486
@NamrataAga
@sangeetaagrawa2
@Champ786786
@coool_kashish",,,,25/01/2017 11:50,https://twitter.com/#!/contestadventur/status/824223011641249792,,,8.24223E+17,8.24217E+17
contestadventur,namrataaga,Mentions,25/01/2017 11:50,"Join in
@thexoxoday
@Abhishek_Myth
@PrernaJ54110576
@nirav_maisuriya
@Ashok_979486
@NamrataAga
@sangeetaagrawa2
@Champ786786
@coool_kashish",,,,25/01/2017 11:50,https://twitter.com/#!/contestadventur/status/824223011641249792,,,8.24223E+17,8.24217E+17
contestadventur,ashok_979486,Mentions,25/01/2017 11:50,"Join in
@thexoxoday
@Abhishek_Myth
@PrernaJ54110576
@nirav_maisuriya
@Ashok_979486
@NamrataAga
@sangeetaagrawa2
@Champ786786
@coool_kashish",,,,25/01/2017 11:50,https://twitter.com/#!/contestadventur/status/824223011641249792,,,8.24223E+17,8.24217E+17
contestadventur,nirav_maisuriya,Mentions,25/01/2017 11:50,"Join in
@thexoxoday
@Abhishek_Myth
@PrernaJ54110576
@nirav_maisuriya
@Ashok_979486
@NamrataAga
@sangeetaagrawa2
@Champ786786
@coool_kashish",,,,25/01/2017 11:50,https://twitter.com/#!/contestadventur/status/824223011641249792,,,8.24223E+17,8.24217E+17
contestadventur,prernaj54110576,Mentions,25/01/2017 11:50,"Join in
@thexoxoday
@Abhishek_Myth
@PrernaJ54110576
@nirav_maisuriya
@Ashok_979486
@NamrataAga
@sangeetaagrawa2
@Champ786786
@coool_kashish",,,,25/01/2017 11:50,https://twitter.com/#!/contestadventur/status/824223011641249792,,,8.24223E+17,8.24217E+17
contestadventur,abhishek_myth,Mentions,25/01/2017 11:50,"Join in
@thexoxoday
@Abhishek_Myth
@PrernaJ54110576
@nirav_maisuriya
@Ashok_979486
@NamrataAga
@sangeetaagrawa2
@Champ786786
@coool_kashish",,,,25/01/2017 11:50,https://twitter.com/#!/contestadventur/status/824223011641249792,,,8.24223E+17,8.24217E+17
contestadventur,jigarbjadav,Mentions,25/01/2017 11:51,"Join in
@thexoxoday
@Lakhan_Bokhanee
@amaan_rulezz17
@euphonious_tone
@Kavya0603
@lakshay1692
@NagariaHussain
@SheriyarShaikh
@jigarbjadav",,,,25/01/2017 11:51,https://twitter.com/#!/contestadventur/status/824223074115424256,,,8.24223E+17,8.24217E+17
contestadventur,sheriyarshaikh,Mentions,25/01/2017 11:51,"Join in
@thexoxoday
@Lakhan_Bokhanee
@amaan_rulezz17
@euphonious_tone
@Kavya0603
@lakshay1692
@NagariaHussain
@SheriyarShaikh
@jigarbjadav",,,,25/01/2017 11:51,https://twitter.com/#!/contestadventur/status/824223074115424256,,,8.24223E+17,8.24217E+17
contestadventur,nagariahussain,Mentions,25/01/2017 11:51,"Join in
@thexoxoday
@Lakhan_Bokhanee
@amaan_rulezz17
@euphonious_tone
@Kavya0603
@lakshay1692
@NagariaHussain
@SheriyarShaikh
@jigarbjadav",,,,25/01/2017 11:51,https://twitter.com/#!/contestadventur/status/824223074115424256,,,8.24223E+17,8.24217E+17
contestadventur,lakshay1692,Mentions,25/01/2017 11:51,"Join in
@thexoxoday
@Lakhan_Bokhanee
@amaan_rulezz17
@euphonious_tone
@Kavya0603
@lakshay1692
@NagariaHussain
@SheriyarShaikh
@jigarbjadav",,,,25/01/2017 11:51,https://twitter.com/#!/contestadventur/status/824223074115424256,,,8.24223E+17,8.24217E+17
contestadventur,kavya0603,Mentions,25/01/2017 11:51,"Join in
@thexoxoday
@Lakhan_Bokhanee
@amaan_rulezz17
@euphonious_tone
@Kavya0603
@lakshay1692
@NagariaHussain
@SheriyarShaikh
@jigarbjadav",,,,25/01/2017 11:51,https://twitter.com/#!/contestadventur/status/824223074115424256,,,8.24223E+17,8.24217E+17
contestadventur,euphonious_tone,Mentions,25/01/2017 11:51,"Join in
@thexoxoday
@Lakhan_Bokhanee
@amaan_rulezz17
@euphonious_tone
@Kavya0603
@lakshay1692
@NagariaHussain
@SheriyarShaikh
@jigarbjadav",,,,25/01/2017 11:51,https://twitter.com/#!/contestadventur/status/824223074115424256,,,8.24223E+17,8.24217E+17
contestadventur,amaan_rulezz17,Mentions,25/01/2017 11:51,"Join in
@thexoxoday
@Lakhan_Bokhanee
@amaan_rulezz17
@euphonious_tone
@Kavya0603
@lakshay1692
@NagariaHussain
@SheriyarShaikh
@jigarbjadav",,,,25/01/2017 11:51,https://twitter.com/#!/contestadventur/status/824223074115424256,,,8.24223E+17,8.24217E+17
contestadventur,lakhan_bokhanee,Mentions,25/01/2017 11:51,"Join in
@thexoxoday
@Lakhan_Bokhanee
@amaan_rulezz17
@euphonious_tone
@Kavya0603
@lakshay1692
@NagariaHussain
@SheriyarShaikh
@jigarbjadav",,,,25/01/2017 11:51,https://twitter.com/#!/contestadventur/status/824223074115424256,,,8.24223E+17,8.24217E+17
contestadventur,freeky9219,Mentions,25/01/2017 11:51,"Join in
@thexoxoday
@ranna009
@rockaman14
@possesiver0103
@RajanAr12658523
@azazu_l
@dhaygude_tushar
@singhbijan
@Ramprasad43
@freeky9219",,,,25/01/2017 11:51,https://twitter.com/#!/contestadventur/status/824223170521509888,,,8.24223E+17,8.24217E+17
contestadventur,singhbijan,Mentions,25/01/2017 11:51,"Join in
@thexoxoday
@ranna009
@rockaman14
@possesiver0103
@RajanAr12658523
@azazu_l
@dhaygude_tushar
@singhbijan
@Ramprasad43
@freeky9219",,,,25/01/2017 11:51,https://twitter.com/#!/contestadventur/status/824223170521509888,,,8.24223E+17,8.24217E+17
contestadventur,dhaygude_tushar,Mentions,25/01/2017 11:51,"Join in
@thexoxoday
@ranna009
@rockaman14
@possesiver0103
@RajanAr12658523
@azazu_l
@dhaygude_tushar
@singhbijan
@Ramprasad43
@freeky9219",,,,25/01/2017 11:51,https://twitter.com/#!/contestadventur/status/824223170521509888,,,8.24223E+17,8.24217E+17
contestadventur,azazu_l,Mentions,25/01/2017 11:51,"Join in
@thexoxoday
@ranna009
@rockaman14
@possesiver0103
@RajanAr12658523
@azazu_l
@dhaygude_tushar
@singhbijan
@Ramprasad43
@freeky9219",,,,25/01/2017 11:51,https://twitter.com/#!/contestadventur/status/824223170521509888,,,8.24223E+17,8.24217E+17
contestadventur,rajanar12658523,Mentions,25/01/2017 11:51,"Join in
@thexoxoday
@ranna009
@rockaman14
@possesiver0103
@RajanAr12658523
@azazu_l
@dhaygude_tushar
@singhbijan
@Ramprasad43
@freeky9219",,,,25/01/2017 11:51,https://twitter.com/#!/contestadventur/status/824223170521509888,,,8.24223E+17,8.24217E+17
contestadventur,possesiver0103,Mentions,25/01/2017 11:51,"Join in
@thexoxoday
@ranna009
@rockaman14
@possesiver0103
@RajanAr12658523
@azazu_l
@dhaygude_tushar
@singhbijan
@Ramprasad43
@freeky9219",,,,25/01/2017 11:51,https://twitter.com/#!/contestadventur/status/824223170521509888,,,8.24223E+17,8.24217E+17
contestadventur,rockaman14,Mentions,25/01/2017 11:51,"Join in
@thexoxoday
@ranna009
@rockaman14
@possesiver0103
@RajanAr12658523
@azazu_l
@dhaygude_tushar
@singhbijan
@Ramprasad43
@freeky9219",,,,25/01/2017 11:51,https://twitter.com/#!/contestadventur/status/824223170521509888,,,8.24223E+17,8.24217E+17
contestadventur,ranna009,Mentions,25/01/2017 11:51,"Join in
@thexoxoday
@ranna009
@rockaman14
@possesiver0103
@RajanAr12658523
@azazu_l
@dhaygude_tushar
@singhbijan
@Ramprasad43
@freeky9219",,,,25/01/2017 11:51,https://twitter.com/#!/contestadventur/status/824223170521509888,,,8.24223E+17,8.24217E+17
contestadventur,ishan172,Mentions,25/01/2017 11:52,"Join in
@thexoxoday
@MehulPatil09
@yugalcool11
@iampshah19
@AkshayKarpe
@waqasshkh
@DrDrupad
@pratiksamant2
@NayanKarpe8
@Ishan172",,,,25/01/2017 11:52,https://twitter.com/#!/contestadventur/status/824223393440333825,,,8.24223E+17,8.24217E+17
contestadventur,nayankarpe8,Mentions,25/01/2017 11:52,"Join in
@thexoxoday
@MehulPatil09
@yugalcool11
@iampshah19
@AkshayKarpe
@waqasshkh
@DrDrupad
@pratiksamant2
@NayanKarpe8
@Ishan172",,,,25/01/2017 11:52,https://twitter.com/#!/contestadventur/status/824223393440333825,,,8.24223E+17,8.24217E+17
contestadventur,pratiksamant2,Mentions,25/01/2017 11:52,"Join in
@thexoxoday
@MehulPatil09
@yugalcool11
@iampshah19
@AkshayKarpe
@waqasshkh
@DrDrupad
@pratiksamant2
@NayanKarpe8
@Ishan172",,,,25/01/2017 11:52,https://twitter.com/#!/contestadventur/status/824223393440333825,,,8.24223E+17,8.24217E+17
contestadventur,drdrupad,Mentions,25/01/2017 11:52,"Join in
@thexoxoday
@MehulPatil09
@yugalcool11
@iampshah19
@AkshayKarpe
@waqasshkh
@DrDrupad
@pratiksamant2
@NayanKarpe8
@Ishan172",,,,25/01/2017 11:52,https://twitter.com/#!/contestadventur/status/824223393440333825,,,8.24223E+17,8.24217E+17
contestadventur,waqasshkh,Mentions,25/01/2017 11:52,"Join in
@thexoxoday
@MehulPatil09
@yugalcool11
@iampshah19
@AkshayKarpe
@waqasshkh
@DrDrupad
@pratiksamant2
@NayanKarpe8
@Ishan172",,,,25/01/2017 11:52,https://twitter.com/#!/contestadventur/status/824223393440333825,,,8.24223E+17,8.24217E+17
contestadventur,akshaykarpe,Mentions,25/01/2017 11:52,"Join in
@thexoxoday
@MehulPatil09
@yugalcool11
@iampshah19
@AkshayKarpe
@waqasshkh
@DrDrupad
@pratiksamant2
@NayanKarpe8
@Ishan172",,,,25/01/2017 11:52,https://twitter.com/#!/contestadventur/status/824223393440333825,,,8.24223E+17,8.24217E+17
contestadventur,iampshah19,Mentions,25/01/2017 11:52,"Join in
@thexoxoday
@MehulPatil09
@yugalcool11
@iampshah19
@AkshayKarpe
@waqasshkh
@DrDrupad
@pratiksamant2
@NayanKarpe8
@Ishan172",,,,25/01/2017 11:52,https://twitter.com/#!/contestadventur/status/824223393440333825,,,8.24223E+17,8.24217E+17
contestadventur,yugalcool11,Mentions,25/01/2017 11:52,"Join in
@thexoxoday
@MehulPatil09
@yugalcool11
@iampshah19
@AkshayKarpe
@waqasshkh
@DrDrupad
@pratiksamant2
@NayanKarpe8
@Ishan172",,,,25/01/2017 11:52,https://twitter.com/#!/contestadventur/status/824223393440333825,,,8.24223E+17,8.24217E+17
contestadventur,mehulpatil09,Mentions,25/01/2017 11:52,"Join in
@thexoxoday
@MehulPatil09
@yugalcool11
@iampshah19
@AkshayKarpe
@waqasshkh
@DrDrupad
@pratiksamant2
@NayanKarpe8
@Ishan172",,,,25/01/2017 11:52,https://twitter.com/#!/contestadventur/status/824223393440333825,,,8.24223E+17,8.24217E+17
contestadventur,padmajaanu,Mentions,25/01/2017 11:52,"Join in
@thexoxoday
@Acharyaempire
@adeebkh12
@Hetal_17
@pramodvasudevan
@haravind
@nikunjbajoria
@BabuBeg
@Gowthaman_csk
@Padmajaanu",,,,25/01/2017 11:52,https://twitter.com/#!/contestadventur/status/824223468082249729,,,8.24223E+17,8.24217E+17
contestadventur,gowthaman_csk,Mentions,25/01/2017 11:52,"Join in
@thexoxoday
@Acharyaempire
@adeebkh12
@Hetal_17
@pramodvasudevan
@haravind
@nikunjbajoria
@BabuBeg
@Gowthaman_csk
@Padmajaanu",,,,25/01/2017 11:52,https://twitter.com/#!/contestadventur/status/824223468082249729,,,8.24223E+17,8.24217E+17
contestadventur,nikunjbajoria,Mentions,25/01/2017 11:52,"Join in
@thexoxoday
@Acharyaempire
@adeebkh12
@Hetal_17
@pramodvasudevan
@haravind
@nikunjbajoria
@BabuBeg
@Gowthaman_csk
@Padmajaanu",,,,25/01/2017 11:52,https://twitter.com/#!/contestadventur/status/824223468082249729,,,8.24223E+17,8.24217E+17
contestadventur,haravind,Mentions,25/01/2017 11:52,"Join in
@thexoxoday
@Acharyaempire
@adeebkh12
@Hetal_17
@pramodvasudevan
@haravind
@nikunjbajoria
@BabuBeg
@Gowthaman_csk
@Padmajaanu",,,,25/01/2017 11:52,https://twitter.com/#!/contestadventur/status/824223468082249729,,,8.24223E+17,8.24217E+17
contestadventur,pramodvasudevan,Mentions,25/01/2017 11:52,"Join in
@thexoxoday
@Acharyaempire
@adeebkh12
@Hetal_17
@pramodvasudevan
@haravind
@nikunjbajoria
@BabuBeg
@Gowthaman_csk
@Padmajaanu",,,,25/01/2017 11:52,https://twitter.com/#!/contestadventur/status/824223468082249729,,,8.24223E+17,8.24217E+17
contestadventur,hetal_17,Mentions,25/01/2017 11:52,"Join in
@thexoxoday
@Acharyaempire
@adeebkh12
@Hetal_17
@pramodvasudevan
@haravind
@nikunjbajoria
@BabuBeg
@Gowthaman_csk
@Padmajaanu",,,,25/01/2017 11:52,https://twitter.com/#!/contestadventur/status/824223468082249729,,,8.24223E+17,8.24217E+17
contestadventur,adeebkh12,Mentions,25/01/2017 11:52,"Join in
@thexoxoday
@Acharyaempire
@adeebkh12
@Hetal_17
@pramodvasudevan
@haravind
@nikunjbajoria
@BabuBeg
@Gowthaman_csk
@Padmajaanu",,,,25/01/2017 11:52,https://twitter.com/#!/contestadventur/status/824223468082249729,,,8.24223E+17,8.24217E+17
binny_kukreja,pavnisharma17,Mentions,25/01/2017 14:04,@thexoxoday @pavnisharma17 @joyal_patel @sunitakatyal @PinkyDholakia @fotokiran join in #ContestAlert,,,contestalert,25/01/2017 14:04,https://twitter.com/#!/binny_kukreja/status/824256745954508801,,,8.24257E+17,8.24256E+17
contestadventur,pavnisharma17,Mentions,25/01/2017 11:52,"Join in
@thexoxoday
@girija_kriz
@Gopal29
@dineshsatra
@ParidhiMota
@jain_anju
@blessedkamal
@varun4yaars
@pavnisharma17
@Aritri_007",,,,25/01/2017 11:52,https://twitter.com/#!/contestadventur/status/824223534842925056,,,8.24224E+17,8.24217E+17
contestadventur,varun4yaars,Mentions,25/01/2017 11:52,"Join in
@thexoxoday
@girija_kriz
@Gopal29
@dineshsatra
@ParidhiMota
@jain_anju
@blessedkamal
@varun4yaars
@pavnisharma17
@Aritri_007",,,,25/01/2017 11:52,https://twitter.com/#!/contestadventur/status/824223534842925056,,,8.24224E+17,8.24217E+17
rehanak55,blessedkamal,Mentions,25/01/2017 12:07,"@thexoxoday #Contest Join in 
@anahitairani1 
@tofarzeen 
@BeShakthi 
@sd12dec 
@Deepaadhan 
@godsowntalk 
@blessedkamal 
@KARRIVINODKUMAR",,,contest,25/01/2017 12:07,https://twitter.com/#!/rehanak55/status/824227151524331520,,,8.24227E+17,8.24217E+17
girija_kriz,blessedkamal,Mentions,26/01/2017 02:21,"@thexoxoday love to experience  the new experience with my hubby
@BharatMaheshw16 
@KapreUmesh 
@chilly_kalps 
@blessedkamal 
@gpk_m",,,,26/01/2017 02:21,https://twitter.com/#!/girija_kriz/status/824442165174497280,,,8.24442E+17,8.24231E+17
girija_kriz,blessedkamal,Mentions,26/01/2017 04:49,"@thexoxoday  Participate  
@pandey_anika 
@ankitpatial95  
@ImJhanvikapoor 
@blessedkamal 
@harini_23  
Happy RepublicDay",,,,26/01/2017 04:49,https://twitter.com/#!/girija_kriz/status/824479464637599744,,,8.24479E+17,8.24206E+17
blessedkamal,thexoxoday,Mentions,25/01/2017 13:57,RT @thexoxoday: Our #Contest is #live! #RT and tag 5 of your friends to win this dream ride on an Audi R8 and a Dinner at Taj Mahal Palace!…,,,contest live rt,25/01/2017 13:57,https://twitter.com/#!/blessedkamal/status/824254994190737408,,,8.24255E+17,
blessedkamal,fotokiran,Mentions,25/01/2017 14:01,"@thexoxoday 
JoiN BuDdiEz 
@aadiivaasii 
@BabuBeg 
@ns_verma 
@PinkyDholakia 
@chulbullychidya 
@snehalataj
@krishjojha 
@fotokiran
@sd12dec",,,,25/01/2017 14:01,https://twitter.com/#!/blessedkamal/status/824255861107212288,,,8.24256E+17,8.24217E+17
blessedkamal,snehalataj,Mentions,25/01/2017 14:01,"@thexoxoday 
JoiN BuDdiEz 
@aadiivaasii 
@BabuBeg 
@ns_verma 
@PinkyDholakia 
@chulbullychidya 
@snehalataj
@krishjojha 
@fotokiran
@sd12dec",,,,25/01/2017 14:01,https://twitter.com/#!/blessedkamal/status/824255861107212288,,,8.24256E+17,8.24217E+17
blessedkamal,pinkydholakia,Mentions,25/01/2017 14:01,"@thexoxoday 
JoiN BuDdiEz 
@aadiivaasii 
@BabuBeg 
@ns_verma 
@PinkyDholakia 
@chulbullychidya 
@snehalataj
@krishjojha 
@fotokiran
@sd12dec",,,,25/01/2017 14:01,https://twitter.com/#!/blessedkamal/status/824255861107212288,,,8.24256E+17,8.24217E+17
blessedkamal,ns_verma,Mentions,25/01/2017 14:01,"@thexoxoday 
JoiN BuDdiEz 
@aadiivaasii 
@BabuBeg 
@ns_verma 
@PinkyDholakia 
@chulbullychidya 
@snehalataj
@krishjojha 
@fotokiran
@sd12dec",,,,25/01/2017 14:01,https://twitter.com/#!/blessedkamal/status/824255861107212288,,,8.24256E+17,8.24217E+17
blessedkamal,babubeg,Mentions,25/01/2017 14:01,"@thexoxoday 
JoiN BuDdiEz 
@aadiivaasii 
@BabuBeg 
@ns_verma 
@PinkyDholakia 
@chulbullychidya 
@snehalataj
@krishjojha 
@fotokiran
@sd12dec",,,,25/01/2017 14:01,https://twitter.com/#!/blessedkamal/status/824255861107212288,,,8.24256E+17,8.24217E+17
blessedkamal,aadiivaasii,Mentions,25/01/2017 14:01,"@thexoxoday 
JoiN BuDdiEz 
@aadiivaasii 
@BabuBeg 
@ns_verma 
@PinkyDholakia 
@chulbullychidya 
@snehalataj
@krishjojha 
@fotokiran
@sd12dec",,,,25/01/2017 14:01,https://twitter.com/#!/blessedkamal/status/824255861107212288,,,8.24256E+17,8.24217E+17
blessedkamal,thexoxoday,Replies to,25/01/2017 14:01,"@thexoxoday 
JoiN BuDdiEz 
@aadiivaasii 
@BabuBeg 
@ns_verma 
@PinkyDholakia 
@chulbullychidya 
@snehalataj
@krishjojha 
@fotokiran
@sd12dec",,,,25/01/2017 14:01,https://twitter.com/#!/blessedkamal/status/824255861107212288,,,8.24256E+17,8.24217E+17
blessedkamal,thexoxoday,Mentions,26/01/2017 02:26,"RT @girija_kriz: @thexoxoday love to experience  the new experience with my hubby
@BharatMaheshw16 
@KapreUmesh 
@chilly_kalps 
@blessedkam…",,,,26/01/2017 02:26,https://twitter.com/#!/blessedkamal/status/824443353357963265,,,8.24443E+17,
blessedkamal,girija_kriz,Mentions,26/01/2017 02:26,"RT @girija_kriz: @thexoxoday love to experience  the new experience with my hubby
@BharatMaheshw16 
@KapreUmesh 
@chilly_kalps 
@blessedkam…",,,,26/01/2017 02:26,https://twitter.com/#!/blessedkamal/status/824443353357963265,,,8.24443E+17,
blessedkamal,contestmela,Mentions,26/01/2017 05:15,RT @shubh_softy: @thexoxoday @fotokiran @ContestAlert @ContestAdventur @india4contests @contestmantra @ContestMela  @blessedkamal,,,,26/01/2017 05:15,https://twitter.com/#!/blessedkamal/status/824486012663377920,,,8.24486E+17,
blessedkamal,contestmantra,Mentions,26/01/2017 05:15,RT @shubh_softy: @thexoxoday @fotokiran @ContestAlert @ContestAdventur @india4contests @contestmantra @ContestMela  @blessedkamal,,,,26/01/2017 05:15,https://twitter.com/#!/blessedkamal/status/824486012663377920,,,8.24486E+17,
blessedkamal,india4contests,Mentions,26/01/2017 05:15,RT @shubh_softy: @thexoxoday @fotokiran @ContestAlert @ContestAdventur @india4contests @contestmantra @ContestMela  @blessedkamal,,,,26/01/2017 05:15,https://twitter.com/#!/blessedkamal/status/824486012663377920,,,8.24486E+17,
blessedkamal,contestadventur,Mentions,26/01/2017 05:15,RT @shubh_softy: @thexoxoday @fotokiran @ContestAlert @ContestAdventur @india4contests @contestmantra @ContestMela  @blessedkamal,,,,26/01/2017 05:15,https://twitter.com/#!/blessedkamal/status/824486012663377920,,,8.24486E+17,
blessedkamal,contestalert,Mentions,26/01/2017 05:15,RT @shubh_softy: @thexoxoday @fotokiran @ContestAlert @ContestAdventur @india4contests @contestmantra @ContestMela  @blessedkamal,,,,26/01/2017 05:15,https://twitter.com/#!/blessedkamal/status/824486012663377920,,,8.24486E+17,
blessedkamal,fotokiran,Mentions,26/01/2017 05:15,RT @shubh_softy: @thexoxoday @fotokiran @ContestAlert @ContestAdventur @india4contests @contestmantra @ContestMela  @blessedkamal,,,,26/01/2017 05:15,https://twitter.com/#!/blessedkamal/status/824486012663377920,,,8.24486E+17,
blessedkamal,thexoxoday,Mentions,26/01/2017 05:15,RT @shubh_softy: @thexoxoday @fotokiran @ContestAlert @ContestAdventur @india4contests @contestmantra @ContestMela  @blessedkamal,,,,26/01/2017 05:15,https://twitter.com/#!/blessedkamal/status/824486012663377920,,,8.24486E+17,
blessedkamal,thexoxoday,Mentions,26/01/2017 05:16,"RT @girija_kriz: @thexoxoday  Participate  
@pandey_anika 
@ankitpatial95  
@ImJhanvikapoor 
@blessedkamal 
@harini_23  
Happy RepublicDay",,,,26/01/2017 05:16,https://twitter.com/#!/blessedkamal/status/824486217525784579,,,8.24486E+17,
blessedkamal,girija_kriz,Mentions,26/01/2017 05:16,"RT @girija_kriz: @thexoxoday  Participate  
@pandey_anika 
@ankitpatial95  
@ImJhanvikapoor 
@blessedkamal 
@harini_23  
Happy RepublicDay",,,,26/01/2017 05:16,https://twitter.com/#!/blessedkamal/status/824486217525784579,,,8.24486E+17,
contestadventur,blessedkamal,Mentions,25/01/2017 11:52,"Join in
@thexoxoday
@girija_kriz
@Gopal29
@dineshsatra
@ParidhiMota
@jain_anju
@blessedkamal
@varun4yaars
@pavnisharma17
@Aritri_007",,,,25/01/2017 11:52,https://twitter.com/#!/contestadventur/status/824223534842925056,,,8.24224E+17,8.24217E+17
contestadventur,jain_anju,Mentions,25/01/2017 11:52,"Join in
@thexoxoday
@girija_kriz
@Gopal29
@dineshsatra
@ParidhiMota
@jain_anju
@blessedkamal
@varun4yaars
@pavnisharma17
@Aritri_007",,,,25/01/2017 11:52,https://twitter.com/#!/contestadventur/status/824223534842925056,,,8.24224E+17,8.24217E+17
contestadventur,paridhimota,Mentions,25/01/2017 11:52,"Join in
@thexoxoday
@girija_kriz
@Gopal29
@dineshsatra
@ParidhiMota
@jain_anju
@blessedkamal
@varun4yaars
@pavnisharma17
@Aritri_007",,,,25/01/2017 11:52,https://twitter.com/#!/contestadventur/status/824223534842925056,,,8.24224E+17,8.24217E+17
contestadventur,dineshsatra,Mentions,25/01/2017 11:52,"Join in
@thexoxoday
@girija_kriz
@Gopal29
@dineshsatra
@ParidhiMota
@jain_anju
@blessedkamal
@varun4yaars
@pavnisharma17
@Aritri_007",,,,25/01/2017 11:52,https://twitter.com/#!/contestadventur/status/824223534842925056,,,8.24224E+17,8.24217E+17
contestadventur,gopal29,Mentions,25/01/2017 11:52,"Join in
@thexoxoday
@girija_kriz
@Gopal29
@dineshsatra
@ParidhiMota
@jain_anju
@blessedkamal
@varun4yaars
@pavnisharma17
@Aritri_007",,,,25/01/2017 11:52,https://twitter.com/#!/contestadventur/status/824223534842925056,,,8.24224E+17,8.24217E+17
girija_kriz,thexoxoday,Mentions,25/01/2017 15:44,RT @thexoxoday: Our #Contest is #live! #RT and tag 5 of your friends to win this dream ride on an Audi R8 and a Dinner at Taj Mahal Palace!…,,,contest live rt,25/01/2017 15:44,https://twitter.com/#!/girija_kriz/status/824281910872412160,,,8.24282E+17,
girija_kriz,thexoxoday,Mentions,25/01/2017 15:45,RT @thexoxoday: Our contest is #LIVE! Follow us to #participate and #RT and tag 5 of your friends to #win! #ContestAlert #Contest https://t…,,,live participate rt win contestalert contest,25/01/2017 15:45,https://twitter.com/#!/girija_kriz/status/824281946771496961,,,8.24282E+17,
girija_kriz,bruntha_ramani,Mentions,25/01/2017 15:46,"@thexoxoday Join Here : 

@Deepaadhan 
@gpk_m 
@genver1 
@VanduLilaraman 
@BharatMaheshw16 
@sugandhadixit85 
@Racer_Veb 
@Bruntha_Ramani",,,,25/01/2017 15:46,https://twitter.com/#!/girija_kriz/status/824282226145628160,,,8.24282E+17,8.24256E+17
girija_kriz,genver1,Mentions,25/01/2017 15:46,"@thexoxoday Join Here : 

@Deepaadhan 
@gpk_m 
@genver1 
@VanduLilaraman 
@BharatMaheshw16 
@sugandhadixit85 
@Racer_Veb 
@Bruntha_Ramani",,,,25/01/2017 15:46,https://twitter.com/#!/girija_kriz/status/824282226145628160,,,8.24282E+17,8.24256E+17
girija_kriz,gpk_m,Mentions,25/01/2017 15:46,"@thexoxoday Join Here : 

@Deepaadhan 
@gpk_m 
@genver1 
@VanduLilaraman 
@BharatMaheshw16 
@sugandhadixit85 
@Racer_Veb 
@Bruntha_Ramani",,,,25/01/2017 15:46,https://twitter.com/#!/girija_kriz/status/824282226145628160,,,8.24282E+17,8.24256E+17
girija_kriz,thexoxoday,Replies to,25/01/2017 15:46,"@thexoxoday Join Here : 

@Deepaadhan 
@gpk_m 
@genver1 
@VanduLilaraman 
@BharatMaheshw16 
@sugandhadixit85 
@Racer_Veb 
@Bruntha_Ramani",,,,25/01/2017 15:46,https://twitter.com/#!/girija_kriz/status/824282226145628160,,,8.24282E+17,8.24256E+17
girija_kriz,snehalataj,Mentions,25/01/2017 15:47,"@thexoxoday Join Here : 

@ghunjain 
@kittupari31 
@8niranjan 
@AroonRathore 
@ekta_k88  
@snehalataj 
@chilly_kalps 
@KapreUmesh",,,,25/01/2017 15:47,https://twitter.com/#!/girija_kriz/status/824282517754613760,,,8.24283E+17,8.24256E+17
girija_kriz,ekta_k88,Mentions,25/01/2017 15:47,"@thexoxoday Join Here : 

@ghunjain 
@kittupari31 
@8niranjan 
@AroonRathore 
@ekta_k88  
@snehalataj 
@chilly_kalps 
@KapreUmesh",,,,25/01/2017 15:47,https://twitter.com/#!/girija_kriz/status/824282517754613760,,,8.24283E+17,8.24256E+17
girija_kriz,kittupari31,Mentions,25/01/2017 15:47,"@thexoxoday Join Here : 

@ghunjain 
@kittupari31 
@8niranjan 
@AroonRathore 
@ekta_k88  
@snehalataj 
@chilly_kalps 
@KapreUmesh",,,,25/01/2017 15:47,https://twitter.com/#!/girija_kriz/status/824282517754613760,,,8.24283E+17,8.24256E+17
girija_kriz,ghunjain,Mentions,25/01/2017 15:47,"@thexoxoday Join Here : 

@ghunjain 
@kittupari31 
@8niranjan 
@AroonRathore 
@ekta_k88  
@snehalataj 
@chilly_kalps 
@KapreUmesh",,,,25/01/2017 15:47,https://twitter.com/#!/girija_kriz/status/824282517754613760,,,8.24283E+17,8.24256E+17
girija_kriz,thexoxoday,Replies to,25/01/2017 15:47,"@thexoxoday Join Here : 

@ghunjain 
@kittupari31 
@8niranjan 
@AroonRathore 
@ekta_k88  
@snehalataj 
@chilly_kalps 
@KapreUmesh",,,,25/01/2017 15:47,https://twitter.com/#!/girija_kriz/status/824282517754613760,,,8.24283E+17,8.24256E+17
girija_kriz,poojab_14,Mentions,25/01/2017 15:48,"@thexoxoday Join Here : 

@genver1 
@SayyedJenifer 
@Poojab_14 
@Deepaadhan 
@e_sri_hari 
@Sagar2612 
@BharatMaheshw16 
@kora_kagaj",,,,25/01/2017 15:48,https://twitter.com/#!/girija_kriz/status/824282763511463936,,,8.24283E+17,8.24256E+17
girija_kriz,sayyedjenifer,Mentions,25/01/2017 15:48,"@thexoxoday Join Here : 

@genver1 
@SayyedJenifer 
@Poojab_14 
@Deepaadhan 
@e_sri_hari 
@Sagar2612 
@BharatMaheshw16 
@kora_kagaj",,,,25/01/2017 15:48,https://twitter.com/#!/girija_kriz/status/824282763511463936,,,8.24283E+17,8.24256E+17
girija_kriz,genver1,Mentions,25/01/2017 15:48,"@thexoxoday Join Here : 

@genver1 
@SayyedJenifer 
@Poojab_14 
@Deepaadhan 
@e_sri_hari 
@Sagar2612 
@BharatMaheshw16 
@kora_kagaj",,,,25/01/2017 15:48,https://twitter.com/#!/girija_kriz/status/824282763511463936,,,8.24283E+17,8.24256E+17
girija_kriz,thexoxoday,Replies to,25/01/2017 15:48,"@thexoxoday Join Here : 

@genver1 
@SayyedJenifer 
@Poojab_14 
@Deepaadhan 
@e_sri_hari 
@Sagar2612 
@BharatMaheshw16 
@kora_kagaj",,,,25/01/2017 15:48,https://twitter.com/#!/girija_kriz/status/824282763511463936,,,8.24283E+17,8.24256E+17
girija_kriz,riyazali4312,Mentions,25/01/2017 15:52,"@thexoxoday Join Here : 

@VHetal 
@VineetSonkar 
@snehalataj 
@style_icon13 
@kora_kagaj 
@OfficialRicha18  
@IhiruRoy 
@riyazali4312",,,,25/01/2017 15:52,https://twitter.com/#!/girija_kriz/status/824283745851015168,,,8.24284E+17,8.24217E+17
girija_kriz,officialricha18,Mentions,25/01/2017 15:52,"@thexoxoday Join Here : 

@VHetal 
@VineetSonkar 
@snehalataj 
@style_icon13 
@kora_kagaj 
@OfficialRicha18  
@IhiruRoy 
@riyazali4312",,,,25/01/2017 15:52,https://twitter.com/#!/girija_kriz/status/824283745851015168,,,8.24284E+17,8.24217E+17
girija_kriz,snehalataj,Mentions,25/01/2017 15:52,"@thexoxoday Join Here : 

@VHetal 
@VineetSonkar 
@snehalataj 
@style_icon13 
@kora_kagaj 
@OfficialRicha18  
@IhiruRoy 
@riyazali4312",,,,25/01/2017 15:52,https://twitter.com/#!/girija_kriz/status/824283745851015168,,,8.24284E+17,8.24217E+17
girija_kriz,vineetsonkar,Mentions,25/01/2017 15:52,"@thexoxoday Join Here : 

@VHetal 
@VineetSonkar 
@snehalataj 
@style_icon13 
@kora_kagaj 
@OfficialRicha18  
@IhiruRoy 
@riyazali4312",,,,25/01/2017 15:52,https://twitter.com/#!/girija_kriz/status/824283745851015168,,,8.24284E+17,8.24217E+17
girija_kriz,vhetal,Mentions,25/01/2017 15:52,"@thexoxoday Join Here : 

@VHetal 
@VineetSonkar 
@snehalataj 
@style_icon13 
@kora_kagaj 
@OfficialRicha18  
@IhiruRoy 
@riyazali4312",,,,25/01/2017 15:52,https://twitter.com/#!/girija_kriz/status/824283745851015168,,,8.24284E+17,8.24217E+17
girija_kriz,thexoxoday,Replies to,25/01/2017 15:52,"@thexoxoday Join Here : 

@VHetal 
@VineetSonkar 
@snehalataj 
@style_icon13 
@kora_kagaj 
@OfficialRicha18  
@IhiruRoy 
@riyazali4312",,,,25/01/2017 15:52,https://twitter.com/#!/girija_kriz/status/824283745851015168,,,8.24284E+17,8.24217E+17
girija_kriz,ruchirasalvi2,Mentions,26/01/2017 02:18,"RT @thexoxoday: We have a contest coming up, you guys! Follow us to participate. @plum_paradise @mala_24amrish @ruchirasalvi2 @Acharyaempir…",,,,26/01/2017 02:18,https://twitter.com/#!/girija_kriz/status/824441426838642689,,,8.24441E+17,
girija_kriz,mala_24amrish,Mentions,26/01/2017 02:18,"RT @thexoxoday: We have a contest coming up, you guys! Follow us to participate. @plum_paradise @mala_24amrish @ruchirasalvi2 @Acharyaempir…",,,,26/01/2017 02:18,https://twitter.com/#!/girija_kriz/status/824441426838642689,,,8.24441E+17,
girija_kriz,plum_paradise,Mentions,26/01/2017 02:18,"RT @thexoxoday: We have a contest coming up, you guys! Follow us to participate. @plum_paradise @mala_24amrish @ruchirasalvi2 @Acharyaempir…",,,,26/01/2017 02:18,https://twitter.com/#!/girija_kriz/status/824441426838642689,,,8.24441E+17,
girija_kriz,thexoxoday,Mentions,26/01/2017 02:18,"RT @thexoxoday: We have a contest coming up, you guys! Follow us to participate. @plum_paradise @mala_24amrish @ruchirasalvi2 @Acharyaempir…",,,,26/01/2017 02:18,https://twitter.com/#!/girija_kriz/status/824441426838642689,,,8.24441E+17,
girija_kriz,thexoxoday,Mentions,26/01/2017 02:19,RT @thexoxoday: A shoutout to everyone who wants to #Participate! Our #contest is now live! Follow us to participate. #RT and tag 5 of your…,,,participate contest rt,26/01/2017 02:19,https://twitter.com/#!/girija_kriz/status/824441536167366656,,,8.24442E+17,
girija_kriz,gpk_m,Mentions,26/01/2017 02:21,"@thexoxoday love to experience  the new experience with my hubby
@BharatMaheshw16 
@KapreUmesh 
@chilly_kalps 
@blessedkamal 
@gpk_m",,,,26/01/2017 02:21,https://twitter.com/#!/girija_kriz/status/824442165174497280,,,8.24442E+17,8.24231E+17
girija_kriz,thexoxoday,Replies to,26/01/2017 02:21,"@thexoxoday love to experience  the new experience with my hubby
@BharatMaheshw16 
@KapreUmesh 
@chilly_kalps 
@blessedkamal 
@gpk_m",,,,26/01/2017 02:21,https://twitter.com/#!/girija_kriz/status/824442165174497280,,,8.24442E+17,8.24231E+17
girija_kriz,thexoxoday,Replies to,26/01/2017 04:49,"@thexoxoday  Participate  
@pandey_anika 
@ankitpatial95  
@ImJhanvikapoor 
@blessedkamal 
@harini_23  
Happy RepublicDay",,,,26/01/2017 04:49,https://twitter.com/#!/girija_kriz/status/824479464637599744,,,8.24479E+17,8.24206E+17
contestadventur,girija_kriz,Mentions,25/01/2017 11:52,"Join in
@thexoxoday
@girija_kriz
@Gopal29
@dineshsatra
@ParidhiMota
@jain_anju
@blessedkamal
@varun4yaars
@pavnisharma17
@Aritri_007",,,,25/01/2017 11:52,https://twitter.com/#!/contestadventur/status/824223534842925056,,,8.24224E+17,8.24217E+17
contestadventur,manadeem1192,Mentions,25/01/2017 11:53,"Join in
@thexoxoday
@z
@l
@riyazali4312
@dinesh4pathak
@SkAnkoosh
@sundevesh
@dewcool2
@neeshu_kumar
@gabbar_je
@IFearDear
@manadeem1192",,,,25/01/2017 11:53,https://twitter.com/#!/contestadventur/status/824223611598708736,,,8.24224E+17,8.24217E+17
contestadventur,ifeardear,Mentions,25/01/2017 11:53,"Join in
@thexoxoday
@z
@l
@riyazali4312
@dinesh4pathak
@SkAnkoosh
@sundevesh
@dewcool2
@neeshu_kumar
@gabbar_je
@IFearDear
@manadeem1192",,,,25/01/2017 11:53,https://twitter.com/#!/contestadventur/status/824223611598708736,,,8.24224E+17,8.24217E+17
contestadventur,gabbar_je,Mentions,25/01/2017 11:53,"Join in
@thexoxoday
@z
@l
@riyazali4312
@dinesh4pathak
@SkAnkoosh
@sundevesh
@dewcool2
@neeshu_kumar
@gabbar_je
@IFearDear
@manadeem1192",,,,25/01/2017 11:53,https://twitter.com/#!/contestadventur/status/824223611598708736,,,8.24224E+17,8.24217E+17
contestadventur,neeshu_kumar,Mentions,25/01/2017 11:53,"Join in
@thexoxoday
@z
@l
@riyazali4312
@dinesh4pathak
@SkAnkoosh
@sundevesh
@dewcool2
@neeshu_kumar
@gabbar_je
@IFearDear
@manadeem1192",,,,25/01/2017 11:53,https://twitter.com/#!/contestadventur/status/824223611598708736,,,8.24224E+17,8.24217E+17
contestadventur,sundevesh,Mentions,25/01/2017 11:53,"Join in
@thexoxoday
@z
@l
@riyazali4312
@dinesh4pathak
@SkAnkoosh
@sundevesh
@dewcool2
@neeshu_kumar
@gabbar_je
@IFearDear
@manadeem1192",,,,25/01/2017 11:53,https://twitter.com/#!/contestadventur/status/824223611598708736,,,8.24224E+17,8.24217E+17
contestadventur,skankoosh,Mentions,25/01/2017 11:53,"Join in
@thexoxoday
@z
@l
@riyazali4312
@dinesh4pathak
@SkAnkoosh
@sundevesh
@dewcool2
@neeshu_kumar
@gabbar_je
@IFearDear
@manadeem1192",,,,25/01/2017 11:53,https://twitter.com/#!/contestadventur/status/824223611598708736,,,8.24224E+17,8.24217E+17
contestadventur,dinesh4pathak,Mentions,25/01/2017 11:53,"Join in
@thexoxoday
@z
@l
@riyazali4312
@dinesh4pathak
@SkAnkoosh
@sundevesh
@dewcool2
@neeshu_kumar
@gabbar_je
@IFearDear
@manadeem1192",,,,25/01/2017 11:53,https://twitter.com/#!/contestadventur/status/824223611598708736,,,8.24224E+17,8.24217E+17
contestadventur,riyazali4312,Mentions,25/01/2017 11:53,"Join in
@thexoxoday
@z
@l
@riyazali4312
@dinesh4pathak
@SkAnkoosh
@sundevesh
@dewcool2
@neeshu_kumar
@gabbar_je
@IFearDear
@manadeem1192",,,,25/01/2017 11:53,https://twitter.com/#!/contestadventur/status/824223611598708736,,,8.24224E+17,8.24217E+17
contestadventur,l,Mentions,25/01/2017 11:53,"Join in
@thexoxoday
@z
@l
@riyazali4312
@dinesh4pathak
@SkAnkoosh
@sundevesh
@dewcool2
@neeshu_kumar
@gabbar_je
@IFearDear
@manadeem1192",,,,25/01/2017 11:53,https://twitter.com/#!/contestadventur/status/824223611598708736,,,8.24224E+17,8.24217E+17
contestadventur,z,Mentions,25/01/2017 11:53,"Join in
@thexoxoday
@z
@l
@riyazali4312
@dinesh4pathak
@SkAnkoosh
@sundevesh
@dewcool2
@neeshu_kumar
@gabbar_je
@IFearDear
@manadeem1192",,,,25/01/2017 11:53,https://twitter.com/#!/contestadventur/status/824223611598708736,,,8.24224E+17,8.24217E+17
contestadventur,bruntha_ramani,Mentions,25/01/2017 11:53,"Join in
@thexoxoday
@NanduLoudySingh
@bhawani_jaipur
@AngelPari_1
@ImAlokJalan
@sunitakatyal
@DjShivaManuja
@Bruntha_Ramani
@PinkyDholakia",,,,25/01/2017 11:53,https://twitter.com/#!/contestadventur/status/824223683480690724,,,8.24224E+17,8.24217E+17
contestadventur,djshivamanuja,Mentions,25/01/2017 11:53,"Join in
@thexoxoday
@NanduLoudySingh
@bhawani_jaipur
@AngelPari_1
@ImAlokJalan
@sunitakatyal
@DjShivaManuja
@Bruntha_Ramani
@PinkyDholakia",,,,25/01/2017 11:53,https://twitter.com/#!/contestadventur/status/824223683480690724,,,8.24224E+17,8.24217E+17
binny_kukreja,sunitakatyal,Mentions,25/01/2017 14:04,@thexoxoday @pavnisharma17 @joyal_patel @sunitakatyal @PinkyDholakia @fotokiran join in #ContestAlert,,,contestalert,25/01/2017 14:04,https://twitter.com/#!/binny_kukreja/status/824256745954508801,,,8.24257E+17,8.24256E+17
contestadventur,sunitakatyal,Mentions,25/01/2017 11:53,"Join in
@thexoxoday
@NanduLoudySingh
@bhawani_jaipur
@AngelPari_1
@ImAlokJalan
@sunitakatyal
@DjShivaManuja
@Bruntha_Ramani
@PinkyDholakia",,,,25/01/2017 11:53,https://twitter.com/#!/contestadventur/status/824223683480690724,,,8.24224E+17,8.24217E+17
contestadventur,imalokjalan,Mentions,25/01/2017 11:53,"Join in
@thexoxoday
@NanduLoudySingh
@bhawani_jaipur
@AngelPari_1
@ImAlokJalan
@sunitakatyal
@DjShivaManuja
@Bruntha_Ramani
@PinkyDholakia",,,,25/01/2017 11:53,https://twitter.com/#!/contestadventur/status/824223683480690724,,,8.24224E+17,8.24217E+17
contestadventur,angelpari_1,Mentions,25/01/2017 11:53,"Join in
@thexoxoday
@NanduLoudySingh
@bhawani_jaipur
@AngelPari_1
@ImAlokJalan
@sunitakatyal
@DjShivaManuja
@Bruntha_Ramani
@PinkyDholakia",,,,25/01/2017 11:53,https://twitter.com/#!/contestadventur/status/824223683480690724,,,8.24224E+17,8.24217E+17
contestadventur,bhawani_jaipur,Mentions,25/01/2017 11:53,"Join in
@thexoxoday
@NanduLoudySingh
@bhawani_jaipur
@AngelPari_1
@ImAlokJalan
@sunitakatyal
@DjShivaManuja
@Bruntha_Ramani
@PinkyDholakia",,,,25/01/2017 11:53,https://twitter.com/#!/contestadventur/status/824223683480690724,,,8.24224E+17,8.24217E+17
contestadventur,nanduloudysingh,Mentions,25/01/2017 11:53,"Join in
@thexoxoday
@NanduLoudySingh
@bhawani_jaipur
@AngelPari_1
@ImAlokJalan
@sunitakatyal
@DjShivaManuja
@Bruntha_Ramani
@PinkyDholakia",,,,25/01/2017 11:53,https://twitter.com/#!/contestadventur/status/824223683480690724,,,8.24224E+17,8.24217E+17
sensible_mona,sachintater,Mentions,25/01/2017 13:17,"@thexoxoday @BabuBeg @rosie7me @ekta_k88 
@SachinTater @Tu_13_Dekh_Na @appie_appz 
@NehaDevjani join in",,,,25/01/2017 13:17,https://twitter.com/#!/sensible_mona/status/824244702287458310,,,8.24245E+17,8.24217E+17
contestadventur,sachintater,Mentions,25/01/2017 11:53,"Join in
@thexoxoday
@Swaty_Here
@shanaticniko
@Sensible_Mona
@raj50boy
@RoohSays
@TarunWadhwani92
@girijakriz
@gpk_m
@SachinTater",,,,25/01/2017 11:53,https://twitter.com/#!/contestadventur/status/824223756381929472,,,8.24224E+17,8.24217E+17
contestadventur,gpk_m,Mentions,25/01/2017 11:53,"Join in
@thexoxoday
@Swaty_Here
@shanaticniko
@Sensible_Mona
@raj50boy
@RoohSays
@TarunWadhwani92
@girijakriz
@gpk_m
@SachinTater",,,,25/01/2017 11:53,https://twitter.com/#!/contestadventur/status/824223756381929472,,,8.24224E+17,8.24217E+17
contestadventur,girijakriz,Mentions,25/01/2017 11:53,"Join in
@thexoxoday
@Swaty_Here
@shanaticniko
@Sensible_Mona
@raj50boy
@RoohSays
@TarunWadhwani92
@girijakriz
@gpk_m
@SachinTater",,,,25/01/2017 11:53,https://twitter.com/#!/contestadventur/status/824223756381929472,,,8.24224E+17,8.24217E+17
contestadventur,tarunwadhwani92,Mentions,25/01/2017 11:53,"Join in
@thexoxoday
@Swaty_Here
@shanaticniko
@Sensible_Mona
@raj50boy
@RoohSays
@TarunWadhwani92
@girijakriz
@gpk_m
@SachinTater",,,,25/01/2017 11:53,https://twitter.com/#!/contestadventur/status/824223756381929472,,,8.24224E+17,8.24217E+17
contestadventur,roohsays,Mentions,25/01/2017 11:53,"Join in
@thexoxoday
@Swaty_Here
@shanaticniko
@Sensible_Mona
@raj50boy
@RoohSays
@TarunWadhwani92
@girijakriz
@gpk_m
@SachinTater",,,,25/01/2017 11:53,https://twitter.com/#!/contestadventur/status/824223756381929472,,,8.24224E+17,8.24217E+17
contestadventur,raj50boy,Mentions,25/01/2017 11:53,"Join in
@thexoxoday
@Swaty_Here
@shanaticniko
@Sensible_Mona
@raj50boy
@RoohSays
@TarunWadhwani92
@girijakriz
@gpk_m
@SachinTater",,,,25/01/2017 11:53,https://twitter.com/#!/contestadventur/status/824223756381929472,,,8.24224E+17,8.24217E+17
sensible_mona,thexoxoday,Mentions,25/01/2017 13:14,RT @thexoxoday: Our #Contest is #live! #RT and tag 5 of your friends to win this dream ride on an Audi R8 and a Dinner at Taj Mahal Palace!…,,,contest live rt,25/01/2017 13:14,https://twitter.com/#!/sensible_mona/status/824244152418336768,,,8.24244E+17,
sensible_mona,thexoxoday,Replies to,25/01/2017 13:15,@thexoxoday I wish to go for a dinner with my mom ! @neelam_bahety,,,,25/01/2017 13:15,https://twitter.com/#!/sensible_mona/status/824244361835794432,,,8.24244E+17,8.24217E+17
sensible_mona,ekta_k88,Mentions,25/01/2017 13:17,"@thexoxoday @BabuBeg @rosie7me @ekta_k88 
@SachinTater @Tu_13_Dekh_Na @appie_appz 
@NehaDevjani join in",,,,25/01/2017 13:17,https://twitter.com/#!/sensible_mona/status/824244702287458310,,,8.24245E+17,8.24217E+17
sensible_mona,babubeg,Mentions,25/01/2017 13:17,"@thexoxoday @BabuBeg @rosie7me @ekta_k88 
@SachinTater @Tu_13_Dekh_Na @appie_appz 
@NehaDevjani join in",,,,25/01/2017 13:17,https://twitter.com/#!/sensible_mona/status/824244702287458310,,,8.24245E+17,8.24217E+17
sensible_mona,thexoxoday,Replies to,25/01/2017 13:17,"@thexoxoday @BabuBeg @rosie7me @ekta_k88 
@SachinTater @Tu_13_Dekh_Na @appie_appz 
@NehaDevjani join in",,,,25/01/2017 13:17,https://twitter.com/#!/sensible_mona/status/824244702287458310,,,8.24245E+17,8.24217E+17
sensible_mona,thexoxoday,Mentions,25/01/2017 13:17,RT @thexoxoday: A shoutout to everyone who wants to #Participate! Our #contest is now live! Follow us to participate. #RT and tag 5 of your…,,,participate contest rt,25/01/2017 13:17,https://twitter.com/#!/sensible_mona/status/824244857967411201,,,8.24245E+17,
contestadventur,sensible_mona,Mentions,25/01/2017 11:53,"Join in
@thexoxoday
@Swaty_Here
@shanaticniko
@Sensible_Mona
@raj50boy
@RoohSays
@TarunWadhwani92
@girijakriz
@gpk_m
@SachinTater",,,,25/01/2017 11:53,https://twitter.com/#!/contestadventur/status/824223756381929472,,,8.24224E+17,8.24217E+17
contestadventur,shanaticniko,Mentions,25/01/2017 11:53,"Join in
@thexoxoday
@Swaty_Here
@shanaticniko
@Sensible_Mona
@raj50boy
@RoohSays
@TarunWadhwani92
@girijakriz
@gpk_m
@SachinTater",,,,25/01/2017 11:53,https://twitter.com/#!/contestadventur/status/824223756381929472,,,8.24224E+17,8.24217E+17
contestadventur,swaty_here,Mentions,25/01/2017 11:53,"Join in
@thexoxoday
@Swaty_Here
@shanaticniko
@Sensible_Mona
@raj50boy
@RoohSays
@TarunWadhwani92
@girijakriz
@gpk_m
@SachinTater",,,,25/01/2017 11:53,https://twitter.com/#!/contestadventur/status/824223756381929472,,,8.24224E+17,8.24217E+17
contestadventur,rohanrm2013,Mentions,25/01/2017 11:54,"Join in
@thexoxoday
@Tweet_Tweet_Raj
@U_ANOOP1
@thisispriyankaa
@CreativeVamsi
@bhansali_raj
@BadmashDip
@ramyavellanki
@Rohanrm2013",,,,25/01/2017 11:54,https://twitter.com/#!/contestadventur/status/824223885415489539,,,8.24224E+17,8.24217E+17
contestadventur,badmashdip,Mentions,25/01/2017 11:13,"Join in @thexoxoday @Contestmumbai @india4contests
@ContestAlert @BadmashDip @ContestKiDuniya @About_Contest @ContestReminder",,,,25/01/2017 11:13,https://twitter.com/#!/contestadventur/status/824213667902173184,,,8.24214E+17,8.24208E+17
contestadventur,badmashdip,Mentions,25/01/2017 11:54,"Join in
@thexoxoday
@Tweet_Tweet_Raj
@U_ANOOP1
@thisispriyankaa
@CreativeVamsi
@bhansali_raj
@BadmashDip
@ramyavellanki
@Rohanrm2013",,,,25/01/2017 11:54,https://twitter.com/#!/contestadventur/status/824223885415489539,,,8.24224E+17,8.24217E+17
contestadventur,bhansali_raj,Mentions,25/01/2017 11:54,"Join in
@thexoxoday
@Tweet_Tweet_Raj
@U_ANOOP1
@thisispriyankaa
@CreativeVamsi
@bhansali_raj
@BadmashDip
@ramyavellanki
@Rohanrm2013",,,,25/01/2017 11:54,https://twitter.com/#!/contestadventur/status/824223885415489539,,,8.24224E+17,8.24217E+17
contestadventur,creativevamsi,Mentions,25/01/2017 11:54,"Join in
@thexoxoday
@Tweet_Tweet_Raj
@U_ANOOP1
@thisispriyankaa
@CreativeVamsi
@bhansali_raj
@BadmashDip
@ramyavellanki
@Rohanrm2013",,,,25/01/2017 11:54,https://twitter.com/#!/contestadventur/status/824223885415489539,,,8.24224E+17,8.24217E+17
contestadventur,thisispriyankaa,Mentions,25/01/2017 11:54,"Join in
@thexoxoday
@Tweet_Tweet_Raj
@U_ANOOP1
@thisispriyankaa
@CreativeVamsi
@bhansali_raj
@BadmashDip
@ramyavellanki
@Rohanrm2013",,,,25/01/2017 11:54,https://twitter.com/#!/contestadventur/status/824223885415489539,,,8.24224E+17,8.24217E+17
contestadventur,u_anoop1,Mentions,25/01/2017 11:54,"Join in
@thexoxoday
@Tweet_Tweet_Raj
@U_ANOOP1
@thisispriyankaa
@CreativeVamsi
@bhansali_raj
@BadmashDip
@ramyavellanki
@Rohanrm2013",,,,25/01/2017 11:54,https://twitter.com/#!/contestadventur/status/824223885415489539,,,8.24224E+17,8.24217E+17
contestadventur,tweet_tweet_raj,Mentions,25/01/2017 11:54,"Join in
@thexoxoday
@Tweet_Tweet_Raj
@U_ANOOP1
@thisispriyankaa
@CreativeVamsi
@bhansali_raj
@BadmashDip
@ramyavellanki
@Rohanrm2013",,,,25/01/2017 11:54,https://twitter.com/#!/contestadventur/status/824223885415489539,,,8.24224E+17,8.24217E+17
contestadventur,sheikhudz,Mentions,25/01/2017 11:54,"Join in
@thexoxoday
@rohan_parsekar
@genver1
@gaikwadganesh29
@poonam_216
@Deepans59706214
@iam_MiraDevi
@KrutiBhatt5
@R
@Sheikhudz",,,,25/01/2017 11:54,https://twitter.com/#!/contestadventur/status/824223956492136448,,,8.24224E+17,8.24217E+17
contestadventur,r,Mentions,25/01/2017 11:54,"Join in
@thexoxoday
@rohan_parsekar
@genver1
@gaikwadganesh29
@poonam_216
@Deepans59706214
@iam_MiraDevi
@KrutiBhatt5
@R
@Sheikhudz",,,,25/01/2017 11:54,https://twitter.com/#!/contestadventur/status/824223956492136448,,,8.24224E+17,8.24217E+17
contestadventur,krutibhatt5,Mentions,25/01/2017 11:54,"Join in
@thexoxoday
@rohan_parsekar
@genver1
@gaikwadganesh29
@poonam_216
@Deepans59706214
@iam_MiraDevi
@KrutiBhatt5
@R
@Sheikhudz",,,,25/01/2017 11:54,https://twitter.com/#!/contestadventur/status/824223956492136448,,,8.24224E+17,8.24217E+17
contestadventur,iam_miradevi,Mentions,25/01/2017 11:54,"Join in
@thexoxoday
@rohan_parsekar
@genver1
@gaikwadganesh29
@poonam_216
@Deepans59706214
@iam_MiraDevi
@KrutiBhatt5
@R
@Sheikhudz",,,,25/01/2017 11:54,https://twitter.com/#!/contestadventur/status/824223956492136448,,,8.24224E+17,8.24217E+17
contestadventur,deepans59706214,Mentions,25/01/2017 11:54,"Join in
@thexoxoday
@rohan_parsekar
@genver1
@gaikwadganesh29
@poonam_216
@Deepans59706214
@iam_MiraDevi
@KrutiBhatt5
@R
@Sheikhudz",,,,25/01/2017 11:54,https://twitter.com/#!/contestadventur/status/824223956492136448,,,8.24224E+17,8.24217E+17
contestadventur,poonam_216,Mentions,25/01/2017 11:54,"Join in
@thexoxoday
@rohan_parsekar
@genver1
@gaikwadganesh29
@poonam_216
@Deepans59706214
@iam_MiraDevi
@KrutiBhatt5
@R
@Sheikhudz",,,,25/01/2017 11:54,https://twitter.com/#!/contestadventur/status/824223956492136448,,,8.24224E+17,8.24217E+17
contestadventur,gaikwadganesh29,Mentions,25/01/2017 11:54,"Join in
@thexoxoday
@rohan_parsekar
@genver1
@gaikwadganesh29
@poonam_216
@Deepans59706214
@iam_MiraDevi
@KrutiBhatt5
@R
@Sheikhudz",,,,25/01/2017 11:54,https://twitter.com/#!/contestadventur/status/824223956492136448,,,8.24224E+17,8.24217E+17
contestadventur,genver1,Mentions,25/01/2017 11:54,"Join in
@thexoxoday
@rohan_parsekar
@genver1
@gaikwadganesh29
@poonam_216
@Deepans59706214
@iam_MiraDevi
@KrutiBhatt5
@R
@Sheikhudz",,,,25/01/2017 11:54,https://twitter.com/#!/contestadventur/status/824223956492136448,,,8.24224E+17,8.24217E+17
contestadventur,rohan_parsekar,Mentions,25/01/2017 11:54,"Join in
@thexoxoday
@rohan_parsekar
@genver1
@gaikwadganesh29
@poonam_216
@Deepans59706214
@iam_MiraDevi
@KrutiBhatt5
@R
@Sheikhudz",,,,25/01/2017 11:54,https://twitter.com/#!/contestadventur/status/824223956492136448,,,8.24224E+17,8.24217E+17
karrivinodkumar,irinrinki,Mentions,26/01/2017 06:09,@thexoxoday Here is my entry!@RTadepally u r choice.Hi @RTadepally @piyushpuri12 @IrinRinki @ekta_k88 @Manaal_M16 f… https://t.co/Q8M8DXnvgV,https://twitter.com/i/web/status/824499477331451904,twitter.com,,26/01/2017 06:09,https://twitter.com/#!/karrivinodkumar/status/824499477331451904,,,8.24499E+17,8.24217E+17
rtadepally,irinrinki,Mentions,26/01/2017 06:33,RT @KARRIVINODKUMAR: @thexoxoday Here is my entry!@RTadepally u r choice.Hi @RTadepally @piyushpuri12 @IrinRinki @ekta_k88 @Manaal_M16 foll…,,,,26/01/2017 06:33,https://twitter.com/#!/rtadepally/status/824505607629766656,,,8.24506E+17,
contestadventur,irinrinki,Mentions,25/01/2017 11:55,"Join in
@thexoxoday
@75693866e2414e0
@drarvindkumar
@me_purpleLover
@VineetSonkar
@KARRIVINODKUMAR
@KarriLuvi
@NandigamSantosh
@IrinRinki",,,,25/01/2017 11:55,https://twitter.com/#!/contestadventur/status/824224224294281217,,,8.24224E+17,8.24217E+17
contestadventur,nandigamsantosh,Mentions,25/01/2017 11:55,"Join in
@thexoxoday
@75693866e2414e0
@drarvindkumar
@me_purpleLover
@VineetSonkar
@KARRIVINODKUMAR
@KarriLuvi
@NandigamSantosh
@IrinRinki",,,,25/01/2017 11:55,https://twitter.com/#!/contestadventur/status/824224224294281217,,,8.24224E+17,8.24217E+17
contestadventur,karriluvi,Mentions,25/01/2017 11:55,"Join in
@thexoxoday
@75693866e2414e0
@drarvindkumar
@me_purpleLover
@VineetSonkar
@KARRIVINODKUMAR
@KarriLuvi
@NandigamSantosh
@IrinRinki",,,,25/01/2017 11:55,https://twitter.com/#!/contestadventur/status/824224224294281217,,,8.24224E+17,8.24217E+17
rehanak55,karrivinodkumar,Mentions,25/01/2017 12:07,"@thexoxoday #Contest Join in 
@anahitairani1 
@tofarzeen 
@BeShakthi 
@sd12dec 
@Deepaadhan 
@godsowntalk 
@blessedkamal 
@KARRIVINODKUMAR",,,contest,25/01/2017 12:07,https://twitter.com/#!/rehanak55/status/824227151524331520,,,8.24227E+17,8.24217E+17
karrivinodkumar,thexoxoday,Mentions,26/01/2017 06:04,RT @thexoxoday: Our #Contest is #live! #RT and tag 5 of your friends to win this dream ride on an Audi R8 and a Dinner at Taj Mahal Palace!…,,,contest live rt,26/01/2017 06:04,https://twitter.com/#!/karrivinodkumar/status/824498210290991104,,,8.24498E+17,
karrivinodkumar,thexoxoday,Mentions,26/01/2017 06:04,RT @thexoxoday: A shoutout to everyone who wants to #Participate! Our #contest is now live! Follow us to participate. #RT and tag 5 of your…,,,participate contest rt,26/01/2017 06:04,https://twitter.com/#!/karrivinodkumar/status/824498299470311425,,,8.24498E+17,
karrivinodkumar,dewcool2,Mentions,26/01/2017 06:04,RT @thexoxoday: Our #Contest is now live! #RT and tag 5 of your friends to #win an Audi R8 ride and dinner at Taj! #ContestAlert @dewcool2…,,,contest rt win contestalert,26/01/2017 06:04,https://twitter.com/#!/karrivinodkumar/status/824498317312884737,,,8.24498E+17,
karrivinodkumar,thexoxoday,Mentions,26/01/2017 06:04,RT @thexoxoday: Our #Contest is now live! #RT and tag 5 of your friends to #win an Audi R8 ride and dinner at Taj! #ContestAlert @dewcool2…,,,contest rt win contestalert,26/01/2017 06:04,https://twitter.com/#!/karrivinodkumar/status/824498317312884737,,,8.24498E+17,
karrivinodkumar,thexoxoday,Mentions,26/01/2017 06:09,RT @thexoxoday: Our contest is #LIVE! Follow us to #participate and #RT and tag 5 of your friends to #win! #ContestAlert #Contest https://t…,,,live participate rt win contestalert contest,26/01/2017 06:09,https://twitter.com/#!/karrivinodkumar/status/824499452354433024,,,8.24499E+17,
karrivinodkumar,thexoxoday,Mentions,26/01/2017 06:09,RT @thexoxoday: Keep participating in our #contest to win an Audi Q3 ride and a lavish dinner for two at the Taj Mahal Palace! #ContestAler…,,,contest,26/01/2017 06:09,https://twitter.com/#!/karrivinodkumar/status/824499463540637697,,,8.24499E+17,
karrivinodkumar,ekta_k88,Mentions,26/01/2017 06:09,@thexoxoday Here is my entry!@RTadepally u r choice.Hi @RTadepally @piyushpuri12 @IrinRinki @ekta_k88 @Manaal_M16 f… https://t.co/Q8M8DXnvgV,https://twitter.com/i/web/status/824499477331451904,twitter.com,,26/01/2017 06:09,https://twitter.com/#!/karrivinodkumar/status/824499477331451904,,,8.24499E+17,8.24217E+17
karrivinodkumar,rtadepally,Mentions,26/01/2017 06:09,@thexoxoday Here is my entry!@RTadepally u r choice.Hi @RTadepally @piyushpuri12 @IrinRinki @ekta_k88 @Manaal_M16 f… https://t.co/Q8M8DXnvgV,https://twitter.com/i/web/status/824499477331451904,twitter.com,,26/01/2017 06:09,https://twitter.com/#!/karrivinodkumar/status/824499477331451904,,,8.24499E+17,8.24217E+17
karrivinodkumar,thexoxoday,Replies to,26/01/2017 06:09,@thexoxoday Here is my entry!@RTadepally u r choice.Hi @RTadepally @piyushpuri12 @IrinRinki @ekta_k88 @Manaal_M16 f… https://t.co/Q8M8DXnvgV,https://twitter.com/i/web/status/824499477331451904,twitter.com,,26/01/2017 06:09,https://twitter.com/#!/karrivinodkumar/status/824499477331451904,,,8.24499E+17,8.24217E+17
karrivinodkumar,thexoxoday,Mentions,26/01/2017 06:09,RT @thexoxoday: We are #live with our #contest! Follow to participate. All you have to do is #RT and tag 5 of your friends to win! https://…,,,live contest rt,26/01/2017 06:09,https://twitter.com/#!/karrivinodkumar/status/824499494721060864,,,8.24499E+17,
karrivinodkumar,thexoxoday,Mentions,26/01/2017 06:09,"RT @thexoxoday: #ContestAlert Remember, Follow Us to Participate! #contest #contestindia #ContestofChampions https://t.co/yD5kFC1kES",,,contestalert contest contestindia contestofchampions,26/01/2017 06:09,https://twitter.com/#!/karrivinodkumar/status/824499504615485441,,,8.245E+17,
karrivinodkumar,broke,Mentions,26/01/2017 06:09,RT @thexoxoday: We have a #contest coming up. Follow us to participate! @IndianContests @Contesttable @iheartcontest @photo_contests @Broke…,,,contest,26/01/2017 06:09,https://twitter.com/#!/karrivinodkumar/status/824499515961069569,,,8.245E+17,
karrivinodkumar,photo_contests,Mentions,26/01/2017 06:09,RT @thexoxoday: We have a #contest coming up. Follow us to participate! @IndianContests @Contesttable @iheartcontest @photo_contests @Broke…,,,contest,26/01/2017 06:09,https://twitter.com/#!/karrivinodkumar/status/824499515961069569,,,8.245E+17,
karrivinodkumar,iheartcontest,Mentions,26/01/2017 06:09,RT @thexoxoday: We have a #contest coming up. Follow us to participate! @IndianContests @Contesttable @iheartcontest @photo_contests @Broke…,,,contest,26/01/2017 06:09,https://twitter.com/#!/karrivinodkumar/status/824499515961069569,,,8.245E+17,
karrivinodkumar,contesttable,Mentions,26/01/2017 06:09,RT @thexoxoday: We have a #contest coming up. Follow us to participate! @IndianContests @Contesttable @iheartcontest @photo_contests @Broke…,,,contest,26/01/2017 06:09,https://twitter.com/#!/karrivinodkumar/status/824499515961069569,,,8.245E+17,
karrivinodkumar,thexoxoday,Mentions,26/01/2017 06:09,RT @thexoxoday: We have a #contest coming up. Follow us to participate! @IndianContests @Contesttable @iheartcontest @photo_contests @Broke…,,,contest,26/01/2017 06:09,https://twitter.com/#!/karrivinodkumar/status/824499515961069569,,,8.245E+17,
karrivinodkumar,ruchirasalvi2,Mentions,26/01/2017 06:09,"RT @thexoxoday: We have a contest coming up, you guys! Follow us to participate. @plum_paradise @mala_24amrish @ruchirasalvi2 @Acharyaempir…",,,,26/01/2017 06:09,https://twitter.com/#!/karrivinodkumar/status/824499524408373248,,,8.245E+17,
karrivinodkumar,mala_24amrish,Mentions,26/01/2017 06:09,"RT @thexoxoday: We have a contest coming up, you guys! Follow us to participate. @plum_paradise @mala_24amrish @ruchirasalvi2 @Acharyaempir…",,,,26/01/2017 06:09,https://twitter.com/#!/karrivinodkumar/status/824499524408373248,,,8.245E+17,
karrivinodkumar,plum_paradise,Mentions,26/01/2017 06:09,"RT @thexoxoday: We have a contest coming up, you guys! Follow us to participate. @plum_paradise @mala_24amrish @ruchirasalvi2 @Acharyaempir…",,,,26/01/2017 06:09,https://twitter.com/#!/karrivinodkumar/status/824499524408373248,,,8.245E+17,
karrivinodkumar,thexoxoday,Mentions,26/01/2017 06:09,"RT @thexoxoday: We have a contest coming up, you guys! Follow us to participate. @plum_paradise @mala_24amrish @ruchirasalvi2 @Acharyaempir…",,,,26/01/2017 06:09,https://twitter.com/#!/karrivinodkumar/status/824499524408373248,,,8.245E+17,
karrivinodkumar,contestweeter,Mentions,26/01/2017 06:09,"RT @thexoxoday: @contestweeter We have a #contest coming up, give us a shoutout you guys! #ContestAlert",,,contest contestalert,26/01/2017 06:09,https://twitter.com/#!/karrivinodkumar/status/824499541126832128,,,8.245E+17,
karrivinodkumar,thexoxoday,Mentions,26/01/2017 06:09,"RT @thexoxoday: @contestweeter We have a #contest coming up, give us a shoutout you guys! #ContestAlert",,,contest contestalert,26/01/2017 06:09,https://twitter.com/#!/karrivinodkumar/status/824499541126832128,,,8.245E+17,
karrivinodkumar,contests2share,Mentions,26/01/2017 06:09,RT @thexoxoday: @contests2share Give us a shoutout for our #contest that is coming up.,,,contest,26/01/2017 06:09,https://twitter.com/#!/karrivinodkumar/status/824499553638477824,,,8.245E+17,
karrivinodkumar,thexoxoday,Mentions,26/01/2017 06:09,RT @thexoxoday: @contests2share Give us a shoutout for our #contest that is coming up.,,,contest,26/01/2017 06:09,https://twitter.com/#!/karrivinodkumar/status/824499553638477824,,,8.245E+17,
karrivinodkumar,contestimeline,Mentions,26/01/2017 06:09,RT @thexoxoday: @ContesTimeline We have a #contest coming up. Give us a shoutout! #ContestAlert,,,contest contestalert,26/01/2017 06:09,https://twitter.com/#!/karrivinodkumar/status/824499562723364864,,,8.245E+17,
karrivinodkumar,thexoxoday,Mentions,26/01/2017 06:09,RT @thexoxoday: @ContesTimeline We have a #contest coming up. Give us a shoutout! #ContestAlert,,,contest contestalert,26/01/2017 06:09,https://twitter.com/#!/karrivinodkumar/status/824499562723364864,,,8.245E+17,
karrivinodkumar,contestinindia,Mentions,26/01/2017 06:09,RT @thexoxoday: An exciting contest is coming up in a few hours @contestinIndia! Share it with your followers team #ContestAlert #contest,,,contestalert contest,26/01/2017 06:09,https://twitter.com/#!/karrivinodkumar/status/824499569572610048,,,8.245E+17,
karrivinodkumar,thexoxoday,Mentions,26/01/2017 06:09,RT @thexoxoday: An exciting contest is coming up in a few hours @contestinIndia! Share it with your followers team #ContestAlert #contest,,,contestalert contest,26/01/2017 06:09,https://twitter.com/#!/karrivinodkumar/status/824499569572610048,,,8.245E+17,
karrivinodkumar,contestkiduniya,Mentions,26/01/2017 06:09,RT @thexoxoday: The contest will be live very soon @ContestKiDuniya . Give us a shoutout! #contest #ContestAlert,,,contest contestalert,26/01/2017 06:09,https://twitter.com/#!/karrivinodkumar/status/824499580561723392,,,8.245E+17,
karrivinodkumar,thexoxoday,Mentions,26/01/2017 06:09,RT @thexoxoday: The contest will be live very soon @ContestKiDuniya . Give us a shoutout! #contest #ContestAlert,,,contest contestalert,26/01/2017 06:09,https://twitter.com/#!/karrivinodkumar/status/824499580561723392,,,8.245E+17,
karrivinodkumar,thefreejinn,Mentions,26/01/2017 06:09,RT @thexoxoday: An exciting contest is coming up in a few hours @thefreejinn! Give us a shout out folks  #ContestAlert #Contest,,,contestalert contest,26/01/2017 06:09,https://twitter.com/#!/karrivinodkumar/status/824499591915700225,,,8.245E+17,
karrivinodkumar,thexoxoday,Mentions,26/01/2017 06:09,RT @thexoxoday: An exciting contest is coming up in a few hours @thefreejinn! Give us a shout out folks  #ContestAlert #Contest,,,contestalert contest,26/01/2017 06:09,https://twitter.com/#!/karrivinodkumar/status/824499591915700225,,,8.245E+17,
karrivinodkumar,contestmela,Mentions,26/01/2017 06:09,RT @thexoxoday: An exciting contest is coming up today @ContestMela! Give us a shout out folks!  #ContestAlert #Contest,,,contestalert contest,26/01/2017 06:09,https://twitter.com/#!/karrivinodkumar/status/824499602271432704,,,8.245E+17,
karrivinodkumar,thexoxoday,Mentions,26/01/2017 06:09,RT @thexoxoday: An exciting contest is coming up today @ContestMela! Give us a shout out folks!  #ContestAlert #Contest,,,contestalert contest,26/01/2017 06:09,https://twitter.com/#!/karrivinodkumar/status/824499602271432704,,,8.245E+17,
karrivinodkumar,contestmantra,Mentions,26/01/2017 06:10,RT @thexoxoday: Our contest will be live soon @contestmantra !Give us a shoutout team! #ContestAlert #Contest,,,contestalert contest,26/01/2017 06:10,https://twitter.com/#!/karrivinodkumar/status/824499615609327616,,,8.245E+17,
karrivinodkumar,thexoxoday,Mentions,26/01/2017 06:10,RT @thexoxoday: Our contest will be live soon @contestmantra !Give us a shoutout team! #ContestAlert #Contest,,,contestalert contest,26/01/2017 06:10,https://twitter.com/#!/karrivinodkumar/status/824499615609327616,,,8.245E+17,
karrivinodkumar,india4contests,Mentions,26/01/2017 06:10,"RT @thexoxoday: Team, our contest will be live soon, @india4contests Do give us a shoutout! #ContestAlert #Contest",,,contestalert contest,26/01/2017 06:10,https://twitter.com/#!/karrivinodkumar/status/824499622173347840,,,8.245E+17,
karrivinodkumar,thexoxoday,Mentions,26/01/2017 06:10,"RT @thexoxoday: Team, our contest will be live soon, @india4contests Do give us a shoutout! #ContestAlert #Contest",,,contestalert contest,26/01/2017 06:10,https://twitter.com/#!/karrivinodkumar/status/824499622173347840,,,8.245E+17,
karrivinodkumar,contestindia_,Mentions,26/01/2017 06:10,RT @thexoxoday: #ContestAlert ! We have a #contest coming up in an hour. Keep watching this space for more! @ContestIndia_  @contestindia12…,,,contestalert contest,26/01/2017 06:10,https://twitter.com/#!/karrivinodkumar/status/824499637017079809,,,8.245E+17,
karrivinodkumar,thexoxoday,Mentions,26/01/2017 06:10,RT @thexoxoday: #ContestAlert ! We have a #contest coming up in an hour. Keep watching this space for more! @ContestIndia_  @contestindia12…,,,contestalert contest,26/01/2017 06:10,https://twitter.com/#!/karrivinodkumar/status/824499637017079809,,,8.245E+17,
karrivinodkumar,thexoxoday,Replies to,26/01/2017 06:10,@thexoxoday #HappyRepublic day team! https://t.co/KR08bCTwMT,,,happyrepublic,26/01/2017 06:10,https://twitter.com/#!/karrivinodkumar/status/824499808970899456,,,8.245E+17,
rtadepally,karrivinodkumar,Mentions,26/01/2017 06:33,RT @KARRIVINODKUMAR: @thexoxoday Here is my entry!@RTadepally u r choice.Hi @RTadepally @piyushpuri12 @IrinRinki @ekta_k88 @Manaal_M16 foll…,,,,26/01/2017 06:33,https://twitter.com/#!/rtadepally/status/824505607629766656,,,8.24506E+17,
contestadventur,karrivinodkumar,Mentions,25/01/2017 11:55,"Join in
@thexoxoday
@75693866e2414e0
@drarvindkumar
@me_purpleLover
@VineetSonkar
@KARRIVINODKUMAR
@KarriLuvi
@NandigamSantosh
@IrinRinki",,,,25/01/2017 11:55,https://twitter.com/#!/contestadventur/status/824224224294281217,,,8.24224E+17,8.24217E+17
contestadventur,me_purplelover,Mentions,25/01/2017 11:55,"Join in
@thexoxoday
@75693866e2414e0
@drarvindkumar
@me_purpleLover
@VineetSonkar
@KARRIVINODKUMAR
@KarriLuvi
@NandigamSantosh
@IrinRinki",,,,25/01/2017 11:55,https://twitter.com/#!/contestadventur/status/824224224294281217,,,8.24224E+17,8.24217E+17
contestadventur,drarvindkumar,Mentions,25/01/2017 11:55,"Join in
@thexoxoday
@75693866e2414e0
@drarvindkumar
@me_purpleLover
@VineetSonkar
@KARRIVINODKUMAR
@KarriLuvi
@NandigamSantosh
@IrinRinki",,,,25/01/2017 11:55,https://twitter.com/#!/contestadventur/status/824224224294281217,,,8.24224E+17,8.24217E+17
contestadventur,75693866e2414e0,Mentions,25/01/2017 11:55,"Join in
@thexoxoday
@75693866e2414e0
@drarvindkumar
@me_purpleLover
@VineetSonkar
@KARRIVINODKUMAR
@KarriLuvi
@NandigamSantosh
@IrinRinki",,,,25/01/2017 11:55,https://twitter.com/#!/contestadventur/status/824224224294281217,,,8.24224E+17,8.24217E+17
contestadventur,sandeep_447,Mentions,25/01/2017 11:56,"Join in
@thexoxoday
@modipreksha
@love7x24
@iRaja93
@TheJogendra
@santosh1984
@Harsha19591
@dinesh69949249
@iDURGADA5
@sandeep_447",,,,25/01/2017 11:56,https://twitter.com/#!/contestadventur/status/824224419421700096,,,8.24224E+17,8.24217E+17
contestadventur,idurgada5,Mentions,25/01/2017 11:56,"Join in
@thexoxoday
@modipreksha
@love7x24
@iRaja93
@TheJogendra
@santosh1984
@Harsha19591
@dinesh69949249
@iDURGADA5
@sandeep_447",,,,25/01/2017 11:56,https://twitter.com/#!/contestadventur/status/824224419421700096,,,8.24224E+17,8.24217E+17
contestadventur,dinesh69949249,Mentions,25/01/2017 11:56,"Join in
@thexoxoday
@modipreksha
@love7x24
@iRaja93
@TheJogendra
@santosh1984
@Harsha19591
@dinesh69949249
@iDURGADA5
@sandeep_447",,,,25/01/2017 11:56,https://twitter.com/#!/contestadventur/status/824224419421700096,,,8.24224E+17,8.24217E+17
contestadventur,harsha19591,Mentions,25/01/2017 11:56,"Join in
@thexoxoday
@modipreksha
@love7x24
@iRaja93
@TheJogendra
@santosh1984
@Harsha19591
@dinesh69949249
@iDURGADA5
@sandeep_447",,,,25/01/2017 11:56,https://twitter.com/#!/contestadventur/status/824224419421700096,,,8.24224E+17,8.24217E+17
contestadventur,santosh1984,Mentions,25/01/2017 11:56,"Join in
@thexoxoday
@modipreksha
@love7x24
@iRaja93
@TheJogendra
@santosh1984
@Harsha19591
@dinesh69949249
@iDURGADA5
@sandeep_447",,,,25/01/2017 11:56,https://twitter.com/#!/contestadventur/status/824224419421700096,,,8.24224E+17,8.24217E+17
contestadventur,thejogendra,Mentions,25/01/2017 11:56,"Join in
@thexoxoday
@modipreksha
@love7x24
@iRaja93
@TheJogendra
@santosh1984
@Harsha19591
@dinesh69949249
@iDURGADA5
@sandeep_447",,,,25/01/2017 11:56,https://twitter.com/#!/contestadventur/status/824224419421700096,,,8.24224E+17,8.24217E+17
contestadventur,iraja93,Mentions,25/01/2017 11:56,"Join in
@thexoxoday
@modipreksha
@love7x24
@iRaja93
@TheJogendra
@santosh1984
@Harsha19591
@dinesh69949249
@iDURGADA5
@sandeep_447",,,,25/01/2017 11:56,https://twitter.com/#!/contestadventur/status/824224419421700096,,,8.24224E+17,8.24217E+17
contestadventur,love7x24,Mentions,25/01/2017 11:56,"Join in
@thexoxoday
@modipreksha
@love7x24
@iRaja93
@TheJogendra
@santosh1984
@Harsha19591
@dinesh69949249
@iDURGADA5
@sandeep_447",,,,25/01/2017 11:56,https://twitter.com/#!/contestadventur/status/824224419421700096,,,8.24224E+17,8.24217E+17
contestadventur,lymrpk,Mentions,26/01/2017 10:13,"Join in
@thexoxoday
@Shubh__03
@Usha_Srivastava
@Amitjaiswal07
@sethiashish6
@ApprovedAW
@gulshan5505
@eramit_ranjan
@lymrpk
@AtulKrIn",,,,26/01/2017 10:13,https://twitter.com/#!/contestadventur/status/824560945288482816,,,8.24561E+17,8.24217E+17
contestadventur,eramit_ranjan,Mentions,26/01/2017 10:13,"Join in
@thexoxoday
@Shubh__03
@Usha_Srivastava
@Amitjaiswal07
@sethiashish6
@ApprovedAW
@gulshan5505
@eramit_ranjan
@lymrpk
@AtulKrIn",,,,26/01/2017 10:13,https://twitter.com/#!/contestadventur/status/824560945288482816,,,8.24561E+17,8.24217E+17
contestadventur,gulshan5505,Mentions,26/01/2017 10:13,"Join in
@thexoxoday
@Shubh__03
@Usha_Srivastava
@Amitjaiswal07
@sethiashish6
@ApprovedAW
@gulshan5505
@eramit_ranjan
@lymrpk
@AtulKrIn",,,,26/01/2017 10:13,https://twitter.com/#!/contestadventur/status/824560945288482816,,,8.24561E+17,8.24217E+17
contestadventur,approvedaw,Mentions,26/01/2017 10:13,"Join in
@thexoxoday
@Shubh__03
@Usha_Srivastava
@Amitjaiswal07
@sethiashish6
@ApprovedAW
@gulshan5505
@eramit_ranjan
@lymrpk
@AtulKrIn",,,,26/01/2017 10:13,https://twitter.com/#!/contestadventur/status/824560945288482816,,,8.24561E+17,8.24217E+17
contestadventur,sethiashish6,Mentions,26/01/2017 10:13,"Join in
@thexoxoday
@Shubh__03
@Usha_Srivastava
@Amitjaiswal07
@sethiashish6
@ApprovedAW
@gulshan5505
@eramit_ranjan
@lymrpk
@AtulKrIn",,,,26/01/2017 10:13,https://twitter.com/#!/contestadventur/status/824560945288482816,,,8.24561E+17,8.24217E+17
contestadventur,amitjaiswal07,Mentions,26/01/2017 10:13,"Join in
@thexoxoday
@Shubh__03
@Usha_Srivastava
@Amitjaiswal07
@sethiashish6
@ApprovedAW
@gulshan5505
@eramit_ranjan
@lymrpk
@AtulKrIn",,,,26/01/2017 10:13,https://twitter.com/#!/contestadventur/status/824560945288482816,,,8.24561E+17,8.24217E+17
contestadventur,usha_srivastava,Mentions,26/01/2017 10:13,"Join in
@thexoxoday
@Shubh__03
@Usha_Srivastava
@Amitjaiswal07
@sethiashish6
@ApprovedAW
@gulshan5505
@eramit_ranjan
@lymrpk
@AtulKrIn",,,,26/01/2017 10:13,https://twitter.com/#!/contestadventur/status/824560945288482816,,,8.24561E+17,8.24217E+17
contestadventur,shubh__03,Mentions,26/01/2017 10:13,"Join in
@thexoxoday
@Shubh__03
@Usha_Srivastava
@Amitjaiswal07
@sethiashish6
@ApprovedAW
@gulshan5505
@eramit_ranjan
@lymrpk
@AtulKrIn",,,,26/01/2017 10:13,https://twitter.com/#!/contestadventur/status/824560945288482816,,,8.24561E+17,8.24217E+17
contestadventur,juned_tj,Mentions,26/01/2017 10:13,"Join in
@thexoxoday
@GURVINDER_M
@pritambakshi501
@ksandy99
@kunalju
@HarjeetKaur_
@f3rmion
@Dulal_Upadhay
@SajidSilawat1
@juned_tj",,,,26/01/2017 10:13,https://twitter.com/#!/contestadventur/status/824561004574969856,,,8.24561E+17,8.24217E+17
contestadventur,sajidsilawat1,Mentions,26/01/2017 10:13,"Join in
@thexoxoday
@GURVINDER_M
@pritambakshi501
@ksandy99
@kunalju
@HarjeetKaur_
@f3rmion
@Dulal_Upadhay
@SajidSilawat1
@juned_tj",,,,26/01/2017 10:13,https://twitter.com/#!/contestadventur/status/824561004574969856,,,8.24561E+17,8.24217E+17
contestadventur,dulal_upadhay,Mentions,26/01/2017 10:13,"Join in
@thexoxoday
@GURVINDER_M
@pritambakshi501
@ksandy99
@kunalju
@HarjeetKaur_
@f3rmion
@Dulal_Upadhay
@SajidSilawat1
@juned_tj",,,,26/01/2017 10:13,https://twitter.com/#!/contestadventur/status/824561004574969856,,,8.24561E+17,8.24217E+17
contestadventur,f3rmion,Mentions,26/01/2017 10:13,"Join in
@thexoxoday
@GURVINDER_M
@pritambakshi501
@ksandy99
@kunalju
@HarjeetKaur_
@f3rmion
@Dulal_Upadhay
@SajidSilawat1
@juned_tj",,,,26/01/2017 10:13,https://twitter.com/#!/contestadventur/status/824561004574969856,,,8.24561E+17,8.24217E+17
contestadventur,harjeetkaur_,Mentions,26/01/2017 10:13,"Join in
@thexoxoday
@GURVINDER_M
@pritambakshi501
@ksandy99
@kunalju
@HarjeetKaur_
@f3rmion
@Dulal_Upadhay
@SajidSilawat1
@juned_tj",,,,26/01/2017 10:13,https://twitter.com/#!/contestadventur/status/824561004574969856,,,8.24561E+17,8.24217E+17
contestadventur,kunalju,Mentions,26/01/2017 10:13,"Join in
@thexoxoday
@GURVINDER_M
@pritambakshi501
@ksandy99
@kunalju
@HarjeetKaur_
@f3rmion
@Dulal_Upadhay
@SajidSilawat1
@juned_tj",,,,26/01/2017 10:13,https://twitter.com/#!/contestadventur/status/824561004574969856,,,8.24561E+17,8.24217E+17
contestadventur,ksandy99,Mentions,26/01/2017 10:13,"Join in
@thexoxoday
@GURVINDER_M
@pritambakshi501
@ksandy99
@kunalju
@HarjeetKaur_
@f3rmion
@Dulal_Upadhay
@SajidSilawat1
@juned_tj",,,,26/01/2017 10:13,https://twitter.com/#!/contestadventur/status/824561004574969856,,,8.24561E+17,8.24217E+17
contestadventur,pritambakshi501,Mentions,26/01/2017 10:13,"Join in
@thexoxoday
@GURVINDER_M
@pritambakshi501
@ksandy99
@kunalju
@HarjeetKaur_
@f3rmion
@Dulal_Upadhay
@SajidSilawat1
@juned_tj",,,,26/01/2017 10:13,https://twitter.com/#!/contestadventur/status/824561004574969856,,,8.24561E+17,8.24217E+17
contestadventur,gurvinder_m,Mentions,26/01/2017 10:13,"Join in
@thexoxoday
@GURVINDER_M
@pritambakshi501
@ksandy99
@kunalju
@HarjeetKaur_
@f3rmion
@Dulal_Upadhay
@SajidSilawat1
@juned_tj",,,,26/01/2017 10:13,https://twitter.com/#!/contestadventur/status/824561004574969856,,,8.24561E+17,8.24217E+17
contestadventur,arisha_fatima10,Mentions,26/01/2017 10:14,"Join in
@thexoxoday
@yashu1960
@prince4485
@hemarocking
@rockstarbond4
@108pravi
@himanshu_call
@mgossipqueen
@arisha_fatima10",,,,26/01/2017 10:14,https://twitter.com/#!/contestadventur/status/824561063228092419,,,8.24561E+17,8.24217E+17
mgossipqueen,thexoxoday,Mentions,25/01/2017 14:19,RT @thexoxoday: Our #Contest is #live! #RT and tag 5 of your friends to win this dream ride on an Audi R8 and a Dinner at Taj Mahal Palace!…,,,contest live rt,25/01/2017 14:19,https://twitter.com/#!/mgossipqueen/status/824260498803654656,,,8.2426E+17,
mgossipqueen,thexoxoday,Replies to,25/01/2017 14:21,"@thexoxoday @raulnair86 with his bday just gone by this would a great belated bday gift 
#Contest #live! #RT #ContestAlert",,,contest live rt contestalert,25/01/2017 14:21,https://twitter.com/#!/mgossipqueen/status/824260942376538112,,,8.24261E+17,8.24217E+17
mgossipqueen,chidiyagiri,Mentions,25/01/2017 14:24,"@thexoxoday @Soumya_simi @gunjan4ever @Achari_Nimboo @Chidiyagiri @palkan10 @kritika_goyal  
Do check this out",,,,25/01/2017 14:24,https://twitter.com/#!/mgossipqueen/status/824261561371873280,,,8.24262E+17,8.24217E+17
mgossipqueen,thexoxoday,Replies to,25/01/2017 14:24,"@thexoxoday @Soumya_simi @gunjan4ever @Achari_Nimboo @Chidiyagiri @palkan10 @kritika_goyal  
Do check this out",,,,25/01/2017 14:24,https://twitter.com/#!/mgossipqueen/status/824261561371873280,,,8.24262E+17,8.24217E+17
mgossipqueen,thexoxoday,Replies to,25/01/2017 14:26,@thexoxoday liked your page https://t.co/i30wJcyuJI,,,,25/01/2017 14:26,https://twitter.com/#!/mgossipqueen/status/824262164181463041,,,8.24262E+17,8.24217E+17
contestadventur,mgossipqueen,Mentions,26/01/2017 10:14,"Join in
@thexoxoday
@yashu1960
@prince4485
@hemarocking
@rockstarbond4
@108pravi
@himanshu_call
@mgossipqueen
@arisha_fatima10",,,,26/01/2017 10:14,https://twitter.com/#!/contestadventur/status/824561063228092419,,,8.24561E+17,8.24217E+17
contestadventur,himanshu_call,Mentions,26/01/2017 10:14,"Join in
@thexoxoday
@yashu1960
@prince4485
@hemarocking
@rockstarbond4
@108pravi
@himanshu_call
@mgossipqueen
@arisha_fatima10",,,,26/01/2017 10:14,https://twitter.com/#!/contestadventur/status/824561063228092419,,,8.24561E+17,8.24217E+17
contestadventur,108pravi,Mentions,26/01/2017 10:14,"Join in
@thexoxoday
@yashu1960
@prince4485
@hemarocking
@rockstarbond4
@108pravi
@himanshu_call
@mgossipqueen
@arisha_fatima10",,,,26/01/2017 10:14,https://twitter.com/#!/contestadventur/status/824561063228092419,,,8.24561E+17,8.24217E+17
contestadventur,rockstarbond4,Mentions,26/01/2017 10:14,"Join in
@thexoxoday
@yashu1960
@prince4485
@hemarocking
@rockstarbond4
@108pravi
@himanshu_call
@mgossipqueen
@arisha_fatima10",,,,26/01/2017 10:14,https://twitter.com/#!/contestadventur/status/824561063228092419,,,8.24561E+17,8.24217E+17
contestadventur,hemarocking,Mentions,26/01/2017 10:14,"Join in
@thexoxoday
@yashu1960
@prince4485
@hemarocking
@rockstarbond4
@108pravi
@himanshu_call
@mgossipqueen
@arisha_fatima10",,,,26/01/2017 10:14,https://twitter.com/#!/contestadventur/status/824561063228092419,,,8.24561E+17,8.24217E+17
contestadventur,prince4485,Mentions,26/01/2017 10:14,"Join in
@thexoxoday
@yashu1960
@prince4485
@hemarocking
@rockstarbond4
@108pravi
@himanshu_call
@mgossipqueen
@arisha_fatima10",,,,26/01/2017 10:14,https://twitter.com/#!/contestadventur/status/824561063228092419,,,8.24561E+17,8.24217E+17
contestadventur,yashu1960,Mentions,26/01/2017 10:14,"Join in
@thexoxoday
@yashu1960
@prince4485
@hemarocking
@rockstarbond4
@108pravi
@himanshu_call
@mgossipqueen
@arisha_fatima10",,,,26/01/2017 10:14,https://twitter.com/#!/contestadventur/status/824561063228092419,,,8.24561E+17,8.24217E+17
contestadventur,raul2085,Mentions,26/01/2017 10:14,"Join in
@thexoxoday
@SharibHasan
@chaituthegeek
@Subnagrale
@V_Karunakaran
@abeljobel2000
@Mannnnn8
@praveenmathima1
@ashokraj1515
@raul2085",,,,26/01/2017 10:14,https://twitter.com/#!/contestadventur/status/824561144132034560,,,8.24561E+17,8.24217E+17
contestadventur,ashokraj1515,Mentions,26/01/2017 10:14,"Join in
@thexoxoday
@SharibHasan
@chaituthegeek
@Subnagrale
@V_Karunakaran
@abeljobel2000
@Mannnnn8
@praveenmathima1
@ashokraj1515
@raul2085",,,,26/01/2017 10:14,https://twitter.com/#!/contestadventur/status/824561144132034560,,,8.24561E+17,8.24217E+17
contestadventur,praveenmathima1,Mentions,26/01/2017 10:14,"Join in
@thexoxoday
@SharibHasan
@chaituthegeek
@Subnagrale
@V_Karunakaran
@abeljobel2000
@Mannnnn8
@praveenmathima1
@ashokraj1515
@raul2085",,,,26/01/2017 10:14,https://twitter.com/#!/contestadventur/status/824561144132034560,,,8.24561E+17,8.24217E+17
contestadventur,mannnnn8,Mentions,26/01/2017 10:14,"Join in
@thexoxoday
@SharibHasan
@chaituthegeek
@Subnagrale
@V_Karunakaran
@abeljobel2000
@Mannnnn8
@praveenmathima1
@ashokraj1515
@raul2085",,,,26/01/2017 10:14,https://twitter.com/#!/contestadventur/status/824561144132034560,,,8.24561E+17,8.24217E+17
contestadventur,abeljobel2000,Mentions,26/01/2017 10:14,"Join in
@thexoxoday
@SharibHasan
@chaituthegeek
@Subnagrale
@V_Karunakaran
@abeljobel2000
@Mannnnn8
@praveenmathima1
@ashokraj1515
@raul2085",,,,26/01/2017 10:14,https://twitter.com/#!/contestadventur/status/824561144132034560,,,8.24561E+17,8.24217E+17
contestadventur,v_karunakaran,Mentions,26/01/2017 10:14,"Join in
@thexoxoday
@SharibHasan
@chaituthegeek
@Subnagrale
@V_Karunakaran
@abeljobel2000
@Mannnnn8
@praveenmathima1
@ashokraj1515
@raul2085",,,,26/01/2017 10:14,https://twitter.com/#!/contestadventur/status/824561144132034560,,,8.24561E+17,8.24217E+17
contestadventur,subnagrale,Mentions,26/01/2017 10:14,"Join in
@thexoxoday
@SharibHasan
@chaituthegeek
@Subnagrale
@V_Karunakaran
@abeljobel2000
@Mannnnn8
@praveenmathima1
@ashokraj1515
@raul2085",,,,26/01/2017 10:14,https://twitter.com/#!/contestadventur/status/824561144132034560,,,8.24561E+17,8.24217E+17
contestadventur,chaituthegeek,Mentions,26/01/2017 10:14,"Join in
@thexoxoday
@SharibHasan
@chaituthegeek
@Subnagrale
@V_Karunakaran
@abeljobel2000
@Mannnnn8
@praveenmathima1
@ashokraj1515
@raul2085",,,,26/01/2017 10:14,https://twitter.com/#!/contestadventur/status/824561144132034560,,,8.24561E+17,8.24217E+17
contestadventur,sharibhasan,Mentions,26/01/2017 10:14,"Join in
@thexoxoday
@SharibHasan
@chaituthegeek
@Subnagrale
@V_Karunakaran
@abeljobel2000
@Mannnnn8
@praveenmathima1
@ashokraj1515
@raul2085",,,,26/01/2017 10:14,https://twitter.com/#!/contestadventur/status/824561144132034560,,,8.24561E+17,8.24217E+17
contestadventur,shashank62668,Mentions,26/01/2017 10:15,"Join in
@thexoxoday
@jeffrino_jeffy
@travel_mafia
@shubham_0419
@sanoldo
@Jawaharmishra1
@thepepperkid
@ShubhojitBagchi
@shashank62668",,,,26/01/2017 10:15,https://twitter.com/#!/contestadventur/status/824561295789682688,,,8.24561E+17,8.24217E+17
contestadventur,shubhojitbagchi,Mentions,26/01/2017 10:15,"Join in
@thexoxoday
@jeffrino_jeffy
@travel_mafia
@shubham_0419
@sanoldo
@Jawaharmishra1
@thepepperkid
@ShubhojitBagchi
@shashank62668",,,,26/01/2017 10:15,https://twitter.com/#!/contestadventur/status/824561295789682688,,,8.24561E+17,8.24217E+17
contestadventur,thepepperkid,Mentions,26/01/2017 10:15,"Join in
@thexoxoday
@jeffrino_jeffy
@travel_mafia
@shubham_0419
@sanoldo
@Jawaharmishra1
@thepepperkid
@ShubhojitBagchi
@shashank62668",,,,26/01/2017 10:15,https://twitter.com/#!/contestadventur/status/824561295789682688,,,8.24561E+17,8.24217E+17
contestadventur,jawaharmishra1,Mentions,26/01/2017 10:15,"Join in
@thexoxoday
@jeffrino_jeffy
@travel_mafia
@shubham_0419
@sanoldo
@Jawaharmishra1
@thepepperkid
@ShubhojitBagchi
@shashank62668",,,,26/01/2017 10:15,https://twitter.com/#!/contestadventur/status/824561295789682688,,,8.24561E+17,8.24217E+17
contestadventur,sanoldo,Mentions,26/01/2017 10:15,"Join in
@thexoxoday
@jeffrino_jeffy
@travel_mafia
@shubham_0419
@sanoldo
@Jawaharmishra1
@thepepperkid
@ShubhojitBagchi
@shashank62668",,,,26/01/2017 10:15,https://twitter.com/#!/contestadventur/status/824561295789682688,,,8.24561E+17,8.24217E+17
contestadventur,shubham_0419,Mentions,26/01/2017 10:15,"Join in
@thexoxoday
@jeffrino_jeffy
@travel_mafia
@shubham_0419
@sanoldo
@Jawaharmishra1
@thepepperkid
@ShubhojitBagchi
@shashank62668",,,,26/01/2017 10:15,https://twitter.com/#!/contestadventur/status/824561295789682688,,,8.24561E+17,8.24217E+17
contestadventur,travel_mafia,Mentions,26/01/2017 10:15,"Join in
@thexoxoday
@jeffrino_jeffy
@travel_mafia
@shubham_0419
@sanoldo
@Jawaharmishra1
@thepepperkid
@ShubhojitBagchi
@shashank62668",,,,26/01/2017 10:15,https://twitter.com/#!/contestadventur/status/824561295789682688,,,8.24561E+17,8.24217E+17
contestadventur,jeffrino_jeffy,Mentions,26/01/2017 10:15,"Join in
@thexoxoday
@jeffrino_jeffy
@travel_mafia
@shubham_0419
@sanoldo
@Jawaharmishra1
@thepepperkid
@ShubhojitBagchi
@shashank62668",,,,26/01/2017 10:15,https://twitter.com/#!/contestadventur/status/824561295789682688,,,8.24561E+17,8.24217E+17
contestadventur,cutypiya24,Mentions,26/01/2017 10:15,"Join in
@thexoxoday
@Amitgar37287496
@guptaankit62
@Contestmumbai
@ContestHandle
@THEGR8HERO
@MeghnaBhatia5
@JungleeBillli
@cutypiya24",,,,26/01/2017 10:15,https://twitter.com/#!/contestadventur/status/824561381034774528,,,8.24561E+17,8.24217E+17
contestadventur,jungleebillli,Mentions,26/01/2017 10:15,"Join in
@thexoxoday
@Amitgar37287496
@guptaankit62
@Contestmumbai
@ContestHandle
@THEGR8HERO
@MeghnaBhatia5
@JungleeBillli
@cutypiya24",,,,26/01/2017 10:15,https://twitter.com/#!/contestadventur/status/824561381034774528,,,8.24561E+17,8.24217E+17
contestadventur,meghnabhatia5,Mentions,26/01/2017 10:15,"Join in
@thexoxoday
@Amitgar37287496
@guptaankit62
@Contestmumbai
@ContestHandle
@THEGR8HERO
@MeghnaBhatia5
@JungleeBillli
@cutypiya24",,,,26/01/2017 10:15,https://twitter.com/#!/contestadventur/status/824561381034774528,,,8.24561E+17,8.24217E+17
contestadventur,thegr8hero,Mentions,26/01/2017 10:15,"Join in
@thexoxoday
@Amitgar37287496
@guptaankit62
@Contestmumbai
@ContestHandle
@THEGR8HERO
@MeghnaBhatia5
@JungleeBillli
@cutypiya24",,,,26/01/2017 10:15,https://twitter.com/#!/contestadventur/status/824561381034774528,,,8.24561E+17,8.24217E+17
contestadventur,contesthandle,Mentions,26/01/2017 10:15,"Join in
@thexoxoday
@Amitgar37287496
@guptaankit62
@Contestmumbai
@ContestHandle
@THEGR8HERO
@MeghnaBhatia5
@JungleeBillli
@cutypiya24",,,,26/01/2017 10:15,https://twitter.com/#!/contestadventur/status/824561381034774528,,,8.24561E+17,8.24217E+17
contestadventur,contestmumbai,Mentions,25/01/2017 11:13,"Join in @thexoxoday @Contestmumbai @india4contests
@ContestAlert @BadmashDip @ContestKiDuniya @About_Contest @ContestReminder",,,,25/01/2017 11:13,https://twitter.com/#!/contestadventur/status/824213667902173184,,,8.24214E+17,8.24208E+17
contestadventur,contestmumbai,Mentions,26/01/2017 10:15,"Join in
@thexoxoday
@Amitgar37287496
@guptaankit62
@Contestmumbai
@ContestHandle
@THEGR8HERO
@MeghnaBhatia5
@JungleeBillli
@cutypiya24",,,,26/01/2017 10:15,https://twitter.com/#!/contestadventur/status/824561381034774528,,,8.24561E+17,8.24217E+17
contestadventur,guptaankit62,Mentions,26/01/2017 10:15,"Join in
@thexoxoday
@Amitgar37287496
@guptaankit62
@Contestmumbai
@ContestHandle
@THEGR8HERO
@MeghnaBhatia5
@JungleeBillli
@cutypiya24",,,,26/01/2017 10:15,https://twitter.com/#!/contestadventur/status/824561381034774528,,,8.24561E+17,8.24217E+17
contestadventur,amitgar37287496,Mentions,26/01/2017 10:15,"Join in
@thexoxoday
@Amitgar37287496
@guptaankit62
@Contestmumbai
@ContestHandle
@THEGR8HERO
@MeghnaBhatia5
@JungleeBillli
@cutypiya24",,,,26/01/2017 10:15,https://twitter.com/#!/contestadventur/status/824561381034774528,,,8.24561E+17,8.24217E+17
contestadventur,sejalvora90,Mentions,26/01/2017 10:16,"Join in
@thexoxoday
@onlyprathamesh
@rajupetalokesh
@ItsmeAnkit17
@AbhishekIPLFeak
@SaifiFiroz
@akanksha210413
@ayushbagri
@sejalvora90",,,,26/01/2017 10:16,https://twitter.com/#!/contestadventur/status/824561604545044480,,,8.24562E+17,8.24217E+17
contestadventur,ayushbagri,Mentions,26/01/2017 10:16,"Join in
@thexoxoday
@onlyprathamesh
@rajupetalokesh
@ItsmeAnkit17
@AbhishekIPLFeak
@SaifiFiroz
@akanksha210413
@ayushbagri
@sejalvora90",,,,26/01/2017 10:16,https://twitter.com/#!/contestadventur/status/824561604545044480,,,8.24562E+17,8.24217E+17
akanksha210413,broke,Mentions,25/01/2017 11:39,RT @thexoxoday: We have a #contest coming up. Follow us to participate! @IndianContests @Contesttable @iheartcontest @photo_contests @Broke…,,,contest,25/01/2017 11:39,https://twitter.com/#!/akanksha210413/status/824220160399523842,,,8.2422E+17,
akanksha210413,photo_contests,Mentions,25/01/2017 11:39,RT @thexoxoday: We have a #contest coming up. Follow us to participate! @IndianContests @Contesttable @iheartcontest @photo_contests @Broke…,,,contest,25/01/2017 11:39,https://twitter.com/#!/akanksha210413/status/824220160399523842,,,8.2422E+17,
akanksha210413,iheartcontest,Mentions,25/01/2017 11:39,RT @thexoxoday: We have a #contest coming up. Follow us to participate! @IndianContests @Contesttable @iheartcontest @photo_contests @Broke…,,,contest,25/01/2017 11:39,https://twitter.com/#!/akanksha210413/status/824220160399523842,,,8.2422E+17,
akanksha210413,contesttable,Mentions,25/01/2017 11:39,RT @thexoxoday: We have a #contest coming up. Follow us to participate! @IndianContests @Contesttable @iheartcontest @photo_contests @Broke…,,,contest,25/01/2017 11:39,https://twitter.com/#!/akanksha210413/status/824220160399523842,,,8.2422E+17,
akanksha210413,thexoxoday,Mentions,25/01/2017 11:39,RT @thexoxoday: We have a #contest coming up. Follow us to participate! @IndianContests @Contesttable @iheartcontest @photo_contests @Broke…,,,contest,25/01/2017 11:39,https://twitter.com/#!/akanksha210413/status/824220160399523842,,,8.2422E+17,
contestadventur,akanksha210413,Mentions,26/01/2017 10:16,"Join in
@thexoxoday
@onlyprathamesh
@rajupetalokesh
@ItsmeAnkit17
@AbhishekIPLFeak
@SaifiFiroz
@akanksha210413
@ayushbagri
@sejalvora90",,,,26/01/2017 10:16,https://twitter.com/#!/contestadventur/status/824561604545044480,,,8.24562E+17,8.24217E+17
contestadventur,saififiroz,Mentions,26/01/2017 10:16,"Join in
@thexoxoday
@onlyprathamesh
@rajupetalokesh
@ItsmeAnkit17
@AbhishekIPLFeak
@SaifiFiroz
@akanksha210413
@ayushbagri
@sejalvora90",,,,26/01/2017 10:16,https://twitter.com/#!/contestadventur/status/824561604545044480,,,8.24562E+17,8.24217E+17
contestadventur,abhishekiplfeak,Mentions,26/01/2017 10:16,"Join in
@thexoxoday
@onlyprathamesh
@rajupetalokesh
@ItsmeAnkit17
@AbhishekIPLFeak
@SaifiFiroz
@akanksha210413
@ayushbagri
@sejalvora90",,,,26/01/2017 10:16,https://twitter.com/#!/contestadventur/status/824561604545044480,,,8.24562E+17,8.24217E+17
contestadventur,itsmeankit17,Mentions,26/01/2017 10:16,"Join in
@thexoxoday
@onlyprathamesh
@rajupetalokesh
@ItsmeAnkit17
@AbhishekIPLFeak
@SaifiFiroz
@akanksha210413
@ayushbagri
@sejalvora90",,,,26/01/2017 10:16,https://twitter.com/#!/contestadventur/status/824561604545044480,,,8.24562E+17,8.24217E+17
contestadventur,rajupetalokesh,Mentions,26/01/2017 10:16,"Join in
@thexoxoday
@onlyprathamesh
@rajupetalokesh
@ItsmeAnkit17
@AbhishekIPLFeak
@SaifiFiroz
@akanksha210413
@ayushbagri
@sejalvora90",,,,26/01/2017 10:16,https://twitter.com/#!/contestadventur/status/824561604545044480,,,8.24562E+17,8.24217E+17
contestadventur,onlyprathamesh,Mentions,26/01/2017 10:16,"Join in
@thexoxoday
@onlyprathamesh
@rajupetalokesh
@ItsmeAnkit17
@AbhishekIPLFeak
@SaifiFiroz
@akanksha210413
@ayushbagri
@sejalvora90",,,,26/01/2017 10:16,https://twitter.com/#!/contestadventur/status/824561604545044480,,,8.24562E+17,8.24217E+17
contestadventur,bcci,Mentions,26/01/2017 10:16,"Join in
@thexoxoday
@lilmissbossy14_
@DeepalBhatnagar
@Sambhav1137
@khosla_mohit
@keshu3194
@v_k0210
@myslfRaja
@atletidekolkata
@BCCI",,,,26/01/2017 10:16,https://twitter.com/#!/contestadventur/status/824561721058529281,,,8.24562E+17,8.24217E+17
contestadventur,atletidekolkata,Mentions,26/01/2017 10:16,"Join in
@thexoxoday
@lilmissbossy14_
@DeepalBhatnagar
@Sambhav1137
@khosla_mohit
@keshu3194
@v_k0210
@myslfRaja
@atletidekolkata
@BCCI",,,,26/01/2017 10:16,https://twitter.com/#!/contestadventur/status/824561721058529281,,,8.24562E+17,8.24217E+17
contestadventur,myslfraja,Mentions,26/01/2017 10:16,"Join in
@thexoxoday
@lilmissbossy14_
@DeepalBhatnagar
@Sambhav1137
@khosla_mohit
@keshu3194
@v_k0210
@myslfRaja
@atletidekolkata
@BCCI",,,,26/01/2017 10:16,https://twitter.com/#!/contestadventur/status/824561721058529281,,,8.24562E+17,8.24217E+17
contestadventur,v_k0210,Mentions,26/01/2017 10:16,"Join in
@thexoxoday
@lilmissbossy14_
@DeepalBhatnagar
@Sambhav1137
@khosla_mohit
@keshu3194
@v_k0210
@myslfRaja
@atletidekolkata
@BCCI",,,,26/01/2017 10:16,https://twitter.com/#!/contestadventur/status/824561721058529281,,,8.24562E+17,8.24217E+17
contestadventur,keshu3194,Mentions,26/01/2017 10:16,"Join in
@thexoxoday
@lilmissbossy14_
@DeepalBhatnagar
@Sambhav1137
@khosla_mohit
@keshu3194
@v_k0210
@myslfRaja
@atletidekolkata
@BCCI",,,,26/01/2017 10:16,https://twitter.com/#!/contestadventur/status/824561721058529281,,,8.24562E+17,8.24217E+17
contestadventur,sambhav1137,Mentions,26/01/2017 10:16,"Join in
@thexoxoday
@lilmissbossy14_
@DeepalBhatnagar
@Sambhav1137
@khosla_mohit
@keshu3194
@v_k0210
@myslfRaja
@atletidekolkata
@BCCI",,,,26/01/2017 10:16,https://twitter.com/#!/contestadventur/status/824561721058529281,,,8.24562E+17,8.24217E+17
contestadventur,deepalbhatnagar,Mentions,26/01/2017 10:16,"Join in
@thexoxoday
@lilmissbossy14_
@DeepalBhatnagar
@Sambhav1137
@khosla_mohit
@keshu3194
@v_k0210
@myslfRaja
@atletidekolkata
@BCCI",,,,26/01/2017 10:16,https://twitter.com/#!/contestadventur/status/824561721058529281,,,8.24562E+17,8.24217E+17
contestadventur,lilmissbossy14_,Mentions,26/01/2017 10:16,"Join in
@thexoxoday
@lilmissbossy14_
@DeepalBhatnagar
@Sambhav1137
@khosla_mohit
@keshu3194
@v_k0210
@myslfRaja
@atletidekolkata
@BCCI",,,,26/01/2017 10:16,https://twitter.com/#!/contestadventur/status/824561721058529281,,,8.24562E+17,8.24217E+17
contestadventur,isaidevbhatia,Mentions,26/01/2017 10:17,"Join in
@thexoxoday
@FCBarcelona
@ABdeVilliers17
@sayan989
@satinderjit_k
@IAmSudhir71
@ns_verma
@sagarpardeshi28
@richierai
@isaidevbhatia",,,,26/01/2017 10:17,https://twitter.com/#!/contestadventur/status/824561870778490880,,,8.24562E+17,8.24217E+17
contestadventur,richierai,Mentions,26/01/2017 10:17,"Join in
@thexoxoday
@FCBarcelona
@ABdeVilliers17
@sayan989
@satinderjit_k
@IAmSudhir71
@ns_verma
@sagarpardeshi28
@richierai
@isaidevbhatia",,,,26/01/2017 10:17,https://twitter.com/#!/contestadventur/status/824561870778490880,,,8.24562E+17,8.24217E+17
contestadventur,sagarpardeshi28,Mentions,26/01/2017 10:17,"Join in
@thexoxoday
@FCBarcelona
@ABdeVilliers17
@sayan989
@satinderjit_k
@IAmSudhir71
@ns_verma
@sagarpardeshi28
@richierai
@isaidevbhatia",,,,26/01/2017 10:17,https://twitter.com/#!/contestadventur/status/824561870778490880,,,8.24562E+17,8.24217E+17
contestadventur,iamsudhir71,Mentions,26/01/2017 10:17,"Join in
@thexoxoday
@FCBarcelona
@ABdeVilliers17
@sayan989
@satinderjit_k
@IAmSudhir71
@ns_verma
@sagarpardeshi28
@richierai
@isaidevbhatia",,,,26/01/2017 10:17,https://twitter.com/#!/contestadventur/status/824561870778490880,,,8.24562E+17,8.24217E+17
contestadventur,satinderjit_k,Mentions,26/01/2017 10:17,"Join in
@thexoxoday
@FCBarcelona
@ABdeVilliers17
@sayan989
@satinderjit_k
@IAmSudhir71
@ns_verma
@sagarpardeshi28
@richierai
@isaidevbhatia",,,,26/01/2017 10:17,https://twitter.com/#!/contestadventur/status/824561870778490880,,,8.24562E+17,8.24217E+17
contestadventur,sayan989,Mentions,26/01/2017 10:17,"Join in
@thexoxoday
@FCBarcelona
@ABdeVilliers17
@sayan989
@satinderjit_k
@IAmSudhir71
@ns_verma
@sagarpardeshi28
@richierai
@isaidevbhatia",,,,26/01/2017 10:17,https://twitter.com/#!/contestadventur/status/824561870778490880,,,8.24562E+17,8.24217E+17
contestadventur,abdevilliers17,Mentions,26/01/2017 10:17,"Join in
@thexoxoday
@FCBarcelona
@ABdeVilliers17
@sayan989
@satinderjit_k
@IAmSudhir71
@ns_verma
@sagarpardeshi28
@richierai
@isaidevbhatia",,,,26/01/2017 10:17,https://twitter.com/#!/contestadventur/status/824561870778490880,,,8.24562E+17,8.24217E+17
contestadventur,fcbarcelona,Mentions,26/01/2017 10:17,"Join in
@thexoxoday
@FCBarcelona
@ABdeVilliers17
@sayan989
@satinderjit_k
@IAmSudhir71
@ns_verma
@sagarpardeshi28
@richierai
@isaidevbhatia",,,,26/01/2017 10:17,https://twitter.com/#!/contestadventur/status/824561870778490880,,,8.24562E+17,8.24217E+17
contestadventur,vidyaranji,Mentions,26/01/2017 10:19,"Join in
@thexoxoday
@evaswani
@Ankit1292
@JalpaKshatriya
@Forever_Virat
@Vinit_Bagdai
@Smartmoni
@cta
@_ayushi_jain
@i5achin
@Vidyaranji",,,,26/01/2017 10:19,https://twitter.com/#!/contestadventur/status/824562418994929665,,,8.24562E+17,8.24217E+17
contestadventur,i5achin,Mentions,26/01/2017 10:19,"Join in
@thexoxoday
@evaswani
@Ankit1292
@JalpaKshatriya
@Forever_Virat
@Vinit_Bagdai
@Smartmoni
@cta
@_ayushi_jain
@i5achin
@Vidyaranji",,,,26/01/2017 10:19,https://twitter.com/#!/contestadventur/status/824562418994929665,,,8.24562E+17,8.24217E+17
contestadventur,_ayushi_jain,Mentions,26/01/2017 10:19,"Join in
@thexoxoday
@evaswani
@Ankit1292
@JalpaKshatriya
@Forever_Virat
@Vinit_Bagdai
@Smartmoni
@cta
@_ayushi_jain
@i5achin
@Vidyaranji",,,,26/01/2017 10:19,https://twitter.com/#!/contestadventur/status/824562418994929665,,,8.24562E+17,8.24217E+17
contestadventur,cta,Mentions,26/01/2017 10:19,"Join in
@thexoxoday
@evaswani
@Ankit1292
@JalpaKshatriya
@Forever_Virat
@Vinit_Bagdai
@Smartmoni
@cta
@_ayushi_jain
@i5achin
@Vidyaranji",,,,26/01/2017 10:19,https://twitter.com/#!/contestadventur/status/824562418994929665,,,8.24562E+17,8.24217E+17
contestadventur,smartmoni,Mentions,26/01/2017 10:19,"Join in
@thexoxoday
@evaswani
@Ankit1292
@JalpaKshatriya
@Forever_Virat
@Vinit_Bagdai
@Smartmoni
@cta
@_ayushi_jain
@i5achin
@Vidyaranji",,,,26/01/2017 10:19,https://twitter.com/#!/contestadventur/status/824562418994929665,,,8.24562E+17,8.24217E+17
contestadventur,vinit_bagdai,Mentions,26/01/2017 10:19,"Join in
@thexoxoday
@evaswani
@Ankit1292
@JalpaKshatriya
@Forever_Virat
@Vinit_Bagdai
@Smartmoni
@cta
@_ayushi_jain
@i5achin
@Vidyaranji",,,,26/01/2017 10:19,https://twitter.com/#!/contestadventur/status/824562418994929665,,,8.24562E+17,8.24217E+17
contestadventur,forever_virat,Mentions,26/01/2017 10:19,"Join in
@thexoxoday
@evaswani
@Ankit1292
@JalpaKshatriya
@Forever_Virat
@Vinit_Bagdai
@Smartmoni
@cta
@_ayushi_jain
@i5achin
@Vidyaranji",,,,26/01/2017 10:19,https://twitter.com/#!/contestadventur/status/824562418994929665,,,8.24562E+17,8.24217E+17
contestadventur,jalpakshatriya,Mentions,26/01/2017 10:19,"Join in
@thexoxoday
@evaswani
@Ankit1292
@JalpaKshatriya
@Forever_Virat
@Vinit_Bagdai
@Smartmoni
@cta
@_ayushi_jain
@i5achin
@Vidyaranji",,,,26/01/2017 10:19,https://twitter.com/#!/contestadventur/status/824562418994929665,,,8.24562E+17,8.24217E+17
contestadventur,ankit1292,Mentions,26/01/2017 10:19,"Join in
@thexoxoday
@evaswani
@Ankit1292
@JalpaKshatriya
@Forever_Virat
@Vinit_Bagdai
@Smartmoni
@cta
@_ayushi_jain
@i5achin
@Vidyaranji",,,,26/01/2017 10:19,https://twitter.com/#!/contestadventur/status/824562418994929665,,,8.24562E+17,8.24217E+17
contestadventur,evaswani,Mentions,26/01/2017 10:19,"Join in
@thexoxoday
@evaswani
@Ankit1292
@JalpaKshatriya
@Forever_Virat
@Vinit_Bagdai
@Smartmoni
@cta
@_ayushi_jain
@i5achin
@Vidyaranji",,,,26/01/2017 10:19,https://twitter.com/#!/contestadventur/status/824562418994929665,,,8.24562E+17,8.24217E+17
contestadventur,perfectdinesh,Mentions,26/01/2017 10:20,"Join in
@thexoxoday
@mridulpahuja
@chopra_hunny
@aadiivaasii
@kuhely1
@poojari_shruti
@DrShobha
@prachimana
@nitin_cul
@perfectdinesh",,,,26/01/2017 10:20,https://twitter.com/#!/contestadventur/status/824562649232924676,,,8.24563E+17,8.24217E+17
contestadventur,prachimana,Mentions,26/01/2017 10:20,"Join in
@thexoxoday
@mridulpahuja
@chopra_hunny
@aadiivaasii
@kuhely1
@poojari_shruti
@DrShobha
@prachimana
@nitin_cul
@perfectdinesh",,,,26/01/2017 10:20,https://twitter.com/#!/contestadventur/status/824562649232924676,,,8.24563E+17,8.24217E+17
contestadventur,drshobha,Mentions,26/01/2017 10:20,"Join in
@thexoxoday
@mridulpahuja
@chopra_hunny
@aadiivaasii
@kuhely1
@poojari_shruti
@DrShobha
@prachimana
@nitin_cul
@perfectdinesh",,,,26/01/2017 10:20,https://twitter.com/#!/contestadventur/status/824562649232924676,,,8.24563E+17,8.24217E+17
1985luckygal,poojari_shruti,Mentions,25/01/2017 12:27,"@thexoxoday #win #RT #contest 

Tagging my pure mumbaikar friends -- @shabbir_ard @Being_Akbar @pjptl55 @poojari_shruti @digitalera313",,,win rt contest,25/01/2017 12:27,https://twitter.com/#!/1985luckygal/status/824232128485343232,,,8.24232E+17,8.24217E+17
contestadventur,poojari_shruti,Mentions,26/01/2017 10:20,"Join in
@thexoxoday
@mridulpahuja
@chopra_hunny
@aadiivaasii
@kuhely1
@poojari_shruti
@DrShobha
@prachimana
@nitin_cul
@perfectdinesh",,,,26/01/2017 10:20,https://twitter.com/#!/contestadventur/status/824562649232924676,,,8.24563E+17,8.24217E+17
contestadventur,kuhely1,Mentions,26/01/2017 10:20,"Join in
@thexoxoday
@mridulpahuja
@chopra_hunny
@aadiivaasii
@kuhely1
@poojari_shruti
@DrShobha
@prachimana
@nitin_cul
@perfectdinesh",,,,26/01/2017 10:20,https://twitter.com/#!/contestadventur/status/824562649232924676,,,8.24563E+17,8.24217E+17
contestadventur,chopra_hunny,Mentions,26/01/2017 10:20,"Join in
@thexoxoday
@mridulpahuja
@chopra_hunny
@aadiivaasii
@kuhely1
@poojari_shruti
@DrShobha
@prachimana
@nitin_cul
@perfectdinesh",,,,26/01/2017 10:20,https://twitter.com/#!/contestadventur/status/824562649232924676,,,8.24563E+17,8.24217E+17
contestadventur,mridulpahuja,Mentions,26/01/2017 10:20,"Join in
@thexoxoday
@mridulpahuja
@chopra_hunny
@aadiivaasii
@kuhely1
@poojari_shruti
@DrShobha
@prachimana
@nitin_cul
@perfectdinesh",,,,26/01/2017 10:20,https://twitter.com/#!/contestadventur/status/824562649232924676,,,8.24563E+17,8.24217E+17
contestadventur,a1e5c81d4acf4f1,Mentions,26/01/2017 10:21,"Join in
@thexoxoday
@lokeshlokesh991
@ramireddisuresh
@sudarshan8099
@Always4UPrasant
@janetarora16
@Simantani7
@sampleraja
@a1e5c81d4acf4f1",,,,26/01/2017 10:21,https://twitter.com/#!/contestadventur/status/824562881622470656,,,8.24563E+17,8.24217E+17
contestadventur,sampleraja,Mentions,26/01/2017 10:21,"Join in
@thexoxoday
@lokeshlokesh991
@ramireddisuresh
@sudarshan8099
@Always4UPrasant
@janetarora16
@Simantani7
@sampleraja
@a1e5c81d4acf4f1",,,,26/01/2017 10:21,https://twitter.com/#!/contestadventur/status/824562881622470656,,,8.24563E+17,8.24217E+17
contestadventur,simantani7,Mentions,26/01/2017 10:21,"Join in
@thexoxoday
@lokeshlokesh991
@ramireddisuresh
@sudarshan8099
@Always4UPrasant
@janetarora16
@Simantani7
@sampleraja
@a1e5c81d4acf4f1",,,,26/01/2017 10:21,https://twitter.com/#!/contestadventur/status/824562881622470656,,,8.24563E+17,8.24217E+17
contestadventur,janetarora16,Mentions,26/01/2017 10:21,"Join in
@thexoxoday
@lokeshlokesh991
@ramireddisuresh
@sudarshan8099
@Always4UPrasant
@janetarora16
@Simantani7
@sampleraja
@a1e5c81d4acf4f1",,,,26/01/2017 10:21,https://twitter.com/#!/contestadventur/status/824562881622470656,,,8.24563E+17,8.24217E+17
contestadventur,always4uprasant,Mentions,26/01/2017 10:21,"Join in
@thexoxoday
@lokeshlokesh991
@ramireddisuresh
@sudarshan8099
@Always4UPrasant
@janetarora16
@Simantani7
@sampleraja
@a1e5c81d4acf4f1",,,,26/01/2017 10:21,https://twitter.com/#!/contestadventur/status/824562881622470656,,,8.24563E+17,8.24217E+17
contestadventur,sudarshan8099,Mentions,26/01/2017 10:21,"Join in
@thexoxoday
@lokeshlokesh991
@ramireddisuresh
@sudarshan8099
@Always4UPrasant
@janetarora16
@Simantani7
@sampleraja
@a1e5c81d4acf4f1",,,,26/01/2017 10:21,https://twitter.com/#!/contestadventur/status/824562881622470656,,,8.24563E+17,8.24217E+17
contestadventur,ramireddisuresh,Mentions,26/01/2017 10:21,"Join in
@thexoxoday
@lokeshlokesh991
@ramireddisuresh
@sudarshan8099
@Always4UPrasant
@janetarora16
@Simantani7
@sampleraja
@a1e5c81d4acf4f1",,,,26/01/2017 10:21,https://twitter.com/#!/contestadventur/status/824562881622470656,,,8.24563E+17,8.24217E+17
contestadventur,lokeshlokesh991,Mentions,26/01/2017 10:21,"Join in
@thexoxoday
@lokeshlokesh991
@ramireddisuresh
@sudarshan8099
@Always4UPrasant
@janetarora16
@Simantani7
@sampleraja
@a1e5c81d4acf4f1",,,,26/01/2017 10:21,https://twitter.com/#!/contestadventur/status/824562881622470656,,,8.24563E+17,8.24217E+17
contestadventur,falgunitweets,Mentions,26/01/2017 10:22,"Join in
@thexoxoday
@kunvaria
@shreya334
@theKumarAkshay
@ManishSinmanish
@flankericeman
@shetty_kirthan
@Aggarwalsk2002
@falgunitweets",,,,26/01/2017 10:22,https://twitter.com/#!/contestadventur/status/824563132009897985,,,8.24563E+17,8.24217E+17
contestadventur,aggarwalsk2002,Mentions,26/01/2017 10:22,"Join in
@thexoxoday
@kunvaria
@shreya334
@theKumarAkshay
@ManishSinmanish
@flankericeman
@shetty_kirthan
@Aggarwalsk2002
@falgunitweets",,,,26/01/2017 10:22,https://twitter.com/#!/contestadventur/status/824563132009897985,,,8.24563E+17,8.24217E+17
contestadventur,shetty_kirthan,Mentions,26/01/2017 10:22,"Join in
@thexoxoday
@kunvaria
@shreya334
@theKumarAkshay
@ManishSinmanish
@flankericeman
@shetty_kirthan
@Aggarwalsk2002
@falgunitweets",,,,26/01/2017 10:22,https://twitter.com/#!/contestadventur/status/824563132009897985,,,8.24563E+17,8.24217E+17
contestadventur,flankericeman,Mentions,26/01/2017 10:22,"Join in
@thexoxoday
@kunvaria
@shreya334
@theKumarAkshay
@ManishSinmanish
@flankericeman
@shetty_kirthan
@Aggarwalsk2002
@falgunitweets",,,,26/01/2017 10:22,https://twitter.com/#!/contestadventur/status/824563132009897985,,,8.24563E+17,8.24217E+17
contestadventur,manishsinmanish,Mentions,26/01/2017 10:22,"Join in
@thexoxoday
@kunvaria
@shreya334
@theKumarAkshay
@ManishSinmanish
@flankericeman
@shetty_kirthan
@Aggarwalsk2002
@falgunitweets",,,,26/01/2017 10:22,https://twitter.com/#!/contestadventur/status/824563132009897985,,,8.24563E+17,8.24217E+17
contestadventur,thekumarakshay,Mentions,26/01/2017 10:22,"Join in
@thexoxoday
@kunvaria
@shreya334
@theKumarAkshay
@ManishSinmanish
@flankericeman
@shetty_kirthan
@Aggarwalsk2002
@falgunitweets",,,,26/01/2017 10:22,https://twitter.com/#!/contestadventur/status/824563132009897985,,,8.24563E+17,8.24217E+17
contestadventur,shreya334,Mentions,26/01/2017 10:22,"Join in
@thexoxoday
@kunvaria
@shreya334
@theKumarAkshay
@ManishSinmanish
@flankericeman
@shetty_kirthan
@Aggarwalsk2002
@falgunitweets",,,,26/01/2017 10:22,https://twitter.com/#!/contestadventur/status/824563132009897985,,,8.24563E+17,8.24217E+17
contestadventur,kunvaria,Mentions,26/01/2017 10:22,"Join in
@thexoxoday
@kunvaria
@shreya334
@theKumarAkshay
@ManishSinmanish
@flankericeman
@shetty_kirthan
@Aggarwalsk2002
@falgunitweets",,,,26/01/2017 10:22,https://twitter.com/#!/contestadventur/status/824563132009897985,,,8.24563E+17,8.24217E+17
contestadventur,mohit_mandavkar,Mentions,26/01/2017 10:23,"Join in
@thexoxoday
@MQazi009
@goeldeepak09
@cunning_mulgi
@shashankgadhe51
@09sailesh
@Iamchetanpandit
@todankar_rj
@mohit_mandavkar",,,,26/01/2017 10:23,https://twitter.com/#!/contestadventur/status/824563292517462016,,,8.24563E+17,8.24217E+17
contestadventur,todankar_rj,Mentions,26/01/2017 10:23,"Join in
@thexoxoday
@MQazi009
@goeldeepak09
@cunning_mulgi
@shashankgadhe51
@09sailesh
@Iamchetanpandit
@todankar_rj
@mohit_mandavkar",,,,26/01/2017 10:23,https://twitter.com/#!/contestadventur/status/824563292517462016,,,8.24563E+17,8.24217E+17
contestadventur,iamchetanpandit,Mentions,26/01/2017 10:23,"Join in
@thexoxoday
@MQazi009
@goeldeepak09
@cunning_mulgi
@shashankgadhe51
@09sailesh
@Iamchetanpandit
@todankar_rj
@mohit_mandavkar",,,,26/01/2017 10:23,https://twitter.com/#!/contestadventur/status/824563292517462016,,,8.24563E+17,8.24217E+17
contestadventur,09sailesh,Mentions,26/01/2017 10:23,"Join in
@thexoxoday
@MQazi009
@goeldeepak09
@cunning_mulgi
@shashankgadhe51
@09sailesh
@Iamchetanpandit
@todankar_rj
@mohit_mandavkar",,,,26/01/2017 10:23,https://twitter.com/#!/contestadventur/status/824563292517462016,,,8.24563E+17,8.24217E+17
contestadventur,shashankgadhe51,Mentions,26/01/2017 10:23,"Join in
@thexoxoday
@MQazi009
@goeldeepak09
@cunning_mulgi
@shashankgadhe51
@09sailesh
@Iamchetanpandit
@todankar_rj
@mohit_mandavkar",,,,26/01/2017 10:23,https://twitter.com/#!/contestadventur/status/824563292517462016,,,8.24563E+17,8.24217E+17
contestadventur,cunning_mulgi,Mentions,26/01/2017 10:23,"Join in
@thexoxoday
@MQazi009
@goeldeepak09
@cunning_mulgi
@shashankgadhe51
@09sailesh
@Iamchetanpandit
@todankar_rj
@mohit_mandavkar",,,,26/01/2017 10:23,https://twitter.com/#!/contestadventur/status/824563292517462016,,,8.24563E+17,8.24217E+17
contestadventur,goeldeepak09,Mentions,26/01/2017 10:23,"Join in
@thexoxoday
@MQazi009
@goeldeepak09
@cunning_mulgi
@shashankgadhe51
@09sailesh
@Iamchetanpandit
@todankar_rj
@mohit_mandavkar",,,,26/01/2017 10:23,https://twitter.com/#!/contestadventur/status/824563292517462016,,,8.24563E+17,8.24217E+17
contestadventur,mqazi009,Mentions,26/01/2017 10:23,"Join in
@thexoxoday
@MQazi009
@goeldeepak09
@cunning_mulgi
@shashankgadhe51
@09sailesh
@Iamchetanpandit
@todankar_rj
@mohit_mandavkar",,,,26/01/2017 10:23,https://twitter.com/#!/contestadventur/status/824563292517462016,,,8.24563E+17,8.24217E+17
contestadventur,abdullah_rider,Mentions,26/01/2017 10:23,"Join in
@thexoxoday
@ApoorvRane
@Starkpedya
@SumukhrJ
@shivampop
@ShrirajSweety
@Audacious_swain
@binny_kukreja
@abdullah_rider",,,,26/01/2017 10:23,https://twitter.com/#!/contestadventur/status/824563453733900288,,,8.24563E+17,8.24217E+17
contestadventur,audacious_swain,Mentions,26/01/2017 10:23,"Join in
@thexoxoday
@ApoorvRane
@Starkpedya
@SumukhrJ
@shivampop
@ShrirajSweety
@Audacious_swain
@binny_kukreja
@abdullah_rider",,,,26/01/2017 10:23,https://twitter.com/#!/contestadventur/status/824563453733900288,,,8.24563E+17,8.24217E+17
contestadventur,shrirajsweety,Mentions,26/01/2017 10:23,"Join in
@thexoxoday
@ApoorvRane
@Starkpedya
@SumukhrJ
@shivampop
@ShrirajSweety
@Audacious_swain
@binny_kukreja
@abdullah_rider",,,,26/01/2017 10:23,https://twitter.com/#!/contestadventur/status/824563453733900288,,,8.24563E+17,8.24217E+17
contestadventur,shivampop,Mentions,26/01/2017 10:23,"Join in
@thexoxoday
@ApoorvRane
@Starkpedya
@SumukhrJ
@shivampop
@ShrirajSweety
@Audacious_swain
@binny_kukreja
@abdullah_rider",,,,26/01/2017 10:23,https://twitter.com/#!/contestadventur/status/824563453733900288,,,8.24563E+17,8.24217E+17
contestadventur,sumukhrj,Mentions,26/01/2017 10:23,"Join in
@thexoxoday
@ApoorvRane
@Starkpedya
@SumukhrJ
@shivampop
@ShrirajSweety
@Audacious_swain
@binny_kukreja
@abdullah_rider",,,,26/01/2017 10:23,https://twitter.com/#!/contestadventur/status/824563453733900288,,,8.24563E+17,8.24217E+17
contestadventur,starkpedya,Mentions,26/01/2017 10:23,"Join in
@thexoxoday
@ApoorvRane
@Starkpedya
@SumukhrJ
@shivampop
@ShrirajSweety
@Audacious_swain
@binny_kukreja
@abdullah_rider",,,,26/01/2017 10:23,https://twitter.com/#!/contestadventur/status/824563453733900288,,,8.24563E+17,8.24217E+17
contestadventur,apoorvrane,Mentions,26/01/2017 10:23,"Join in
@thexoxoday
@ApoorvRane
@Starkpedya
@SumukhrJ
@shivampop
@ShrirajSweety
@Audacious_swain
@binny_kukreja
@abdullah_rider",,,,26/01/2017 10:23,https://twitter.com/#!/contestadventur/status/824563453733900288,,,8.24563E+17,8.24217E+17
contestadventur,iamyogeshmathur,Mentions,26/01/2017 10:24,"Join in
@thexoxoday
@Chidiyagiri
@KreativeKartik
@jabeen_77
@honeybhardwaj71
@WWE
@amla_chaturvedi
@rach_shinde
@iamyogeshmathur",,,,26/01/2017 10:24,https://twitter.com/#!/contestadventur/status/824563613918584832,,,8.24564E+17,8.24217E+17
contestadventur,rach_shinde,Mentions,26/01/2017 10:24,"Join in
@thexoxoday
@Chidiyagiri
@KreativeKartik
@jabeen_77
@honeybhardwaj71
@WWE
@amla_chaturvedi
@rach_shinde
@iamyogeshmathur",,,,26/01/2017 10:24,https://twitter.com/#!/contestadventur/status/824563613918584832,,,8.24564E+17,8.24217E+17
contestadventur,amla_chaturvedi,Mentions,26/01/2017 10:24,"Join in
@thexoxoday
@Chidiyagiri
@KreativeKartik
@jabeen_77
@honeybhardwaj71
@WWE
@amla_chaturvedi
@rach_shinde
@iamyogeshmathur",,,,26/01/2017 10:24,https://twitter.com/#!/contestadventur/status/824563613918584832,,,8.24564E+17,8.24217E+17
contestadventur,wwe,Mentions,26/01/2017 10:24,"Join in
@thexoxoday
@Chidiyagiri
@KreativeKartik
@jabeen_77
@honeybhardwaj71
@WWE
@amla_chaturvedi
@rach_shinde
@iamyogeshmathur",,,,26/01/2017 10:24,https://twitter.com/#!/contestadventur/status/824563613918584832,,,8.24564E+17,8.24217E+17
contestadventur,honeybhardwaj71,Mentions,26/01/2017 10:24,"Join in
@thexoxoday
@Chidiyagiri
@KreativeKartik
@jabeen_77
@honeybhardwaj71
@WWE
@amla_chaturvedi
@rach_shinde
@iamyogeshmathur",,,,26/01/2017 10:24,https://twitter.com/#!/contestadventur/status/824563613918584832,,,8.24564E+17,8.24217E+17
contestadventur,jabeen_77,Mentions,26/01/2017 10:24,"Join in
@thexoxoday
@Chidiyagiri
@KreativeKartik
@jabeen_77
@honeybhardwaj71
@WWE
@amla_chaturvedi
@rach_shinde
@iamyogeshmathur",,,,26/01/2017 10:24,https://twitter.com/#!/contestadventur/status/824563613918584832,,,8.24564E+17,8.24217E+17
contestadventur,kreativekartik,Mentions,26/01/2017 10:24,"Join in
@thexoxoday
@Chidiyagiri
@KreativeKartik
@jabeen_77
@honeybhardwaj71
@WWE
@amla_chaturvedi
@rach_shinde
@iamyogeshmathur",,,,26/01/2017 10:24,https://twitter.com/#!/contestadventur/status/824563613918584832,,,8.24564E+17,8.24217E+17
contestadventur,chidiyagiri,Mentions,26/01/2017 10:24,"Join in
@thexoxoday
@Chidiyagiri
@KreativeKartik
@jabeen_77
@honeybhardwaj71
@WWE
@amla_chaturvedi
@rach_shinde
@iamyogeshmathur",,,,26/01/2017 10:24,https://twitter.com/#!/contestadventur/status/824563613918584832,,,8.24564E+17,8.24217E+17
contestadventur,nishchaymehta17,Mentions,26/01/2017 10:24,"Join in
@thexoxoday
@Nirajng1
@arun_mugesh
@CinemaProbe
@preetisingh21
@CoolAnshika
@varshak_99
@sdsbi
@yogrishiramdev
@nishchaymehta17",,,,26/01/2017 10:24,https://twitter.com/#!/contestadventur/status/824563754297815040,,,8.24564E+17,8.24217E+17
contestadventur,yogrishiramdev,Mentions,26/01/2017 10:24,"Join in
@thexoxoday
@Nirajng1
@arun_mugesh
@CinemaProbe
@preetisingh21
@CoolAnshika
@varshak_99
@sdsbi
@yogrishiramdev
@nishchaymehta17",,,,26/01/2017 10:24,https://twitter.com/#!/contestadventur/status/824563754297815040,,,8.24564E+17,8.24217E+17
contestadventur,sdsbi,Mentions,26/01/2017 10:24,"Join in
@thexoxoday
@Nirajng1
@arun_mugesh
@CinemaProbe
@preetisingh21
@CoolAnshika
@varshak_99
@sdsbi
@yogrishiramdev
@nishchaymehta17",,,,26/01/2017 10:24,https://twitter.com/#!/contestadventur/status/824563754297815040,,,8.24564E+17,8.24217E+17
contestadventur,varshak_99,Mentions,26/01/2017 10:24,"Join in
@thexoxoday
@Nirajng1
@arun_mugesh
@CinemaProbe
@preetisingh21
@CoolAnshika
@varshak_99
@sdsbi
@yogrishiramdev
@nishchaymehta17",,,,26/01/2017 10:24,https://twitter.com/#!/contestadventur/status/824563754297815040,,,8.24564E+17,8.24217E+17
contestadventur,coolanshika,Mentions,26/01/2017 10:24,"Join in
@thexoxoday
@Nirajng1
@arun_mugesh
@CinemaProbe
@preetisingh21
@CoolAnshika
@varshak_99
@sdsbi
@yogrishiramdev
@nishchaymehta17",,,,26/01/2017 10:24,https://twitter.com/#!/contestadventur/status/824563754297815040,,,8.24564E+17,8.24217E+17
contestadventur,preetisingh21,Mentions,26/01/2017 10:24,"Join in
@thexoxoday
@Nirajng1
@arun_mugesh
@CinemaProbe
@preetisingh21
@CoolAnshika
@varshak_99
@sdsbi
@yogrishiramdev
@nishchaymehta17",,,,26/01/2017 10:24,https://twitter.com/#!/contestadventur/status/824563754297815040,,,8.24564E+17,8.24217E+17
contestadventur,cinemaprobe,Mentions,26/01/2017 10:24,"Join in
@thexoxoday
@Nirajng1
@arun_mugesh
@CinemaProbe
@preetisingh21
@CoolAnshika
@varshak_99
@sdsbi
@yogrishiramdev
@nishchaymehta17",,,,26/01/2017 10:24,https://twitter.com/#!/contestadventur/status/824563754297815040,,,8.24564E+17,8.24217E+17
contestadventur,arun_mugesh,Mentions,26/01/2017 10:24,"Join in
@thexoxoday
@Nirajng1
@arun_mugesh
@CinemaProbe
@preetisingh21
@CoolAnshika
@varshak_99
@sdsbi
@yogrishiramdev
@nishchaymehta17",,,,26/01/2017 10:24,https://twitter.com/#!/contestadventur/status/824563754297815040,,,8.24564E+17,8.24217E+17
contestadventur,nirajng1,Mentions,26/01/2017 10:24,"Join in
@thexoxoday
@Nirajng1
@arun_mugesh
@CinemaProbe
@preetisingh21
@CoolAnshika
@varshak_99
@sdsbi
@yogrishiramdev
@nishchaymehta17",,,,26/01/2017 10:24,https://twitter.com/#!/contestadventur/status/824563754297815040,,,8.24564E+17,8.24217E+17
contestadventur,vibilan,Mentions,26/01/2017 10:26,"Join in
@thexoxoday
@tinkuu16
@yamansharma22
@sunkis5edlass
@varshaksharma
@Dheerajverma20
@sainisps197350
@preetisingh2121
@vibilan",,,,26/01/2017 10:26,https://twitter.com/#!/contestadventur/status/824564168762159104,,,8.24564E+17,8.24217E+17
contestadventur,preetisingh2121,Mentions,26/01/2017 10:26,"Join in
@thexoxoday
@tinkuu16
@yamansharma22
@sunkis5edlass
@varshaksharma
@Dheerajverma20
@sainisps197350
@preetisingh2121
@vibilan",,,,26/01/2017 10:26,https://twitter.com/#!/contestadventur/status/824564168762159104,,,8.24564E+17,8.24217E+17
contestadventur,sainisps197350,Mentions,26/01/2017 10:26,"Join in
@thexoxoday
@tinkuu16
@yamansharma22
@sunkis5edlass
@varshaksharma
@Dheerajverma20
@sainisps197350
@preetisingh2121
@vibilan",,,,26/01/2017 10:26,https://twitter.com/#!/contestadventur/status/824564168762159104,,,8.24564E+17,8.24217E+17
contestadventur,dheerajverma20,Mentions,26/01/2017 10:26,"Join in
@thexoxoday
@tinkuu16
@yamansharma22
@sunkis5edlass
@varshaksharma
@Dheerajverma20
@sainisps197350
@preetisingh2121
@vibilan",,,,26/01/2017 10:26,https://twitter.com/#!/contestadventur/status/824564168762159104,,,8.24564E+17,8.24217E+17
contestadventur,varshaksharma,Mentions,26/01/2017 10:26,"Join in
@thexoxoday
@tinkuu16
@yamansharma22
@sunkis5edlass
@varshaksharma
@Dheerajverma20
@sainisps197350
@preetisingh2121
@vibilan",,,,26/01/2017 10:26,https://twitter.com/#!/contestadventur/status/824564168762159104,,,8.24564E+17,8.24217E+17
contestadventur,sunkis5edlass,Mentions,26/01/2017 10:26,"Join in
@thexoxoday
@tinkuu16
@yamansharma22
@sunkis5edlass
@varshaksharma
@Dheerajverma20
@sainisps197350
@preetisingh2121
@vibilan",,,,26/01/2017 10:26,https://twitter.com/#!/contestadventur/status/824564168762159104,,,8.24564E+17,8.24217E+17
contestadventur,yamansharma22,Mentions,26/01/2017 10:26,"Join in
@thexoxoday
@tinkuu16
@yamansharma22
@sunkis5edlass
@varshaksharma
@Dheerajverma20
@sainisps197350
@preetisingh2121
@vibilan",,,,26/01/2017 10:26,https://twitter.com/#!/contestadventur/status/824564168762159104,,,8.24564E+17,8.24217E+17
contestadventur,tinkuu16,Mentions,26/01/2017 10:26,"Join in
@thexoxoday
@tinkuu16
@yamansharma22
@sunkis5edlass
@varshaksharma
@Dheerajverma20
@sainisps197350
@preetisingh2121
@vibilan",,,,26/01/2017 10:26,https://twitter.com/#!/contestadventur/status/824564168762159104,,,8.24564E+17,8.24217E+17
contestadventur,akshaykumar,Mentions,26/01/2017 10:27,"Join in
@thexoxoday
@massurendran
@Prity92405173
@romeotush
@curiousromeo
@DabanngBoy
@isapnabhatia
@ramandeepkaur
@akshaykumar",,,,26/01/2017 10:27,https://twitter.com/#!/contestadventur/status/824564343492661248,,,8.24564E+17,8.24217E+17
contestadventur,ramandeepkaur,Mentions,26/01/2017 10:27,"Join in
@thexoxoday
@massurendran
@Prity92405173
@romeotush
@curiousromeo
@DabanngBoy
@isapnabhatia
@ramandeepkaur
@akshaykumar",,,,26/01/2017 10:27,https://twitter.com/#!/contestadventur/status/824564343492661248,,,8.24564E+17,8.24217E+17
contestadventur,isapnabhatia,Mentions,26/01/2017 10:27,"Join in
@thexoxoday
@massurendran
@Prity92405173
@romeotush
@curiousromeo
@DabanngBoy
@isapnabhatia
@ramandeepkaur
@akshaykumar",,,,26/01/2017 10:27,https://twitter.com/#!/contestadventur/status/824564343492661248,,,8.24564E+17,8.24217E+17
contestadventur,dabanngboy,Mentions,26/01/2017 10:27,"Join in
@thexoxoday
@massurendran
@Prity92405173
@romeotush
@curiousromeo
@DabanngBoy
@isapnabhatia
@ramandeepkaur
@akshaykumar",,,,26/01/2017 10:27,https://twitter.com/#!/contestadventur/status/824564343492661248,,,8.24564E+17,8.24217E+17
contestadventur,curiousromeo,Mentions,26/01/2017 10:27,"Join in
@thexoxoday
@massurendran
@Prity92405173
@romeotush
@curiousromeo
@DabanngBoy
@isapnabhatia
@ramandeepkaur
@akshaykumar",,,,26/01/2017 10:27,https://twitter.com/#!/contestadventur/status/824564343492661248,,,8.24564E+17,8.24217E+17
contestadventur,romeotush,Mentions,26/01/2017 10:27,"Join in
@thexoxoday
@massurendran
@Prity92405173
@romeotush
@curiousromeo
@DabanngBoy
@isapnabhatia
@ramandeepkaur
@akshaykumar",,,,26/01/2017 10:27,https://twitter.com/#!/contestadventur/status/824564343492661248,,,8.24564E+17,8.24217E+17
contestadventur,prity92405173,Mentions,26/01/2017 10:27,"Join in
@thexoxoday
@massurendran
@Prity92405173
@romeotush
@curiousromeo
@DabanngBoy
@isapnabhatia
@ramandeepkaur
@akshaykumar",,,,26/01/2017 10:27,https://twitter.com/#!/contestadventur/status/824564343492661248,,,8.24564E+17,8.24217E+17
contestadventur,massurendran,Mentions,26/01/2017 10:27,"Join in
@thexoxoday
@massurendran
@Prity92405173
@romeotush
@curiousromeo
@DabanngBoy
@isapnabhatia
@ramandeepkaur
@akshaykumar",,,,26/01/2017 10:27,https://twitter.com/#!/contestadventur/status/824564343492661248,,,8.24564E+17,8.24217E+17
contestadventur,ibm,Mentions,26/01/2017 10:27,"Join in
@thexoxoday
@blessedsumit
@anupama220880
@sdsibi
@iHrithik
@RahulBorad
@gagandeep91
@ardeurmusic
@gagan_response
@IBM",,,,26/01/2017 10:27,https://twitter.com/#!/contestadventur/status/824564474472390657,,,8.24564E+17,8.24217E+17
contestadventur,gagan_response,Mentions,26/01/2017 10:27,"Join in
@thexoxoday
@blessedsumit
@anupama220880
@sdsibi
@iHrithik
@RahulBorad
@gagandeep91
@ardeurmusic
@gagan_response
@IBM",,,,26/01/2017 10:27,https://twitter.com/#!/contestadventur/status/824564474472390657,,,8.24564E+17,8.24217E+17
contestadventur,ardeurmusic,Mentions,26/01/2017 10:27,"Join in
@thexoxoday
@blessedsumit
@anupama220880
@sdsibi
@iHrithik
@RahulBorad
@gagandeep91
@ardeurmusic
@gagan_response
@IBM",,,,26/01/2017 10:27,https://twitter.com/#!/contestadventur/status/824564474472390657,,,8.24564E+17,8.24217E+17
contestadventur,gagandeep91,Mentions,26/01/2017 10:27,"Join in
@thexoxoday
@blessedsumit
@anupama220880
@sdsibi
@iHrithik
@RahulBorad
@gagandeep91
@ardeurmusic
@gagan_response
@IBM",,,,26/01/2017 10:27,https://twitter.com/#!/contestadventur/status/824564474472390657,,,8.24564E+17,8.24217E+17
contestadventur,rahulborad,Mentions,26/01/2017 10:27,"Join in
@thexoxoday
@blessedsumit
@anupama220880
@sdsibi
@iHrithik
@RahulBorad
@gagandeep91
@ardeurmusic
@gagan_response
@IBM",,,,26/01/2017 10:27,https://twitter.com/#!/contestadventur/status/824564474472390657,,,8.24564E+17,8.24217E+17
contestadventur,ihrithik,Mentions,26/01/2017 10:27,"Join in
@thexoxoday
@blessedsumit
@anupama220880
@sdsibi
@iHrithik
@RahulBorad
@gagandeep91
@ardeurmusic
@gagan_response
@IBM",,,,26/01/2017 10:27,https://twitter.com/#!/contestadventur/status/824564474472390657,,,8.24564E+17,8.24217E+17
contestadventur,sdsibi,Mentions,26/01/2017 10:27,"Join in
@thexoxoday
@blessedsumit
@anupama220880
@sdsibi
@iHrithik
@RahulBorad
@gagandeep91
@ardeurmusic
@gagan_response
@IBM",,,,26/01/2017 10:27,https://twitter.com/#!/contestadventur/status/824564474472390657,,,8.24564E+17,8.24217E+17
contestadventur,anupama220880,Mentions,26/01/2017 10:27,"Join in
@thexoxoday
@blessedsumit
@anupama220880
@sdsibi
@iHrithik
@RahulBorad
@gagandeep91
@ardeurmusic
@gagan_response
@IBM",,,,26/01/2017 10:27,https://twitter.com/#!/contestadventur/status/824564474472390657,,,8.24564E+17,8.24217E+17
contestadventur,blessedsumit,Mentions,26/01/2017 10:27,"Join in
@thexoxoday
@blessedsumit
@anupama220880
@sdsibi
@iHrithik
@RahulBorad
@gagandeep91
@ardeurmusic
@gagan_response
@IBM",,,,26/01/2017 10:27,https://twitter.com/#!/contestadventur/status/824564474472390657,,,8.24564E+17,8.24217E+17
contestadventur,sonypictures,Mentions,26/01/2017 10:30,"Join in
@thexoxoday
 @elodiamusic
@NitinSocially
@VARMAILA
@VectorXIND
@dantus19
@akashjain3004
@boxofficeindia
@Ghostbusters
@SonyPictures",,,,26/01/2017 10:30,https://twitter.com/#!/contestadventur/status/824565104851103744,,,8.24565E+17,8.24217E+17
contestadventur,ghostbusters,Mentions,26/01/2017 10:30,"Join in
@thexoxoday
 @elodiamusic
@NitinSocially
@VARMAILA
@VectorXIND
@dantus19
@akashjain3004
@boxofficeindia
@Ghostbusters
@SonyPictures",,,,26/01/2017 10:30,https://twitter.com/#!/contestadventur/status/824565104851103744,,,8.24565E+17,8.24217E+17
contestadventur,boxofficeindia,Mentions,26/01/2017 10:30,"Join in
@thexoxoday
 @elodiamusic
@NitinSocially
@VARMAILA
@VectorXIND
@dantus19
@akashjain3004
@boxofficeindia
@Ghostbusters
@SonyPictures",,,,26/01/2017 10:30,https://twitter.com/#!/contestadventur/status/824565104851103744,,,8.24565E+17,8.24217E+17
contestadventur,akashjain3004,Mentions,26/01/2017 10:30,"Join in
@thexoxoday
 @elodiamusic
@NitinSocially
@VARMAILA
@VectorXIND
@dantus19
@akashjain3004
@boxofficeindia
@Ghostbusters
@SonyPictures",,,,26/01/2017 10:30,https://twitter.com/#!/contestadventur/status/824565104851103744,,,8.24565E+17,8.24217E+17
contestadventur,dantus19,Mentions,26/01/2017 10:30,"Join in
@thexoxoday
 @elodiamusic
@NitinSocially
@VARMAILA
@VectorXIND
@dantus19
@akashjain3004
@boxofficeindia
@Ghostbusters
@SonyPictures",,,,26/01/2017 10:30,https://twitter.com/#!/contestadventur/status/824565104851103744,,,8.24565E+17,8.24217E+17
contestadventur,vectorxind,Mentions,26/01/2017 10:30,"Join in
@thexoxoday
 @elodiamusic
@NitinSocially
@VARMAILA
@VectorXIND
@dantus19
@akashjain3004
@boxofficeindia
@Ghostbusters
@SonyPictures",,,,26/01/2017 10:30,https://twitter.com/#!/contestadventur/status/824565104851103744,,,8.24565E+17,8.24217E+17
contestadventur,nitinsocially,Mentions,26/01/2017 10:30,"Join in
@thexoxoday
 @elodiamusic
@NitinSocially
@VARMAILA
@VectorXIND
@dantus19
@akashjain3004
@boxofficeindia
@Ghostbusters
@SonyPictures",,,,26/01/2017 10:30,https://twitter.com/#!/contestadventur/status/824565104851103744,,,8.24565E+17,8.24217E+17
contestadventur,elodiamusic,Mentions,26/01/2017 10:30,"Join in
@thexoxoday
 @elodiamusic
@NitinSocially
@VARMAILA
@VectorXIND
@dantus19
@akashjain3004
@boxofficeindia
@Ghostbusters
@SonyPictures",,,,26/01/2017 10:30,https://twitter.com/#!/contestadventur/status/824565104851103744,,,8.24565E+17,8.24217E+17
contestadventur,mittalviyom,Mentions,26/01/2017 10:31,"Join in
@thexoxoday
@yumyumtree
@ICICIBank
@Done_Thing
@Paytm
@AxisBank
@bharatmatrimony
@FreeCharge
@Furtive_Glances
@FoodAbhi
@MittalViyom",,,,26/01/2017 10:31,https://twitter.com/#!/contestadventur/status/824565412289409024,,,8.24565E+17,8.24217E+17
contestadventur,foodabhi,Mentions,26/01/2017 10:31,"Join in
@thexoxoday
@yumyumtree
@ICICIBank
@Done_Thing
@Paytm
@AxisBank
@bharatmatrimony
@FreeCharge
@Furtive_Glances
@FoodAbhi
@MittalViyom",,,,26/01/2017 10:31,https://twitter.com/#!/contestadventur/status/824565412289409024,,,8.24565E+17,8.24217E+17
contestadventur,furtive_glances,Mentions,26/01/2017 10:31,"Join in
@thexoxoday
@yumyumtree
@ICICIBank
@Done_Thing
@Paytm
@AxisBank
@bharatmatrimony
@FreeCharge
@Furtive_Glances
@FoodAbhi
@MittalViyom",,,,26/01/2017 10:31,https://twitter.com/#!/contestadventur/status/824565412289409024,,,8.24565E+17,8.24217E+17
contestadventur,freecharge,Mentions,26/01/2017 10:31,"Join in
@thexoxoday
@yumyumtree
@ICICIBank
@Done_Thing
@Paytm
@AxisBank
@bharatmatrimony
@FreeCharge
@Furtive_Glances
@FoodAbhi
@MittalViyom",,,,26/01/2017 10:31,https://twitter.com/#!/contestadventur/status/824565412289409024,,,8.24565E+17,8.24217E+17
contestadventur,bharatmatrimony,Mentions,26/01/2017 10:31,"Join in
@thexoxoday
@yumyumtree
@ICICIBank
@Done_Thing
@Paytm
@AxisBank
@bharatmatrimony
@FreeCharge
@Furtive_Glances
@FoodAbhi
@MittalViyom",,,,26/01/2017 10:31,https://twitter.com/#!/contestadventur/status/824565412289409024,,,8.24565E+17,8.24217E+17
contestadventur,axisbank,Mentions,26/01/2017 10:31,"Join in
@thexoxoday
@yumyumtree
@ICICIBank
@Done_Thing
@Paytm
@AxisBank
@bharatmatrimony
@FreeCharge
@Furtive_Glances
@FoodAbhi
@MittalViyom",,,,26/01/2017 10:31,https://twitter.com/#!/contestadventur/status/824565412289409024,,,8.24565E+17,8.24217E+17
contestadventur,paytm,Mentions,26/01/2017 10:31,"Join in
@thexoxoday
@yumyumtree
@ICICIBank
@Done_Thing
@Paytm
@AxisBank
@bharatmatrimony
@FreeCharge
@Furtive_Glances
@FoodAbhi
@MittalViyom",,,,26/01/2017 10:31,https://twitter.com/#!/contestadventur/status/824565412289409024,,,8.24565E+17,8.24217E+17
contestadventur,done_thing,Mentions,26/01/2017 10:31,"Join in
@thexoxoday
@yumyumtree
@ICICIBank
@Done_Thing
@Paytm
@AxisBank
@bharatmatrimony
@FreeCharge
@Furtive_Glances
@FoodAbhi
@MittalViyom",,,,26/01/2017 10:31,https://twitter.com/#!/contestadventur/status/824565412289409024,,,8.24565E+17,8.24217E+17
contestadventur,icicibank,Mentions,26/01/2017 10:31,"Join in
@thexoxoday
@yumyumtree
@ICICIBank
@Done_Thing
@Paytm
@AxisBank
@bharatmatrimony
@FreeCharge
@Furtive_Glances
@FoodAbhi
@MittalViyom",,,,26/01/2017 10:31,https://twitter.com/#!/contestadventur/status/824565412289409024,,,8.24565E+17,8.24217E+17
contestadventur,yumyumtree,Mentions,26/01/2017 10:31,"Join in
@thexoxoday
@yumyumtree
@ICICIBank
@Done_Thing
@Paytm
@AxisBank
@bharatmatrimony
@FreeCharge
@Furtive_Glances
@FoodAbhi
@MittalViyom",,,,26/01/2017 10:31,https://twitter.com/#!/contestadventur/status/824565412289409024,,,8.24565E+17,8.24217E+17
contestadventur,_kkomal_,Mentions,26/01/2017 10:32,"Join in
@thexoxoday
@bhardwajspeaks
@InHopeToGetYou
@bhaveshmb3
@chetanji002
@ImNamanShah
@susmitchakrabo1
@Shraddh9793
@_kkomal_",,,,26/01/2017 10:32,https://twitter.com/#!/contestadventur/status/824565550936305665,,,8.24566E+17,8.24217E+17
contestadventur,shraddh9793,Mentions,26/01/2017 10:32,"Join in
@thexoxoday
@bhardwajspeaks
@InHopeToGetYou
@bhaveshmb3
@chetanji002
@ImNamanShah
@susmitchakrabo1
@Shraddh9793
@_kkomal_",,,,26/01/2017 10:32,https://twitter.com/#!/contestadventur/status/824565550936305665,,,8.24566E+17,8.24217E+17
contestadventur,susmitchakrabo1,Mentions,26/01/2017 10:32,"Join in
@thexoxoday
@bhardwajspeaks
@InHopeToGetYou
@bhaveshmb3
@chetanji002
@ImNamanShah
@susmitchakrabo1
@Shraddh9793
@_kkomal_",,,,26/01/2017 10:32,https://twitter.com/#!/contestadventur/status/824565550936305665,,,8.24566E+17,8.24217E+17
contestadventur,imnamanshah,Mentions,26/01/2017 10:32,"Join in
@thexoxoday
@bhardwajspeaks
@InHopeToGetYou
@bhaveshmb3
@chetanji002
@ImNamanShah
@susmitchakrabo1
@Shraddh9793
@_kkomal_",,,,26/01/2017 10:32,https://twitter.com/#!/contestadventur/status/824565550936305665,,,8.24566E+17,8.24217E+17
contestadventur,chetanji002,Mentions,26/01/2017 10:32,"Join in
@thexoxoday
@bhardwajspeaks
@InHopeToGetYou
@bhaveshmb3
@chetanji002
@ImNamanShah
@susmitchakrabo1
@Shraddh9793
@_kkomal_",,,,26/01/2017 10:32,https://twitter.com/#!/contestadventur/status/824565550936305665,,,8.24566E+17,8.24217E+17
contestadventur,bhaveshmb3,Mentions,26/01/2017 10:32,"Join in
@thexoxoday
@bhardwajspeaks
@InHopeToGetYou
@bhaveshmb3
@chetanji002
@ImNamanShah
@susmitchakrabo1
@Shraddh9793
@_kkomal_",,,,26/01/2017 10:32,https://twitter.com/#!/contestadventur/status/824565550936305665,,,8.24566E+17,8.24217E+17
contestadventur,inhopetogetyou,Mentions,26/01/2017 10:32,"Join in
@thexoxoday
@bhardwajspeaks
@InHopeToGetYou
@bhaveshmb3
@chetanji002
@ImNamanShah
@susmitchakrabo1
@Shraddh9793
@_kkomal_",,,,26/01/2017 10:32,https://twitter.com/#!/contestadventur/status/824565550936305665,,,8.24566E+17,8.24217E+17
contestadventur,bhardwajspeaks,Mentions,26/01/2017 10:32,"Join in
@thexoxoday
@bhardwajspeaks
@InHopeToGetYou
@bhaveshmb3
@chetanji002
@ImNamanShah
@susmitchakrabo1
@Shraddh9793
@_kkomal_",,,,26/01/2017 10:32,https://twitter.com/#!/contestadventur/status/824565550936305665,,,8.24566E+17,8.24217E+17
contestadventur,oyebabby,Mentions,26/01/2017 10:32,"Join in
@thexoxoday
@charmishah3993
@Aamchi_Mulgi
@SawantSoham
@jephy_sabore
@Jacobsamurai199
@arnab1478
@god_mantra14
@Rtlikewin
@oyebabby",,,,26/01/2017 10:32,https://twitter.com/#!/contestadventur/status/824565694519873536,,,8.24566E+17,8.24217E+17
contestadventur,rtlikewin,Mentions,26/01/2017 10:32,"Join in
@thexoxoday
@charmishah3993
@Aamchi_Mulgi
@SawantSoham
@jephy_sabore
@Jacobsamurai199
@arnab1478
@god_mantra14
@Rtlikewin
@oyebabby",,,,26/01/2017 10:32,https://twitter.com/#!/contestadventur/status/824565694519873536,,,8.24566E+17,8.24217E+17
contestadventur,god_mantra14,Mentions,26/01/2017 10:32,"Join in
@thexoxoday
@charmishah3993
@Aamchi_Mulgi
@SawantSoham
@jephy_sabore
@Jacobsamurai199
@arnab1478
@god_mantra14
@Rtlikewin
@oyebabby",,,,26/01/2017 10:32,https://twitter.com/#!/contestadventur/status/824565694519873536,,,8.24566E+17,8.24217E+17
contestadventur,arnab1478,Mentions,26/01/2017 10:32,"Join in
@thexoxoday
@charmishah3993
@Aamchi_Mulgi
@SawantSoham
@jephy_sabore
@Jacobsamurai199
@arnab1478
@god_mantra14
@Rtlikewin
@oyebabby",,,,26/01/2017 10:32,https://twitter.com/#!/contestadventur/status/824565694519873536,,,8.24566E+17,8.24217E+17
contestadventur,jacobsamurai199,Mentions,26/01/2017 10:32,"Join in
@thexoxoday
@charmishah3993
@Aamchi_Mulgi
@SawantSoham
@jephy_sabore
@Jacobsamurai199
@arnab1478
@god_mantra14
@Rtlikewin
@oyebabby",,,,26/01/2017 10:32,https://twitter.com/#!/contestadventur/status/824565694519873536,,,8.24566E+17,8.24217E+17
contestadventur,jephy_sabore,Mentions,26/01/2017 10:32,"Join in
@thexoxoday
@charmishah3993
@Aamchi_Mulgi
@SawantSoham
@jephy_sabore
@Jacobsamurai199
@arnab1478
@god_mantra14
@Rtlikewin
@oyebabby",,,,26/01/2017 10:32,https://twitter.com/#!/contestadventur/status/824565694519873536,,,8.24566E+17,8.24217E+17
contestadventur,sawantsoham,Mentions,26/01/2017 10:32,"Join in
@thexoxoday
@charmishah3993
@Aamchi_Mulgi
@SawantSoham
@jephy_sabore
@Jacobsamurai199
@arnab1478
@god_mantra14
@Rtlikewin
@oyebabby",,,,26/01/2017 10:32,https://twitter.com/#!/contestadventur/status/824565694519873536,,,8.24566E+17,8.24217E+17
contestadventur,aamchi_mulgi,Mentions,26/01/2017 10:32,"Join in
@thexoxoday
@charmishah3993
@Aamchi_Mulgi
@SawantSoham
@jephy_sabore
@Jacobsamurai199
@arnab1478
@god_mantra14
@Rtlikewin
@oyebabby",,,,26/01/2017 10:32,https://twitter.com/#!/contestadventur/status/824565694519873536,,,8.24566E+17,8.24217E+17
contestadventur,charmishah3993,Mentions,26/01/2017 10:32,"Join in
@thexoxoday
@charmishah3993
@Aamchi_Mulgi
@SawantSoham
@jephy_sabore
@Jacobsamurai199
@arnab1478
@god_mantra14
@Rtlikewin
@oyebabby",,,,26/01/2017 10:32,https://twitter.com/#!/contestadventur/status/824565694519873536,,,8.24566E+17,8.24217E+17
contestadventur,himatpatel5,Mentions,26/01/2017 10:34,"Join in
@thexoxoday
@erpratik68
@ragavendhra29
@real_piyush
@iamsrk
@rachit_g2
@lohit_lion
@Mitch_John573
@asma05830717
@himatpatel5",,,,26/01/2017 10:34,https://twitter.com/#!/contestadventur/status/824566150176444416,,,8.24566E+17,8.24217E+17
contestadventur,asma05830717,Mentions,26/01/2017 10:34,"Join in
@thexoxoday
@erpratik68
@ragavendhra29
@real_piyush
@iamsrk
@rachit_g2
@lohit_lion
@Mitch_John573
@asma05830717
@himatpatel5",,,,26/01/2017 10:34,https://twitter.com/#!/contestadventur/status/824566150176444416,,,8.24566E+17,8.24217E+17
contestadventur,lohit_lion,Mentions,26/01/2017 10:34,"Join in
@thexoxoday
@erpratik68
@ragavendhra29
@real_piyush
@iamsrk
@rachit_g2
@lohit_lion
@Mitch_John573
@asma05830717
@himatpatel5",,,,26/01/2017 10:34,https://twitter.com/#!/contestadventur/status/824566150176444416,,,8.24566E+17,8.24217E+17
contestadventur,rachit_g2,Mentions,26/01/2017 10:34,"Join in
@thexoxoday
@erpratik68
@ragavendhra29
@real_piyush
@iamsrk
@rachit_g2
@lohit_lion
@Mitch_John573
@asma05830717
@himatpatel5",,,,26/01/2017 10:34,https://twitter.com/#!/contestadventur/status/824566150176444416,,,8.24566E+17,8.24217E+17
contestadventur,iamsrk,Mentions,26/01/2017 10:34,"Join in
@thexoxoday
@erpratik68
@ragavendhra29
@real_piyush
@iamsrk
@rachit_g2
@lohit_lion
@Mitch_John573
@asma05830717
@himatpatel5",,,,26/01/2017 10:34,https://twitter.com/#!/contestadventur/status/824566150176444416,,,8.24566E+17,8.24217E+17
contestadventur,real_piyush,Mentions,26/01/2017 10:34,"Join in
@thexoxoday
@erpratik68
@ragavendhra29
@real_piyush
@iamsrk
@rachit_g2
@lohit_lion
@Mitch_John573
@asma05830717
@himatpatel5",,,,26/01/2017 10:34,https://twitter.com/#!/contestadventur/status/824566150176444416,,,8.24566E+17,8.24217E+17
contestadventur,ragavendhra29,Mentions,26/01/2017 10:34,"Join in
@thexoxoday
@erpratik68
@ragavendhra29
@real_piyush
@iamsrk
@rachit_g2
@lohit_lion
@Mitch_John573
@asma05830717
@himatpatel5",,,,26/01/2017 10:34,https://twitter.com/#!/contestadventur/status/824566150176444416,,,8.24566E+17,8.24217E+17
contestadventur,erpratik68,Mentions,26/01/2017 10:34,"Join in
@thexoxoday
@erpratik68
@ragavendhra29
@real_piyush
@iamsrk
@rachit_g2
@lohit_lion
@Mitch_John573
@asma05830717
@himatpatel5",,,,26/01/2017 10:34,https://twitter.com/#!/contestadventur/status/824566150176444416,,,8.24566E+17,8.24217E+17
contestadventur,58juliehayward,Mentions,26/01/2017 10:35,"Join in
@thexoxoday
@_Deshapriya_
@v333444555
@azeem24997106
@KaziMehediHass1
@Ajaysah41
@awsomejack34
@dcquist
@58juliehayward",,,,26/01/2017 10:35,https://twitter.com/#!/contestadventur/status/824566345102610433,,,8.24566E+17,8.24217E+17
contestadventur,dcquist,Mentions,26/01/2017 10:35,"Join in
@thexoxoday
@_Deshapriya_
@v333444555
@azeem24997106
@KaziMehediHass1
@Ajaysah41
@awsomejack34
@dcquist
@58juliehayward",,,,26/01/2017 10:35,https://twitter.com/#!/contestadventur/status/824566345102610433,,,8.24566E+17,8.24217E+17
contestadventur,awsomejack34,Mentions,26/01/2017 10:35,"Join in
@thexoxoday
@_Deshapriya_
@v333444555
@azeem24997106
@KaziMehediHass1
@Ajaysah41
@awsomejack34
@dcquist
@58juliehayward",,,,26/01/2017 10:35,https://twitter.com/#!/contestadventur/status/824566345102610433,,,8.24566E+17,8.24217E+17
contestadventur,ajaysah41,Mentions,26/01/2017 10:35,"Join in
@thexoxoday
@_Deshapriya_
@v333444555
@azeem24997106
@KaziMehediHass1
@Ajaysah41
@awsomejack34
@dcquist
@58juliehayward",,,,26/01/2017 10:35,https://twitter.com/#!/contestadventur/status/824566345102610433,,,8.24566E+17,8.24217E+17
contestadventur,kazimehedihass1,Mentions,26/01/2017 10:35,"Join in
@thexoxoday
@_Deshapriya_
@v333444555
@azeem24997106
@KaziMehediHass1
@Ajaysah41
@awsomejack34
@dcquist
@58juliehayward",,,,26/01/2017 10:35,https://twitter.com/#!/contestadventur/status/824566345102610433,,,8.24566E+17,8.24217E+17
contestadventur,azeem24997106,Mentions,26/01/2017 10:35,"Join in
@thexoxoday
@_Deshapriya_
@v333444555
@azeem24997106
@KaziMehediHass1
@Ajaysah41
@awsomejack34
@dcquist
@58juliehayward",,,,26/01/2017 10:35,https://twitter.com/#!/contestadventur/status/824566345102610433,,,8.24566E+17,8.24217E+17
contestadventur,v333444555,Mentions,26/01/2017 10:35,"Join in
@thexoxoday
@_Deshapriya_
@v333444555
@azeem24997106
@KaziMehediHass1
@Ajaysah41
@awsomejack34
@dcquist
@58juliehayward",,,,26/01/2017 10:35,https://twitter.com/#!/contestadventur/status/824566345102610433,,,8.24566E+17,8.24217E+17
contestadventur,_deshapriya_,Mentions,26/01/2017 10:35,"Join in
@thexoxoday
@_Deshapriya_
@v333444555
@azeem24997106
@KaziMehediHass1
@Ajaysah41
@awsomejack34
@dcquist
@58juliehayward",,,,26/01/2017 10:35,https://twitter.com/#!/contestadventur/status/824566345102610433,,,8.24566E+17,8.24217E+17
contestadventur,thesmallapp,Mentions,26/01/2017 10:36,"Join in
@thexoxoday
@rohanmukherje1
@div_bavishi
@Nirali1217
@vivekvaghela14
@riyushah5
@abhikarmakar_i
@GudeRajkamal
@thesmallapp",,,,26/01/2017 10:36,https://twitter.com/#!/contestadventur/status/824566560350048256,,,8.24567E+17,8.24217E+17
contestadventur,guderajkamal,Mentions,26/01/2017 10:36,"Join in
@thexoxoday
@rohanmukherje1
@div_bavishi
@Nirali1217
@vivekvaghela14
@riyushah5
@abhikarmakar_i
@GudeRajkamal
@thesmallapp",,,,26/01/2017 10:36,https://twitter.com/#!/contestadventur/status/824566560350048256,,,8.24567E+17,8.24217E+17
contestadventur,abhikarmakar_i,Mentions,26/01/2017 10:36,"Join in
@thexoxoday
@rohanmukherje1
@div_bavishi
@Nirali1217
@vivekvaghela14
@riyushah5
@abhikarmakar_i
@GudeRajkamal
@thesmallapp",,,,26/01/2017 10:36,https://twitter.com/#!/contestadventur/status/824566560350048256,,,8.24567E+17,8.24217E+17
contestadventur,riyushah5,Mentions,26/01/2017 10:36,"Join in
@thexoxoday
@rohanmukherje1
@div_bavishi
@Nirali1217
@vivekvaghela14
@riyushah5
@abhikarmakar_i
@GudeRajkamal
@thesmallapp",,,,26/01/2017 10:36,https://twitter.com/#!/contestadventur/status/824566560350048256,,,8.24567E+17,8.24217E+17
contestadventur,vivekvaghela14,Mentions,26/01/2017 10:36,"Join in
@thexoxoday
@rohanmukherje1
@div_bavishi
@Nirali1217
@vivekvaghela14
@riyushah5
@abhikarmakar_i
@GudeRajkamal
@thesmallapp",,,,26/01/2017 10:36,https://twitter.com/#!/contestadventur/status/824566560350048256,,,8.24567E+17,8.24217E+17
contestadventur,nirali1217,Mentions,26/01/2017 10:36,"Join in
@thexoxoday
@rohanmukherje1
@div_bavishi
@Nirali1217
@vivekvaghela14
@riyushah5
@abhikarmakar_i
@GudeRajkamal
@thesmallapp",,,,26/01/2017 10:36,https://twitter.com/#!/contestadventur/status/824566560350048256,,,8.24567E+17,8.24217E+17
contestadventur,div_bavishi,Mentions,26/01/2017 10:36,"Join in
@thexoxoday
@rohanmukherje1
@div_bavishi
@Nirali1217
@vivekvaghela14
@riyushah5
@abhikarmakar_i
@GudeRajkamal
@thesmallapp",,,,26/01/2017 10:36,https://twitter.com/#!/contestadventur/status/824566560350048256,,,8.24567E+17,8.24217E+17
contestadventur,rohanmukherje1,Mentions,26/01/2017 10:36,"Join in
@thexoxoday
@rohanmukherje1
@div_bavishi
@Nirali1217
@vivekvaghela14
@riyushah5
@abhikarmakar_i
@GudeRajkamal
@thesmallapp",,,,26/01/2017 10:36,https://twitter.com/#!/contestadventur/status/824566560350048256,,,8.24567E+17,8.24217E+17
contestadventur,cutywithbrains,Mentions,26/01/2017 10:37,"Join in
@thexoxoday
@shaikhsarfara1
@riteshgoel_goel
@krngupte6669
@paramjeetkaur11
@kushal_kkb
@contestfreak9
@mainimanish
@CutyWithBrains",,,,26/01/2017 10:37,https://twitter.com/#!/contestadventur/status/824566878664216576,,,8.24567E+17,8.24217E+17
contestadventur,mainimanish,Mentions,26/01/2017 10:37,"Join in
@thexoxoday
@shaikhsarfara1
@riteshgoel_goel
@krngupte6669
@paramjeetkaur11
@kushal_kkb
@contestfreak9
@mainimanish
@CutyWithBrains",,,,26/01/2017 10:37,https://twitter.com/#!/contestadventur/status/824566878664216576,,,8.24567E+17,8.24217E+17
contestadventur,contestfreak9,Mentions,26/01/2017 10:37,"Join in
@thexoxoday
@shaikhsarfara1
@riteshgoel_goel
@krngupte6669
@paramjeetkaur11
@kushal_kkb
@contestfreak9
@mainimanish
@CutyWithBrains",,,,26/01/2017 10:37,https://twitter.com/#!/contestadventur/status/824566878664216576,,,8.24567E+17,8.24217E+17
contestadventur,kushal_kkb,Mentions,26/01/2017 10:37,"Join in
@thexoxoday
@shaikhsarfara1
@riteshgoel_goel
@krngupte6669
@paramjeetkaur11
@kushal_kkb
@contestfreak9
@mainimanish
@CutyWithBrains",,,,26/01/2017 10:37,https://twitter.com/#!/contestadventur/status/824566878664216576,,,8.24567E+17,8.24217E+17
contestadventur,paramjeetkaur11,Mentions,26/01/2017 10:37,"Join in
@thexoxoday
@shaikhsarfara1
@riteshgoel_goel
@krngupte6669
@paramjeetkaur11
@kushal_kkb
@contestfreak9
@mainimanish
@CutyWithBrains",,,,26/01/2017 10:37,https://twitter.com/#!/contestadventur/status/824566878664216576,,,8.24567E+17,8.24217E+17
contestadventur,krngupte6669,Mentions,26/01/2017 10:37,"Join in
@thexoxoday
@shaikhsarfara1
@riteshgoel_goel
@krngupte6669
@paramjeetkaur11
@kushal_kkb
@contestfreak9
@mainimanish
@CutyWithBrains",,,,26/01/2017 10:37,https://twitter.com/#!/contestadventur/status/824566878664216576,,,8.24567E+17,8.24217E+17
contestadventur,riteshgoel_goel,Mentions,26/01/2017 10:37,"Join in
@thexoxoday
@shaikhsarfara1
@riteshgoel_goel
@krngupte6669
@paramjeetkaur11
@kushal_kkb
@contestfreak9
@mainimanish
@CutyWithBrains",,,,26/01/2017 10:37,https://twitter.com/#!/contestadventur/status/824566878664216576,,,8.24567E+17,8.24217E+17
contestadventur,shaikhsarfara1,Mentions,26/01/2017 10:37,"Join in
@thexoxoday
@shaikhsarfara1
@riteshgoel_goel
@krngupte6669
@paramjeetkaur11
@kushal_kkb
@contestfreak9
@mainimanish
@CutyWithBrains",,,,26/01/2017 10:37,https://twitter.com/#!/contestadventur/status/824566878664216576,,,8.24567E+17,8.24217E+17
contestadventur,drjasminemehta,Mentions,26/01/2017 10:41,"Join in
@thexoxoday
@aartee0064
@UjwalAdiga
@patel83527
@marius_spinner
@surbhisharma17
@ramankahlon68
@leoloyal30
@drjasminemehta",,,,26/01/2017 10:41,https://twitter.com/#!/contestadventur/status/824568047545389056,,,8.24568E+17,8.24217E+17
contestadventur,leoloyal30,Mentions,26/01/2017 10:41,"Join in
@thexoxoday
@aartee0064
@UjwalAdiga
@patel83527
@marius_spinner
@surbhisharma17
@ramankahlon68
@leoloyal30
@drjasminemehta",,,,26/01/2017 10:41,https://twitter.com/#!/contestadventur/status/824568047545389056,,,8.24568E+17,8.24217E+17
contestadventur,ramankahlon68,Mentions,26/01/2017 10:41,"Join in
@thexoxoday
@aartee0064
@UjwalAdiga
@patel83527
@marius_spinner
@surbhisharma17
@ramankahlon68
@leoloyal30
@drjasminemehta",,,,26/01/2017 10:41,https://twitter.com/#!/contestadventur/status/824568047545389056,,,8.24568E+17,8.24217E+17
contestadventur,surbhisharma17,Mentions,26/01/2017 10:41,"Join in
@thexoxoday
@aartee0064
@UjwalAdiga
@patel83527
@marius_spinner
@surbhisharma17
@ramankahlon68
@leoloyal30
@drjasminemehta",,,,26/01/2017 10:41,https://twitter.com/#!/contestadventur/status/824568047545389056,,,8.24568E+17,8.24217E+17
contestadventur,marius_spinner,Mentions,26/01/2017 10:41,"Join in
@thexoxoday
@aartee0064
@UjwalAdiga
@patel83527
@marius_spinner
@surbhisharma17
@ramankahlon68
@leoloyal30
@drjasminemehta",,,,26/01/2017 10:41,https://twitter.com/#!/contestadventur/status/824568047545389056,,,8.24568E+17,8.24217E+17
contestadventur,patel83527,Mentions,26/01/2017 10:41,"Join in
@thexoxoday
@aartee0064
@UjwalAdiga
@patel83527
@marius_spinner
@surbhisharma17
@ramankahlon68
@leoloyal30
@drjasminemehta",,,,26/01/2017 10:41,https://twitter.com/#!/contestadventur/status/824568047545389056,,,8.24568E+17,8.24217E+17
contestadventur,ujwaladiga,Mentions,26/01/2017 10:41,"Join in
@thexoxoday
@aartee0064
@UjwalAdiga
@patel83527
@marius_spinner
@surbhisharma17
@ramankahlon68
@leoloyal30
@drjasminemehta",,,,26/01/2017 10:41,https://twitter.com/#!/contestadventur/status/824568047545389056,,,8.24568E+17,8.24217E+17
contestadventur,aartee0064,Mentions,26/01/2017 10:41,"Join in
@thexoxoday
@aartee0064
@UjwalAdiga
@patel83527
@marius_spinner
@surbhisharma17
@ramankahlon68
@leoloyal30
@drjasminemehta",,,,26/01/2017 10:41,https://twitter.com/#!/contestadventur/status/824568047545389056,,,8.24568E+17,8.24217E+17
contestadventur,mesocoool_,Mentions,26/01/2017 10:42,"Join in
@thexoxoday
@impcmaniacruhi
@poison_pankaj
@PristinePrachi
@mrcoolsfan
@krishna1334
@RajshriDesai
@mallangitarun
@MeSoCoool_",,,,26/01/2017 10:42,https://twitter.com/#!/contestadventur/status/824568122241740800,,,8.24568E+17,8.24217E+17
contestadventur,mallangitarun,Mentions,26/01/2017 10:42,"Join in
@thexoxoday
@impcmaniacruhi
@poison_pankaj
@PristinePrachi
@mrcoolsfan
@krishna1334
@RajshriDesai
@mallangitarun
@MeSoCoool_",,,,26/01/2017 10:42,https://twitter.com/#!/contestadventur/status/824568122241740800,,,8.24568E+17,8.24217E+17
contestadventur,rajshridesai,Mentions,26/01/2017 10:42,"Join in
@thexoxoday
@impcmaniacruhi
@poison_pankaj
@PristinePrachi
@mrcoolsfan
@krishna1334
@RajshriDesai
@mallangitarun
@MeSoCoool_",,,,26/01/2017 10:42,https://twitter.com/#!/contestadventur/status/824568122241740800,,,8.24568E+17,8.24217E+17
contestadventur,mrcoolsfan,Mentions,26/01/2017 10:42,"Join in
@thexoxoday
@impcmaniacruhi
@poison_pankaj
@PristinePrachi
@mrcoolsfan
@krishna1334
@RajshriDesai
@mallangitarun
@MeSoCoool_",,,,26/01/2017 10:42,https://twitter.com/#!/contestadventur/status/824568122241740800,,,8.24568E+17,8.24217E+17
contestadventur,pristineprachi,Mentions,26/01/2017 10:42,"Join in
@thexoxoday
@impcmaniacruhi
@poison_pankaj
@PristinePrachi
@mrcoolsfan
@krishna1334
@RajshriDesai
@mallangitarun
@MeSoCoool_",,,,26/01/2017 10:42,https://twitter.com/#!/contestadventur/status/824568122241740800,,,8.24568E+17,8.24217E+17
contestadventur,poison_pankaj,Mentions,26/01/2017 10:42,"Join in
@thexoxoday
@impcmaniacruhi
@poison_pankaj
@PristinePrachi
@mrcoolsfan
@krishna1334
@RajshriDesai
@mallangitarun
@MeSoCoool_",,,,26/01/2017 10:42,https://twitter.com/#!/contestadventur/status/824568122241740800,,,8.24568E+17,8.24217E+17
contestadventur,impcmaniacruhi,Mentions,26/01/2017 10:42,"Join in
@thexoxoday
@impcmaniacruhi
@poison_pankaj
@PristinePrachi
@mrcoolsfan
@krishna1334
@RajshriDesai
@mallangitarun
@MeSoCoool_",,,,26/01/2017 10:42,https://twitter.com/#!/contestadventur/status/824568122241740800,,,8.24568E+17,8.24217E+17
contestadventur,yayam02,Mentions,26/01/2017 10:42,"Join in
@thexoxoday
@meens_m
@pratheeshu1
@PankajSoin
@apoorvapratap
@nihi_p
@jpneo
@poojaalld
@bhelman9
@satyasroy
@siljapillai
@yayam02",,,,26/01/2017 10:42,https://twitter.com/#!/contestadventur/status/824568224222031872,,,8.24568E+17,8.24217E+17
contestadventur,siljapillai,Mentions,26/01/2017 10:42,"Join in
@thexoxoday
@meens_m
@pratheeshu1
@PankajSoin
@apoorvapratap
@nihi_p
@jpneo
@poojaalld
@bhelman9
@satyasroy
@siljapillai
@yayam02",,,,26/01/2017 10:42,https://twitter.com/#!/contestadventur/status/824568224222031872,,,8.24568E+17,8.24217E+17
contestadventur,bhelman9,Mentions,26/01/2017 10:42,"Join in
@thexoxoday
@meens_m
@pratheeshu1
@PankajSoin
@apoorvapratap
@nihi_p
@jpneo
@poojaalld
@bhelman9
@satyasroy
@siljapillai
@yayam02",,,,26/01/2017 10:42,https://twitter.com/#!/contestadventur/status/824568224222031872,,,8.24568E+17,8.24217E+17
contestadventur,poojaalld,Mentions,26/01/2017 10:42,"Join in
@thexoxoday
@meens_m
@pratheeshu1
@PankajSoin
@apoorvapratap
@nihi_p
@jpneo
@poojaalld
@bhelman9
@satyasroy
@siljapillai
@yayam02",,,,26/01/2017 10:42,https://twitter.com/#!/contestadventur/status/824568224222031872,,,8.24568E+17,8.24217E+17
contestadventur,jpneo,Mentions,26/01/2017 10:42,"Join in
@thexoxoday
@meens_m
@pratheeshu1
@PankajSoin
@apoorvapratap
@nihi_p
@jpneo
@poojaalld
@bhelman9
@satyasroy
@siljapillai
@yayam02",,,,26/01/2017 10:42,https://twitter.com/#!/contestadventur/status/824568224222031872,,,8.24568E+17,8.24217E+17
contestadventur,nihi_p,Mentions,26/01/2017 10:42,"Join in
@thexoxoday
@meens_m
@pratheeshu1
@PankajSoin
@apoorvapratap
@nihi_p
@jpneo
@poojaalld
@bhelman9
@satyasroy
@siljapillai
@yayam02",,,,26/01/2017 10:42,https://twitter.com/#!/contestadventur/status/824568224222031872,,,8.24568E+17,8.24217E+17
contestadventur,apoorvapratap,Mentions,26/01/2017 10:42,"Join in
@thexoxoday
@meens_m
@pratheeshu1
@PankajSoin
@apoorvapratap
@nihi_p
@jpneo
@poojaalld
@bhelman9
@satyasroy
@siljapillai
@yayam02",,,,26/01/2017 10:42,https://twitter.com/#!/contestadventur/status/824568224222031872,,,8.24568E+17,8.24217E+17
contestadventur,pankajsoin,Mentions,26/01/2017 10:42,"Join in
@thexoxoday
@meens_m
@pratheeshu1
@PankajSoin
@apoorvapratap
@nihi_p
@jpneo
@poojaalld
@bhelman9
@satyasroy
@siljapillai
@yayam02",,,,26/01/2017 10:42,https://twitter.com/#!/contestadventur/status/824568224222031872,,,8.24568E+17,8.24217E+17
contestadventur,pratheeshu1,Mentions,26/01/2017 10:42,"Join in
@thexoxoday
@meens_m
@pratheeshu1
@PankajSoin
@apoorvapratap
@nihi_p
@jpneo
@poojaalld
@bhelman9
@satyasroy
@siljapillai
@yayam02",,,,26/01/2017 10:42,https://twitter.com/#!/contestadventur/status/824568224222031872,,,8.24568E+17,8.24217E+17
contestadventur,meens_m,Mentions,26/01/2017 10:42,"Join in
@thexoxoday
@meens_m
@pratheeshu1
@PankajSoin
@apoorvapratap
@nihi_p
@jpneo
@poojaalld
@bhelman9
@satyasroy
@siljapillai
@yayam02",,,,26/01/2017 10:42,https://twitter.com/#!/contestadventur/status/824568224222031872,,,8.24568E+17,8.24217E+17
contestadventur,uathiya,Mentions,26/01/2017 10:42,"Join in
@thexoxoday
@arunaverm
@mrbalarawat1
@radha_la
@chiragmafia
@AttitudeTrapped
@nitinsh9637
@Pushpapanwar
@ns46535
@uathiya",,,,26/01/2017 10:42,https://twitter.com/#!/contestadventur/status/824568301913141248,,,8.24568E+17,8.24217E+17
contestadventur,ns46535,Mentions,26/01/2017 10:42,"Join in
@thexoxoday
@arunaverm
@mrbalarawat1
@radha_la
@chiragmafia
@AttitudeTrapped
@nitinsh9637
@Pushpapanwar
@ns46535
@uathiya",,,,26/01/2017 10:42,https://twitter.com/#!/contestadventur/status/824568301913141248,,,8.24568E+17,8.24217E+17
contestadventur,pushpapanwar,Mentions,26/01/2017 10:42,"Join in
@thexoxoday
@arunaverm
@mrbalarawat1
@radha_la
@chiragmafia
@AttitudeTrapped
@nitinsh9637
@Pushpapanwar
@ns46535
@uathiya",,,,26/01/2017 10:42,https://twitter.com/#!/contestadventur/status/824568301913141248,,,8.24568E+17,8.24217E+17
contestadventur,nitinsh9637,Mentions,26/01/2017 10:42,"Join in
@thexoxoday
@arunaverm
@mrbalarawat1
@radha_la
@chiragmafia
@AttitudeTrapped
@nitinsh9637
@Pushpapanwar
@ns46535
@uathiya",,,,26/01/2017 10:42,https://twitter.com/#!/contestadventur/status/824568301913141248,,,8.24568E+17,8.24217E+17
contestadventur,attitudetrapped,Mentions,26/01/2017 10:42,"Join in
@thexoxoday
@arunaverm
@mrbalarawat1
@radha_la
@chiragmafia
@AttitudeTrapped
@nitinsh9637
@Pushpapanwar
@ns46535
@uathiya",,,,26/01/2017 10:42,https://twitter.com/#!/contestadventur/status/824568301913141248,,,8.24568E+17,8.24217E+17
contestadventur,chiragmafia,Mentions,26/01/2017 10:42,"Join in
@thexoxoday
@arunaverm
@mrbalarawat1
@radha_la
@chiragmafia
@AttitudeTrapped
@nitinsh9637
@Pushpapanwar
@ns46535
@uathiya",,,,26/01/2017 10:42,https://twitter.com/#!/contestadventur/status/824568301913141248,,,8.24568E+17,8.24217E+17
contestadventur,radha_la,Mentions,26/01/2017 10:42,"Join in
@thexoxoday
@arunaverm
@mrbalarawat1
@radha_la
@chiragmafia
@AttitudeTrapped
@nitinsh9637
@Pushpapanwar
@ns46535
@uathiya",,,,26/01/2017 10:42,https://twitter.com/#!/contestadventur/status/824568301913141248,,,8.24568E+17,8.24217E+17
contestadventur,mrbalarawat1,Mentions,26/01/2017 10:42,"Join in
@thexoxoday
@arunaverm
@mrbalarawat1
@radha_la
@chiragmafia
@AttitudeTrapped
@nitinsh9637
@Pushpapanwar
@ns46535
@uathiya",,,,26/01/2017 10:42,https://twitter.com/#!/contestadventur/status/824568301913141248,,,8.24568E+17,8.24217E+17
contestadventur,arunaverm,Mentions,26/01/2017 10:42,"Join in
@thexoxoday
@arunaverm
@mrbalarawat1
@radha_la
@chiragmafia
@AttitudeTrapped
@nitinsh9637
@Pushpapanwar
@ns46535
@uathiya",,,,26/01/2017 10:42,https://twitter.com/#!/contestadventur/status/824568301913141248,,,8.24568E+17,8.24217E+17
contestadventur,ps6289,Mentions,26/01/2017 10:43,"Join in
@thexoxoday
@itsmeRaja18
@IamRayence
@Rajakkr2012
@sambit_93
@mahirohit7
@gulati_prachi
@Rahulrahs
@rkalal12095
@ps6289",,,,26/01/2017 10:43,https://twitter.com/#!/contestadventur/status/824568421094264832,,,8.24568E+17,8.24217E+17
contestadventur,rkalal12095,Mentions,26/01/2017 10:43,"Join in
@thexoxoday
@itsmeRaja18
@IamRayence
@Rajakkr2012
@sambit_93
@mahirohit7
@gulati_prachi
@Rahulrahs
@rkalal12095
@ps6289",,,,26/01/2017 10:43,https://twitter.com/#!/contestadventur/status/824568421094264832,,,8.24568E+17,8.24217E+17
contestadventur,rahulrahs,Mentions,26/01/2017 10:43,"Join in
@thexoxoday
@itsmeRaja18
@IamRayence
@Rajakkr2012
@sambit_93
@mahirohit7
@gulati_prachi
@Rahulrahs
@rkalal12095
@ps6289",,,,26/01/2017 10:43,https://twitter.com/#!/contestadventur/status/824568421094264832,,,8.24568E+17,8.24217E+17
contestadventur,gulati_prachi,Mentions,26/01/2017 10:43,"Join in
@thexoxoday
@itsmeRaja18
@IamRayence
@Rajakkr2012
@sambit_93
@mahirohit7
@gulati_prachi
@Rahulrahs
@rkalal12095
@ps6289",,,,26/01/2017 10:43,https://twitter.com/#!/contestadventur/status/824568421094264832,,,8.24568E+17,8.24217E+17
contestadventur,mahirohit7,Mentions,26/01/2017 10:43,"Join in
@thexoxoday
@itsmeRaja18
@IamRayence
@Rajakkr2012
@sambit_93
@mahirohit7
@gulati_prachi
@Rahulrahs
@rkalal12095
@ps6289",,,,26/01/2017 10:43,https://twitter.com/#!/contestadventur/status/824568421094264832,,,8.24568E+17,8.24217E+17
contestadventur,sambit_93,Mentions,26/01/2017 10:43,"Join in
@thexoxoday
@itsmeRaja18
@IamRayence
@Rajakkr2012
@sambit_93
@mahirohit7
@gulati_prachi
@Rahulrahs
@rkalal12095
@ps6289",,,,26/01/2017 10:43,https://twitter.com/#!/contestadventur/status/824568421094264832,,,8.24568E+17,8.24217E+17
contestadventur,rajakkr2012,Mentions,26/01/2017 10:43,"Join in
@thexoxoday
@itsmeRaja18
@IamRayence
@Rajakkr2012
@sambit_93
@mahirohit7
@gulati_prachi
@Rahulrahs
@rkalal12095
@ps6289",,,,26/01/2017 10:43,https://twitter.com/#!/contestadventur/status/824568421094264832,,,8.24568E+17,8.24217E+17
contestadventur,iamrayence,Mentions,26/01/2017 10:43,"Join in
@thexoxoday
@itsmeRaja18
@IamRayence
@Rajakkr2012
@sambit_93
@mahirohit7
@gulati_prachi
@Rahulrahs
@rkalal12095
@ps6289",,,,26/01/2017 10:43,https://twitter.com/#!/contestadventur/status/824568421094264832,,,8.24568E+17,8.24217E+17
contestadventur,itsmeraja18,Mentions,26/01/2017 10:43,"Join in
@thexoxoday
@itsmeRaja18
@IamRayence
@Rajakkr2012
@sambit_93
@mahirohit7
@gulati_prachi
@Rahulrahs
@rkalal12095
@ps6289",,,,26/01/2017 10:43,https://twitter.com/#!/contestadventur/status/824568421094264832,,,8.24568E+17,8.24217E+17
contestadventur,sweepstakesden,Mentions,26/01/2017 10:43,"Join in
@thexoxoday
@Ayushi55555
@piyu196
@jyotishsb
@AmitVishnani1
@atishlohar
@MohsinRazaKazm3
@amit_dhika
@SweepstakesDen",,,,26/01/2017 10:43,https://twitter.com/#!/contestadventur/status/824568495635443713,,,8.24568E+17,8.24217E+17
contestadventur,amit_dhika,Mentions,26/01/2017 10:43,"Join in
@thexoxoday
@Ayushi55555
@piyu196
@jyotishsb
@AmitVishnani1
@atishlohar
@MohsinRazaKazm3
@amit_dhika
@SweepstakesDen",,,,26/01/2017 10:43,https://twitter.com/#!/contestadventur/status/824568495635443713,,,8.24568E+17,8.24217E+17
contestadventur,mohsinrazakazm3,Mentions,26/01/2017 10:43,"Join in
@thexoxoday
@Ayushi55555
@piyu196
@jyotishsb
@AmitVishnani1
@atishlohar
@MohsinRazaKazm3
@amit_dhika
@SweepstakesDen",,,,26/01/2017 10:43,https://twitter.com/#!/contestadventur/status/824568495635443713,,,8.24568E+17,8.24217E+17
contestadventur,atishlohar,Mentions,26/01/2017 10:43,"Join in
@thexoxoday
@Ayushi55555
@piyu196
@jyotishsb
@AmitVishnani1
@atishlohar
@MohsinRazaKazm3
@amit_dhika
@SweepstakesDen",,,,26/01/2017 10:43,https://twitter.com/#!/contestadventur/status/824568495635443713,,,8.24568E+17,8.24217E+17
contestadventur,amitvishnani1,Mentions,26/01/2017 10:43,"Join in
@thexoxoday
@Ayushi55555
@piyu196
@jyotishsb
@AmitVishnani1
@atishlohar
@MohsinRazaKazm3
@amit_dhika
@SweepstakesDen",,,,26/01/2017 10:43,https://twitter.com/#!/contestadventur/status/824568495635443713,,,8.24568E+17,8.24217E+17
contestadventur,jyotishsb,Mentions,26/01/2017 10:43,"Join in
@thexoxoday
@Ayushi55555
@piyu196
@jyotishsb
@AmitVishnani1
@atishlohar
@MohsinRazaKazm3
@amit_dhika
@SweepstakesDen",,,,26/01/2017 10:43,https://twitter.com/#!/contestadventur/status/824568495635443713,,,8.24568E+17,8.24217E+17
contestadventur,piyu196,Mentions,26/01/2017 10:43,"Join in
@thexoxoday
@Ayushi55555
@piyu196
@jyotishsb
@AmitVishnani1
@atishlohar
@MohsinRazaKazm3
@amit_dhika
@SweepstakesDen",,,,26/01/2017 10:43,https://twitter.com/#!/contestadventur/status/824568495635443713,,,8.24568E+17,8.24217E+17
contestadventur,ayushi55555,Mentions,26/01/2017 10:43,"Join in
@thexoxoday
@Ayushi55555
@piyu196
@jyotishsb
@AmitVishnani1
@atishlohar
@MohsinRazaKazm3
@amit_dhika
@SweepstakesDen",,,,26/01/2017 10:43,https://twitter.com/#!/contestadventur/status/824568495635443713,,,8.24568E+17,8.24217E+17
contestadventur,twitteradsin,Mentions,26/01/2017 10:44,"Join in
@thexoxoday
@IamMistahDays
@mannu_blyykmi
@ankibn
@kanchan_dua
@shivaniDhyani
@BandooniPrerna
@harsh9888
@TwitterAdsIN
@ankibn",,,,26/01/2017 10:44,https://twitter.com/#!/contestadventur/status/824568631128322048,,,8.24569E+17,8.24217E+17
contestadventur,harsh9888,Mentions,26/01/2017 10:44,"Join in
@thexoxoday
@IamMistahDays
@mannu_blyykmi
@ankibn
@kanchan_dua
@shivaniDhyani
@BandooniPrerna
@harsh9888
@TwitterAdsIN
@ankibn",,,,26/01/2017 10:44,https://twitter.com/#!/contestadventur/status/824568631128322048,,,8.24569E+17,8.24217E+17
contestadventur,bandooniprerna,Mentions,26/01/2017 10:44,"Join in
@thexoxoday
@IamMistahDays
@mannu_blyykmi
@ankibn
@kanchan_dua
@shivaniDhyani
@BandooniPrerna
@harsh9888
@TwitterAdsIN
@ankibn",,,,26/01/2017 10:44,https://twitter.com/#!/contestadventur/status/824568631128322048,,,8.24569E+17,8.24217E+17
contestadventur,shivanidhyani,Mentions,26/01/2017 10:44,"Join in
@thexoxoday
@IamMistahDays
@mannu_blyykmi
@ankibn
@kanchan_dua
@shivaniDhyani
@BandooniPrerna
@harsh9888
@TwitterAdsIN
@ankibn",,,,26/01/2017 10:44,https://twitter.com/#!/contestadventur/status/824568631128322048,,,8.24569E+17,8.24217E+17
contestadventur,kanchan_dua,Mentions,26/01/2017 10:44,"Join in
@thexoxoday
@IamMistahDays
@mannu_blyykmi
@ankibn
@kanchan_dua
@shivaniDhyani
@BandooniPrerna
@harsh9888
@TwitterAdsIN
@ankibn",,,,26/01/2017 10:44,https://twitter.com/#!/contestadventur/status/824568631128322048,,,8.24569E+17,8.24217E+17
contestadventur,ankibn,Mentions,26/01/2017 10:44,"Join in
@thexoxoday
@IamMistahDays
@mannu_blyykmi
@ankibn
@kanchan_dua
@shivaniDhyani
@BandooniPrerna
@harsh9888
@TwitterAdsIN
@ankibn",,,,26/01/2017 10:44,https://twitter.com/#!/contestadventur/status/824568631128322048,,,8.24569E+17,8.24217E+17
contestadventur,mannu_blyykmi,Mentions,26/01/2017 10:44,"Join in
@thexoxoday
@IamMistahDays
@mannu_blyykmi
@ankibn
@kanchan_dua
@shivaniDhyani
@BandooniPrerna
@harsh9888
@TwitterAdsIN
@ankibn",,,,26/01/2017 10:44,https://twitter.com/#!/contestadventur/status/824568631128322048,,,8.24569E+17,8.24217E+17
contestadventur,iammistahdays,Mentions,26/01/2017 10:44,"Join in
@thexoxoday
@IamMistahDays
@mannu_blyykmi
@ankibn
@kanchan_dua
@shivaniDhyani
@BandooniPrerna
@harsh9888
@TwitterAdsIN
@ankibn",,,,26/01/2017 10:44,https://twitter.com/#!/contestadventur/status/824568631128322048,,,8.24569E+17,8.24217E+17
contestadventur,chinnanaik,Mentions,26/01/2017 10:44,"Join in
@thexoxoday
@amrish1414
@swapnilpshelar2
@Saralpatil
@SarthakDey4
@PatelSaral007
@Rajpaswan85
@AjayGrover29
@libran12003
@chinnanaik",,,,26/01/2017 10:44,https://twitter.com/#!/contestadventur/status/824568722299817984,,,8.24569E+17,8.24217E+17
contestadventur,libran12003,Mentions,26/01/2017 10:44,"Join in
@thexoxoday
@amrish1414
@swapnilpshelar2
@Saralpatil
@SarthakDey4
@PatelSaral007
@Rajpaswan85
@AjayGrover29
@libran12003
@chinnanaik",,,,26/01/2017 10:44,https://twitter.com/#!/contestadventur/status/824568722299817984,,,8.24569E+17,8.24217E+17
contestadventur,ajaygrover29,Mentions,26/01/2017 10:44,"Join in
@thexoxoday
@amrish1414
@swapnilpshelar2
@Saralpatil
@SarthakDey4
@PatelSaral007
@Rajpaswan85
@AjayGrover29
@libran12003
@chinnanaik",,,,26/01/2017 10:44,https://twitter.com/#!/contestadventur/status/824568722299817984,,,8.24569E+17,8.24217E+17
contestadventur,rajpaswan85,Mentions,26/01/2017 10:44,"Join in
@thexoxoday
@amrish1414
@swapnilpshelar2
@Saralpatil
@SarthakDey4
@PatelSaral007
@Rajpaswan85
@AjayGrover29
@libran12003
@chinnanaik",,,,26/01/2017 10:44,https://twitter.com/#!/contestadventur/status/824568722299817984,,,8.24569E+17,8.24217E+17
contestadventur,sarthakdey4,Mentions,26/01/2017 10:44,"Join in
@thexoxoday
@amrish1414
@swapnilpshelar2
@Saralpatil
@SarthakDey4
@PatelSaral007
@Rajpaswan85
@AjayGrover29
@libran12003
@chinnanaik",,,,26/01/2017 10:44,https://twitter.com/#!/contestadventur/status/824568722299817984,,,8.24569E+17,8.24217E+17
contestadventur,saralpatil,Mentions,26/01/2017 10:44,"Join in
@thexoxoday
@amrish1414
@swapnilpshelar2
@Saralpatil
@SarthakDey4
@PatelSaral007
@Rajpaswan85
@AjayGrover29
@libran12003
@chinnanaik",,,,26/01/2017 10:44,https://twitter.com/#!/contestadventur/status/824568722299817984,,,8.24569E+17,8.24217E+17
contestadventur,swapnilpshelar2,Mentions,26/01/2017 10:44,"Join in
@thexoxoday
@amrish1414
@swapnilpshelar2
@Saralpatil
@SarthakDey4
@PatelSaral007
@Rajpaswan85
@AjayGrover29
@libran12003
@chinnanaik",,,,26/01/2017 10:44,https://twitter.com/#!/contestadventur/status/824568722299817984,,,8.24569E+17,8.24217E+17
contestadventur,amrish1414,Mentions,26/01/2017 10:44,"Join in
@thexoxoday
@amrish1414
@swapnilpshelar2
@Saralpatil
@SarthakDey4
@PatelSaral007
@Rajpaswan85
@AjayGrover29
@libran12003
@chinnanaik",,,,26/01/2017 10:44,https://twitter.com/#!/contestadventur/status/824568722299817984,,,8.24569E+17,8.24217E+17
contestadventur,sheetalkapur1,Mentions,26/01/2017 10:44,"Join in
@thexoxoday
@RTadepally
@damosat95
@Suchi_1435
@AficionadoYash
@umeshkumar874
@PseudoSarcastic
@OfficialRicha18
@SheetalKapur1",,,,26/01/2017 10:44,https://twitter.com/#!/contestadventur/status/824568808090193920,,,8.24569E+17,8.24217E+17
contestadventur,officialricha18,Mentions,26/01/2017 10:44,"Join in
@thexoxoday
@RTadepally
@damosat95
@Suchi_1435
@AficionadoYash
@umeshkumar874
@PseudoSarcastic
@OfficialRicha18
@SheetalKapur1",,,,26/01/2017 10:44,https://twitter.com/#!/contestadventur/status/824568808090193920,,,8.24569E+17,8.24217E+17
contestadventur,pseudosarcastic,Mentions,26/01/2017 10:44,"Join in
@thexoxoday
@RTadepally
@damosat95
@Suchi_1435
@AficionadoYash
@umeshkumar874
@PseudoSarcastic
@OfficialRicha18
@SheetalKapur1",,,,26/01/2017 10:44,https://twitter.com/#!/contestadventur/status/824568808090193920,,,8.24569E+17,8.24217E+17
contestadventur,umeshkumar874,Mentions,26/01/2017 10:44,"Join in
@thexoxoday
@RTadepally
@damosat95
@Suchi_1435
@AficionadoYash
@umeshkumar874
@PseudoSarcastic
@OfficialRicha18
@SheetalKapur1",,,,26/01/2017 10:44,https://twitter.com/#!/contestadventur/status/824568808090193920,,,8.24569E+17,8.24217E+17
contestadventur,aficionadoyash,Mentions,26/01/2017 10:44,"Join in
@thexoxoday
@RTadepally
@damosat95
@Suchi_1435
@AficionadoYash
@umeshkumar874
@PseudoSarcastic
@OfficialRicha18
@SheetalKapur1",,,,26/01/2017 10:44,https://twitter.com/#!/contestadventur/status/824568808090193920,,,8.24569E+17,8.24217E+17
contestadventur,suchi_1435,Mentions,26/01/2017 10:44,"Join in
@thexoxoday
@RTadepally
@damosat95
@Suchi_1435
@AficionadoYash
@umeshkumar874
@PseudoSarcastic
@OfficialRicha18
@SheetalKapur1",,,,26/01/2017 10:44,https://twitter.com/#!/contestadventur/status/824568808090193920,,,8.24569E+17,8.24217E+17
contestadventur,damosat95,Mentions,26/01/2017 10:44,"Join in
@thexoxoday
@RTadepally
@damosat95
@Suchi_1435
@AficionadoYash
@umeshkumar874
@PseudoSarcastic
@OfficialRicha18
@SheetalKapur1",,,,26/01/2017 10:44,https://twitter.com/#!/contestadventur/status/824568808090193920,,,8.24569E+17,8.24217E+17
rtadepally,ekta_k88,Mentions,26/01/2017 06:33,RT @KARRIVINODKUMAR: @thexoxoday Here is my entry!@RTadepally u r choice.Hi @RTadepally @piyushpuri12 @IrinRinki @ekta_k88 @Manaal_M16 foll…,,,,26/01/2017 06:33,https://twitter.com/#!/rtadepally/status/824505607629766656,,,8.24506E+17,
rtadepally,thexoxoday,Mentions,26/01/2017 06:33,RT @KARRIVINODKUMAR: @thexoxoday Here is my entry!@RTadepally u r choice.Hi @RTadepally @piyushpuri12 @IrinRinki @ekta_k88 @Manaal_M16 foll…,,,,26/01/2017 06:33,https://twitter.com/#!/rtadepally/status/824505607629766656,,,8.24506E+17,
contestadventur,rtadepally,Mentions,26/01/2017 10:44,"Join in
@thexoxoday
@RTadepally
@damosat95
@Suchi_1435
@AficionadoYash
@umeshkumar874
@PseudoSarcastic
@OfficialRicha18
@SheetalKapur1",,,,26/01/2017 10:44,https://twitter.com/#!/contestadventur/status/824568808090193920,,,8.24569E+17,8.24217E+17
contestadventur,parulgrover1983,Mentions,26/01/2017 10:45,"Join in
@thexoxoday
@nishajg
@ankitlunia2011
@Parsahiya
@rohitneema3
@tamannagoel
@ashishgoyal82
@hetalrawat
@bjrawat
@parulgrover1983",,,,26/01/2017 10:45,https://twitter.com/#!/contestadventur/status/824568876281131009,,,8.24569E+17,8.24217E+17
contestadventur,bjrawat,Mentions,26/01/2017 10:45,"Join in
@thexoxoday
@nishajg
@ankitlunia2011
@Parsahiya
@rohitneema3
@tamannagoel
@ashishgoyal82
@hetalrawat
@bjrawat
@parulgrover1983",,,,26/01/2017 10:45,https://twitter.com/#!/contestadventur/status/824568876281131009,,,8.24569E+17,8.24217E+17
contestadventur,ashishgoyal82,Mentions,26/01/2017 10:45,"Join in
@thexoxoday
@nishajg
@ankitlunia2011
@Parsahiya
@rohitneema3
@tamannagoel
@ashishgoyal82
@hetalrawat
@bjrawat
@parulgrover1983",,,,26/01/2017 10:45,https://twitter.com/#!/contestadventur/status/824568876281131009,,,8.24569E+17,8.24217E+17
contestadventur,tamannagoel,Mentions,26/01/2017 10:45,"Join in
@thexoxoday
@nishajg
@ankitlunia2011
@Parsahiya
@rohitneema3
@tamannagoel
@ashishgoyal82
@hetalrawat
@bjrawat
@parulgrover1983",,,,26/01/2017 10:45,https://twitter.com/#!/contestadventur/status/824568876281131009,,,8.24569E+17,8.24217E+17
contestadventur,rohitneema3,Mentions,26/01/2017 10:45,"Join in
@thexoxoday
@nishajg
@ankitlunia2011
@Parsahiya
@rohitneema3
@tamannagoel
@ashishgoyal82
@hetalrawat
@bjrawat
@parulgrover1983",,,,26/01/2017 10:45,https://twitter.com/#!/contestadventur/status/824568876281131009,,,8.24569E+17,8.24217E+17
contestadventur,parsahiya,Mentions,26/01/2017 10:45,"Join in
@thexoxoday
@nishajg
@ankitlunia2011
@Parsahiya
@rohitneema3
@tamannagoel
@ashishgoyal82
@hetalrawat
@bjrawat
@parulgrover1983",,,,26/01/2017 10:45,https://twitter.com/#!/contestadventur/status/824568876281131009,,,8.24569E+17,8.24217E+17
contestadventur,ankitlunia2011,Mentions,26/01/2017 10:45,"Join in
@thexoxoday
@nishajg
@ankitlunia2011
@Parsahiya
@rohitneema3
@tamannagoel
@ashishgoyal82
@hetalrawat
@bjrawat
@parulgrover1983",,,,26/01/2017 10:45,https://twitter.com/#!/contestadventur/status/824568876281131009,,,8.24569E+17,8.24217E+17
imbevda,nishajg,Mentions,25/01/2017 13:34,@thexoxoday yaay @nishajg @Sonalify @capersrouge @iamyugandhara @aadiivaasii,,,,25/01/2017 13:34,https://twitter.com/#!/imbevda/status/824249038518173697,,,8.24249E+17,8.24231E+17
imbevda,nishajg,Mentions,25/01/2017 14:16,"@thexoxoday I would love to join with wife @iamyugandhara 
@nishajg @A2Afreen @Sonalify @capersrouge @saraf_silky",,,,25/01/2017 14:16,https://twitter.com/#!/imbevda/status/824259587427553280,,,8.2426E+17,8.24217E+17
contestadventur,nishajg,Mentions,26/01/2017 10:45,"Join in
@thexoxoday
@nishajg
@ankitlunia2011
@Parsahiya
@rohitneema3
@tamannagoel
@ashishgoyal82
@hetalrawat
@bjrawat
@parulgrover1983",,,,26/01/2017 10:45,https://twitter.com/#!/contestadventur/status/824568876281131009,,,8.24569E+17,8.24217E+17
contestadventur,melika_shafaee,Mentions,26/01/2017 10:45,"Join in
@thexoxoday
@AdeebaShah
@UN
@TheBOSSofStress
@UCHECHU41588240
@Amaka_Ekwo
@humans
@hrw
@Herobright2
@Zendaya
@melika_shafaee",,,,26/01/2017 10:45,https://twitter.com/#!/contestadventur/status/824568997081329668,,,8.24569E+17,8.24217E+17
contestadventur,zendaya,Mentions,26/01/2017 10:45,"Join in
@thexoxoday
@AdeebaShah
@UN
@TheBOSSofStress
@UCHECHU41588240
@Amaka_Ekwo
@humans
@hrw
@Herobright2
@Zendaya
@melika_shafaee",,,,26/01/2017 10:45,https://twitter.com/#!/contestadventur/status/824568997081329668,,,8.24569E+17,8.24217E+17
contestadventur,herobright2,Mentions,26/01/2017 10:45,"Join in
@thexoxoday
@AdeebaShah
@UN
@TheBOSSofStress
@UCHECHU41588240
@Amaka_Ekwo
@humans
@hrw
@Herobright2
@Zendaya
@melika_shafaee",,,,26/01/2017 10:45,https://twitter.com/#!/contestadventur/status/824568997081329668,,,8.24569E+17,8.24217E+17
contestadventur,hrw,Mentions,26/01/2017 10:45,"Join in
@thexoxoday
@AdeebaShah
@UN
@TheBOSSofStress
@UCHECHU41588240
@Amaka_Ekwo
@humans
@hrw
@Herobright2
@Zendaya
@melika_shafaee",,,,26/01/2017 10:45,https://twitter.com/#!/contestadventur/status/824568997081329668,,,8.24569E+17,8.24217E+17
contestadventur,humans,Mentions,26/01/2017 10:45,"Join in
@thexoxoday
@AdeebaShah
@UN
@TheBOSSofStress
@UCHECHU41588240
@Amaka_Ekwo
@humans
@hrw
@Herobright2
@Zendaya
@melika_shafaee",,,,26/01/2017 10:45,https://twitter.com/#!/contestadventur/status/824568997081329668,,,8.24569E+17,8.24217E+17
contestadventur,amaka_ekwo,Mentions,26/01/2017 10:45,"Join in
@thexoxoday
@AdeebaShah
@UN
@TheBOSSofStress
@UCHECHU41588240
@Amaka_Ekwo
@humans
@hrw
@Herobright2
@Zendaya
@melika_shafaee",,,,26/01/2017 10:45,https://twitter.com/#!/contestadventur/status/824568997081329668,,,8.24569E+17,8.24217E+17
contestadventur,uchechu41588240,Mentions,26/01/2017 10:45,"Join in
@thexoxoday
@AdeebaShah
@UN
@TheBOSSofStress
@UCHECHU41588240
@Amaka_Ekwo
@humans
@hrw
@Herobright2
@Zendaya
@melika_shafaee",,,,26/01/2017 10:45,https://twitter.com/#!/contestadventur/status/824568997081329668,,,8.24569E+17,8.24217E+17
contestadventur,thebossofstress,Mentions,26/01/2017 10:45,"Join in
@thexoxoday
@AdeebaShah
@UN
@TheBOSSofStress
@UCHECHU41588240
@Amaka_Ekwo
@humans
@hrw
@Herobright2
@Zendaya
@melika_shafaee",,,,26/01/2017 10:45,https://twitter.com/#!/contestadventur/status/824568997081329668,,,8.24569E+17,8.24217E+17
contestadventur,un,Mentions,26/01/2017 10:45,"Join in
@thexoxoday
@AdeebaShah
@UN
@TheBOSSofStress
@UCHECHU41588240
@Amaka_Ekwo
@humans
@hrw
@Herobright2
@Zendaya
@melika_shafaee",,,,26/01/2017 10:45,https://twitter.com/#!/contestadventur/status/824568997081329668,,,8.24569E+17,8.24217E+17
contestadventur,adeebashah,Mentions,26/01/2017 10:45,"Join in
@thexoxoday
@AdeebaShah
@UN
@TheBOSSofStress
@UCHECHU41588240
@Amaka_Ekwo
@humans
@hrw
@Herobright2
@Zendaya
@melika_shafaee",,,,26/01/2017 10:45,https://twitter.com/#!/contestadventur/status/824568997081329668,,,8.24569E+17,8.24217E+17
contestadventur,habsburgmena,Mentions,26/01/2017 10:46,"Join in
@thexoxoday
@unhumanrights
@amnestypress
@EmekaGift
@Johnkamau7
@CassidyRaeWilso
@Shakira
@HmyarMgs
@UNICEF
@julienmh
@HabsburgMena",,,,26/01/2017 10:46,https://twitter.com/#!/contestadventur/status/824569108100378624,,,8.24569E+17,8.24217E+17
contestadventur,julienmh,Mentions,26/01/2017 10:46,"Join in
@thexoxoday
@unhumanrights
@amnestypress
@EmekaGift
@Johnkamau7
@CassidyRaeWilso
@Shakira
@HmyarMgs
@UNICEF
@julienmh
@HabsburgMena",,,,26/01/2017 10:46,https://twitter.com/#!/contestadventur/status/824569108100378624,,,8.24569E+17,8.24217E+17
contestadventur,unicef,Mentions,26/01/2017 10:46,"Join in
@thexoxoday
@unhumanrights
@amnestypress
@EmekaGift
@Johnkamau7
@CassidyRaeWilso
@Shakira
@HmyarMgs
@UNICEF
@julienmh
@HabsburgMena",,,,26/01/2017 10:46,https://twitter.com/#!/contestadventur/status/824569108100378624,,,8.24569E+17,8.24217E+17
contestadventur,hmyarmgs,Mentions,26/01/2017 10:46,"Join in
@thexoxoday
@unhumanrights
@amnestypress
@EmekaGift
@Johnkamau7
@CassidyRaeWilso
@Shakira
@HmyarMgs
@UNICEF
@julienmh
@HabsburgMena",,,,26/01/2017 10:46,https://twitter.com/#!/contestadventur/status/824569108100378624,,,8.24569E+17,8.24217E+17
contestadventur,shakira,Mentions,26/01/2017 10:46,"Join in
@thexoxoday
@unhumanrights
@amnestypress
@EmekaGift
@Johnkamau7
@CassidyRaeWilso
@Shakira
@HmyarMgs
@UNICEF
@julienmh
@HabsburgMena",,,,26/01/2017 10:46,https://twitter.com/#!/contestadventur/status/824569108100378624,,,8.24569E+17,8.24217E+17
contestadventur,cassidyraewilso,Mentions,26/01/2017 10:46,"Join in
@thexoxoday
@unhumanrights
@amnestypress
@EmekaGift
@Johnkamau7
@CassidyRaeWilso
@Shakira
@HmyarMgs
@UNICEF
@julienmh
@HabsburgMena",,,,26/01/2017 10:46,https://twitter.com/#!/contestadventur/status/824569108100378624,,,8.24569E+17,8.24217E+17
contestadventur,johnkamau7,Mentions,26/01/2017 10:46,"Join in
@thexoxoday
@unhumanrights
@amnestypress
@EmekaGift
@Johnkamau7
@CassidyRaeWilso
@Shakira
@HmyarMgs
@UNICEF
@julienmh
@HabsburgMena",,,,26/01/2017 10:46,https://twitter.com/#!/contestadventur/status/824569108100378624,,,8.24569E+17,8.24217E+17
contestadventur,emekagift,Mentions,26/01/2017 10:46,"Join in
@thexoxoday
@unhumanrights
@amnestypress
@EmekaGift
@Johnkamau7
@CassidyRaeWilso
@Shakira
@HmyarMgs
@UNICEF
@julienmh
@HabsburgMena",,,,26/01/2017 10:46,https://twitter.com/#!/contestadventur/status/824569108100378624,,,8.24569E+17,8.24217E+17
contestadventur,amnestypress,Mentions,26/01/2017 10:46,"Join in
@thexoxoday
@unhumanrights
@amnestypress
@EmekaGift
@Johnkamau7
@CassidyRaeWilso
@Shakira
@HmyarMgs
@UNICEF
@julienmh
@HabsburgMena",,,,26/01/2017 10:46,https://twitter.com/#!/contestadventur/status/824569108100378624,,,8.24569E+17,8.24217E+17
contestadventur,unhumanrights,Mentions,26/01/2017 10:46,"Join in
@thexoxoday
@unhumanrights
@amnestypress
@EmekaGift
@Johnkamau7
@CassidyRaeWilso
@Shakira
@HmyarMgs
@UNICEF
@julienmh
@HabsburgMena",,,,26/01/2017 10:46,https://twitter.com/#!/contestadventur/status/824569108100378624,,,8.24569E+17,8.24217E+17
contestadventur,markplimsoll,Mentions,26/01/2017 10:46,"Join in
@thexoxoday
@BBC
@AJENews
@Teelin
@marten_anita
@BullrushGeorge
@iamani24
@Kimmaree13
@pguragain
@RHoijtink
@markplimsoll",,,,26/01/2017 10:46,https://twitter.com/#!/contestadventur/status/824569177637687296,,,8.24569E+17,8.24217E+17
contestadventur,rhoijtink,Mentions,26/01/2017 10:46,"Join in
@thexoxoday
@BBC
@AJENews
@Teelin
@marten_anita
@BullrushGeorge
@iamani24
@Kimmaree13
@pguragain
@RHoijtink
@markplimsoll",,,,26/01/2017 10:46,https://twitter.com/#!/contestadventur/status/824569177637687296,,,8.24569E+17,8.24217E+17
contestadventur,pguragain,Mentions,26/01/2017 10:46,"Join in
@thexoxoday
@BBC
@AJENews
@Teelin
@marten_anita
@BullrushGeorge
@iamani24
@Kimmaree13
@pguragain
@RHoijtink
@markplimsoll",,,,26/01/2017 10:46,https://twitter.com/#!/contestadventur/status/824569177637687296,,,8.24569E+17,8.24217E+17
contestadventur,kimmaree13,Mentions,26/01/2017 10:46,"Join in
@thexoxoday
@BBC
@AJENews
@Teelin
@marten_anita
@BullrushGeorge
@iamani24
@Kimmaree13
@pguragain
@RHoijtink
@markplimsoll",,,,26/01/2017 10:46,https://twitter.com/#!/contestadventur/status/824569177637687296,,,8.24569E+17,8.24217E+17
contestadventur,iamani24,Mentions,26/01/2017 10:46,"Join in
@thexoxoday
@BBC
@AJENews
@Teelin
@marten_anita
@BullrushGeorge
@iamani24
@Kimmaree13
@pguragain
@RHoijtink
@markplimsoll",,,,26/01/2017 10:46,https://twitter.com/#!/contestadventur/status/824569177637687296,,,8.24569E+17,8.24217E+17
contestadventur,bullrushgeorge,Mentions,26/01/2017 10:46,"Join in
@thexoxoday
@BBC
@AJENews
@Teelin
@marten_anita
@BullrushGeorge
@iamani24
@Kimmaree13
@pguragain
@RHoijtink
@markplimsoll",,,,26/01/2017 10:46,https://twitter.com/#!/contestadventur/status/824569177637687296,,,8.24569E+17,8.24217E+17
contestadventur,marten_anita,Mentions,26/01/2017 10:46,"Join in
@thexoxoday
@BBC
@AJENews
@Teelin
@marten_anita
@BullrushGeorge
@iamani24
@Kimmaree13
@pguragain
@RHoijtink
@markplimsoll",,,,26/01/2017 10:46,https://twitter.com/#!/contestadventur/status/824569177637687296,,,8.24569E+17,8.24217E+17
contestadventur,teelin,Mentions,26/01/2017 10:46,"Join in
@thexoxoday
@BBC
@AJENews
@Teelin
@marten_anita
@BullrushGeorge
@iamani24
@Kimmaree13
@pguragain
@RHoijtink
@markplimsoll",,,,26/01/2017 10:46,https://twitter.com/#!/contestadventur/status/824569177637687296,,,8.24569E+17,8.24217E+17
contestadventur,ajenews,Mentions,26/01/2017 10:46,"Join in
@thexoxoday
@BBC
@AJENews
@Teelin
@marten_anita
@BullrushGeorge
@iamani24
@Kimmaree13
@pguragain
@RHoijtink
@markplimsoll",,,,26/01/2017 10:46,https://twitter.com/#!/contestadventur/status/824569177637687296,,,8.24569E+17,8.24217E+17
contestadventur,bbc,Mentions,26/01/2017 10:46,"Join in
@thexoxoday
@BBC
@AJENews
@Teelin
@marten_anita
@BullrushGeorge
@iamani24
@Kimmaree13
@pguragain
@RHoijtink
@markplimsoll",,,,26/01/2017 10:46,https://twitter.com/#!/contestadventur/status/824569177637687296,,,8.24569E+17,8.24217E+17
contestadventur,unicef_yemen,Mentions,26/01/2017 10:46,"Join in
@thexoxoday
@AguilarFlor62
@ArayaAfro
@himanshu_rawal5
@narendramodi
@LOVELETTERS0716
@Pinni_Jagdeesh
@PMOIndia
@UNICEF_Yemen",,,,26/01/2017 10:46,https://twitter.com/#!/contestadventur/status/824569267840442368,,,8.24569E+17,8.24217E+17
contestadventur,pmoindia,Mentions,26/01/2017 10:46,"Join in
@thexoxoday
@AguilarFlor62
@ArayaAfro
@himanshu_rawal5
@narendramodi
@LOVELETTERS0716
@Pinni_Jagdeesh
@PMOIndia
@UNICEF_Yemen",,,,26/01/2017 10:46,https://twitter.com/#!/contestadventur/status/824569267840442368,,,8.24569E+17,8.24217E+17
contestadventur,pinni_jagdeesh,Mentions,26/01/2017 10:46,"Join in
@thexoxoday
@AguilarFlor62
@ArayaAfro
@himanshu_rawal5
@narendramodi
@LOVELETTERS0716
@Pinni_Jagdeesh
@PMOIndia
@UNICEF_Yemen",,,,26/01/2017 10:46,https://twitter.com/#!/contestadventur/status/824569267840442368,,,8.24569E+17,8.24217E+17
contestadventur,loveletters0716,Mentions,26/01/2017 10:46,"Join in
@thexoxoday
@AguilarFlor62
@ArayaAfro
@himanshu_rawal5
@narendramodi
@LOVELETTERS0716
@Pinni_Jagdeesh
@PMOIndia
@UNICEF_Yemen",,,,26/01/2017 10:46,https://twitter.com/#!/contestadventur/status/824569267840442368,,,8.24569E+17,8.24217E+17
contestadventur,narendramodi,Mentions,26/01/2017 10:46,"Join in
@thexoxoday
@AguilarFlor62
@ArayaAfro
@himanshu_rawal5
@narendramodi
@LOVELETTERS0716
@Pinni_Jagdeesh
@PMOIndia
@UNICEF_Yemen",,,,26/01/2017 10:46,https://twitter.com/#!/contestadventur/status/824569267840442368,,,8.24569E+17,8.24217E+17
contestadventur,himanshu_rawal5,Mentions,26/01/2017 10:46,"Join in
@thexoxoday
@AguilarFlor62
@ArayaAfro
@himanshu_rawal5
@narendramodi
@LOVELETTERS0716
@Pinni_Jagdeesh
@PMOIndia
@UNICEF_Yemen",,,,26/01/2017 10:46,https://twitter.com/#!/contestadventur/status/824569267840442368,,,8.24569E+17,8.24217E+17
contestadventur,arayaafro,Mentions,26/01/2017 10:46,"Join in
@thexoxoday
@AguilarFlor62
@ArayaAfro
@himanshu_rawal5
@narendramodi
@LOVELETTERS0716
@Pinni_Jagdeesh
@PMOIndia
@UNICEF_Yemen",,,,26/01/2017 10:46,https://twitter.com/#!/contestadventur/status/824569267840442368,,,8.24569E+17,8.24217E+17
contestadventur,aguilarflor62,Mentions,26/01/2017 10:46,"Join in
@thexoxoday
@AguilarFlor62
@ArayaAfro
@himanshu_rawal5
@narendramodi
@LOVELETTERS0716
@Pinni_Jagdeesh
@PMOIndia
@UNICEF_Yemen",,,,26/01/2017 10:46,https://twitter.com/#!/contestadventur/status/824569267840442368,,,8.24569E+17,8.24217E+17
contestadventur,annidaulya,Mentions,26/01/2017 10:47,"Join in
@thexoxoday
@Walid_Alahwazi
@bitterlily22
@StayHealthy_hsb
@ChukwudiPhilip3
@michael_432
@mahdadparvizi
@Immazion2
@annidaulya",,,,26/01/2017 10:47,https://twitter.com/#!/contestadventur/status/824569348488507392,,,8.24569E+17,8.24217E+17
contestadventur,immazion2,Mentions,26/01/2017 10:47,"Join in
@thexoxoday
@Walid_Alahwazi
@bitterlily22
@StayHealthy_hsb
@ChukwudiPhilip3
@michael_432
@mahdadparvizi
@Immazion2
@annidaulya",,,,26/01/2017 10:47,https://twitter.com/#!/contestadventur/status/824569348488507392,,,8.24569E+17,8.24217E+17
contestadventur,mahdadparvizi,Mentions,26/01/2017 10:47,"Join in
@thexoxoday
@Walid_Alahwazi
@bitterlily22
@StayHealthy_hsb
@ChukwudiPhilip3
@michael_432
@mahdadparvizi
@Immazion2
@annidaulya",,,,26/01/2017 10:47,https://twitter.com/#!/contestadventur/status/824569348488507392,,,8.24569E+17,8.24217E+17
contestadventur,michael_432,Mentions,26/01/2017 10:47,"Join in
@thexoxoday
@Walid_Alahwazi
@bitterlily22
@StayHealthy_hsb
@ChukwudiPhilip3
@michael_432
@mahdadparvizi
@Immazion2
@annidaulya",,,,26/01/2017 10:47,https://twitter.com/#!/contestadventur/status/824569348488507392,,,8.24569E+17,8.24217E+17
contestadventur,chukwudiphilip3,Mentions,26/01/2017 10:47,"Join in
@thexoxoday
@Walid_Alahwazi
@bitterlily22
@StayHealthy_hsb
@ChukwudiPhilip3
@michael_432
@mahdadparvizi
@Immazion2
@annidaulya",,,,26/01/2017 10:47,https://twitter.com/#!/contestadventur/status/824569348488507392,,,8.24569E+17,8.24217E+17
contestadventur,stayhealthy_hsb,Mentions,26/01/2017 10:47,"Join in
@thexoxoday
@Walid_Alahwazi
@bitterlily22
@StayHealthy_hsb
@ChukwudiPhilip3
@michael_432
@mahdadparvizi
@Immazion2
@annidaulya",,,,26/01/2017 10:47,https://twitter.com/#!/contestadventur/status/824569348488507392,,,8.24569E+17,8.24217E+17
contestadventur,bitterlily22,Mentions,26/01/2017 10:47,"Join in
@thexoxoday
@Walid_Alahwazi
@bitterlily22
@StayHealthy_hsb
@ChukwudiPhilip3
@michael_432
@mahdadparvizi
@Immazion2
@annidaulya",,,,26/01/2017 10:47,https://twitter.com/#!/contestadventur/status/824569348488507392,,,8.24569E+17,8.24217E+17
contestadventur,walid_alahwazi,Mentions,26/01/2017 10:47,"Join in
@thexoxoday
@Walid_Alahwazi
@bitterlily22
@StayHealthy_hsb
@ChukwudiPhilip3
@michael_432
@mahdadparvizi
@Immazion2
@annidaulya",,,,26/01/2017 10:47,https://twitter.com/#!/contestadventur/status/824569348488507392,,,8.24569E+17,8.24217E+17
contestadventur,gattaphoto,Mentions,26/01/2017 10:47,"Join in
@thexoxoday
@muhammadiyah
@worldscouting
@RealVIXX
@erickcardenas10
@allaboutiran
@albertbazile
@DeliriousTD
@WhiteHouse
@gattaphoto",,,,26/01/2017 10:47,https://twitter.com/#!/contestadventur/status/824569488783716352,,,8.24569E+17,8.24217E+17
contestadventur,whitehouse,Mentions,26/01/2017 10:47,"Join in
@thexoxoday
@muhammadiyah
@worldscouting
@RealVIXX
@erickcardenas10
@allaboutiran
@albertbazile
@DeliriousTD
@WhiteHouse
@gattaphoto",,,,26/01/2017 10:47,https://twitter.com/#!/contestadventur/status/824569488783716352,,,8.24569E+17,8.24217E+17
contestadventur,delirioustd,Mentions,26/01/2017 10:47,"Join in
@thexoxoday
@muhammadiyah
@worldscouting
@RealVIXX
@erickcardenas10
@allaboutiran
@albertbazile
@DeliriousTD
@WhiteHouse
@gattaphoto",,,,26/01/2017 10:47,https://twitter.com/#!/contestadventur/status/824569488783716352,,,8.24569E+17,8.24217E+17
contestadventur,albertbazile,Mentions,26/01/2017 10:47,"Join in
@thexoxoday
@muhammadiyah
@worldscouting
@RealVIXX
@erickcardenas10
@allaboutiran
@albertbazile
@DeliriousTD
@WhiteHouse
@gattaphoto",,,,26/01/2017 10:47,https://twitter.com/#!/contestadventur/status/824569488783716352,,,8.24569E+17,8.24217E+17
contestadventur,allaboutiran,Mentions,26/01/2017 10:47,"Join in
@thexoxoday
@muhammadiyah
@worldscouting
@RealVIXX
@erickcardenas10
@allaboutiran
@albertbazile
@DeliriousTD
@WhiteHouse
@gattaphoto",,,,26/01/2017 10:47,https://twitter.com/#!/contestadventur/status/824569488783716352,,,8.24569E+17,8.24217E+17
contestadventur,erickcardenas10,Mentions,26/01/2017 10:47,"Join in
@thexoxoday
@muhammadiyah
@worldscouting
@RealVIXX
@erickcardenas10
@allaboutiran
@albertbazile
@DeliriousTD
@WhiteHouse
@gattaphoto",,,,26/01/2017 10:47,https://twitter.com/#!/contestadventur/status/824569488783716352,,,8.24569E+17,8.24217E+17
contestadventur,realvixx,Mentions,26/01/2017 10:47,"Join in
@thexoxoday
@muhammadiyah
@worldscouting
@RealVIXX
@erickcardenas10
@allaboutiran
@albertbazile
@DeliriousTD
@WhiteHouse
@gattaphoto",,,,26/01/2017 10:47,https://twitter.com/#!/contestadventur/status/824569488783716352,,,8.24569E+17,8.24217E+17
contestadventur,worldscouting,Mentions,26/01/2017 10:47,"Join in
@thexoxoday
@muhammadiyah
@worldscouting
@RealVIXX
@erickcardenas10
@allaboutiran
@albertbazile
@DeliriousTD
@WhiteHouse
@gattaphoto",,,,26/01/2017 10:47,https://twitter.com/#!/contestadventur/status/824569488783716352,,,8.24569E+17,8.24217E+17
contestadventur,muhammadiyah,Mentions,26/01/2017 10:47,"Join in
@thexoxoday
@muhammadiyah
@worldscouting
@RealVIXX
@erickcardenas10
@allaboutiran
@albertbazile
@DeliriousTD
@WhiteHouse
@gattaphoto",,,,26/01/2017 10:47,https://twitter.com/#!/contestadventur/status/824569488783716352,,,8.24569E+17,8.24217E+17
contestadventur,cecile_pilot,Mentions,26/01/2017 10:48,"Join in
@thexoxoday
@louansim
@filipeaac
@A_J_Skelton
@Teachsmiling
@ImpactIlesa
@gstaadproject
@x78JvXDDX1w89MQ
@cecile_pilot
@CliMates_",,,,26/01/2017 10:48,https://twitter.com/#!/contestadventur/status/824569658887901184,,,8.2457E+17,8.24217E+17
contestadventur,x78jvxddx1w89mq,Mentions,26/01/2017 10:48,"Join in
@thexoxoday
@louansim
@filipeaac
@A_J_Skelton
@Teachsmiling
@ImpactIlesa
@gstaadproject
@x78JvXDDX1w89MQ
@cecile_pilot
@CliMates_",,,,26/01/2017 10:48,https://twitter.com/#!/contestadventur/status/824569658887901184,,,8.2457E+17,8.24217E+17
contestadventur,gstaadproject,Mentions,26/01/2017 10:48,"Join in
@thexoxoday
@louansim
@filipeaac
@A_J_Skelton
@Teachsmiling
@ImpactIlesa
@gstaadproject
@x78JvXDDX1w89MQ
@cecile_pilot
@CliMates_",,,,26/01/2017 10:48,https://twitter.com/#!/contestadventur/status/824569658887901184,,,8.2457E+17,8.24217E+17
contestadventur,impactilesa,Mentions,26/01/2017 10:48,"Join in
@thexoxoday
@louansim
@filipeaac
@A_J_Skelton
@Teachsmiling
@ImpactIlesa
@gstaadproject
@x78JvXDDX1w89MQ
@cecile_pilot
@CliMates_",,,,26/01/2017 10:48,https://twitter.com/#!/contestadventur/status/824569658887901184,,,8.2457E+17,8.24217E+17
contestadventur,teachsmiling,Mentions,26/01/2017 10:48,"Join in
@thexoxoday
@louansim
@filipeaac
@A_J_Skelton
@Teachsmiling
@ImpactIlesa
@gstaadproject
@x78JvXDDX1w89MQ
@cecile_pilot
@CliMates_",,,,26/01/2017 10:48,https://twitter.com/#!/contestadventur/status/824569658887901184,,,8.2457E+17,8.24217E+17
contestadventur,a_j_skelton,Mentions,26/01/2017 10:48,"Join in
@thexoxoday
@louansim
@filipeaac
@A_J_Skelton
@Teachsmiling
@ImpactIlesa
@gstaadproject
@x78JvXDDX1w89MQ
@cecile_pilot
@CliMates_",,,,26/01/2017 10:48,https://twitter.com/#!/contestadventur/status/824569658887901184,,,8.2457E+17,8.24217E+17
contestadventur,filipeaac,Mentions,26/01/2017 10:48,"Join in
@thexoxoday
@louansim
@filipeaac
@A_J_Skelton
@Teachsmiling
@ImpactIlesa
@gstaadproject
@x78JvXDDX1w89MQ
@cecile_pilot
@CliMates_",,,,26/01/2017 10:48,https://twitter.com/#!/contestadventur/status/824569658887901184,,,8.2457E+17,8.24217E+17
contestadventur,louansim,Mentions,26/01/2017 10:48,"Join in
@thexoxoday
@louansim
@filipeaac
@A_J_Skelton
@Teachsmiling
@ImpactIlesa
@gstaadproject
@x78JvXDDX1w89MQ
@cecile_pilot
@CliMates_",,,,26/01/2017 10:48,https://twitter.com/#!/contestadventur/status/824569658887901184,,,8.2457E+17,8.24217E+17
contestadventur,muhammadabie,Mentions,26/01/2017 10:48,"Join in
@thexoxoday
@CliMates_
@UNESCO
@kln_nurv
@AnonD4ms3l
@imartalamas
@Empower_Women
@HeforShe
@soyHeforShe
@AsocEyC
@muhammadabie",,,,26/01/2017 10:48,https://twitter.com/#!/contestadventur/status/824569742740512770,,,8.2457E+17,8.24217E+17
contestadventur,asoceyc,Mentions,26/01/2017 10:48,"Join in
@thexoxoday
@CliMates_
@UNESCO
@kln_nurv
@AnonD4ms3l
@imartalamas
@Empower_Women
@HeforShe
@soyHeforShe
@AsocEyC
@muhammadabie",,,,26/01/2017 10:48,https://twitter.com/#!/contestadventur/status/824569742740512770,,,8.2457E+17,8.24217E+17
contestadventur,soyheforshe,Mentions,26/01/2017 10:48,"Join in
@thexoxoday
@CliMates_
@UNESCO
@kln_nurv
@AnonD4ms3l
@imartalamas
@Empower_Women
@HeforShe
@soyHeforShe
@AsocEyC
@muhammadabie",,,,26/01/2017 10:48,https://twitter.com/#!/contestadventur/status/824569742740512770,,,8.2457E+17,8.24217E+17
contestadventur,heforshe,Mentions,26/01/2017 10:48,"Join in
@thexoxoday
@CliMates_
@UNESCO
@kln_nurv
@AnonD4ms3l
@imartalamas
@Empower_Women
@HeforShe
@soyHeforShe
@AsocEyC
@muhammadabie",,,,26/01/2017 10:48,https://twitter.com/#!/contestadventur/status/824569742740512770,,,8.2457E+17,8.24217E+17
contestadventur,empower_women,Mentions,26/01/2017 10:48,"Join in
@thexoxoday
@CliMates_
@UNESCO
@kln_nurv
@AnonD4ms3l
@imartalamas
@Empower_Women
@HeforShe
@soyHeforShe
@AsocEyC
@muhammadabie",,,,26/01/2017 10:48,https://twitter.com/#!/contestadventur/status/824569742740512770,,,8.2457E+17,8.24217E+17
contestadventur,imartalamas,Mentions,26/01/2017 10:48,"Join in
@thexoxoday
@CliMates_
@UNESCO
@kln_nurv
@AnonD4ms3l
@imartalamas
@Empower_Women
@HeforShe
@soyHeforShe
@AsocEyC
@muhammadabie",,,,26/01/2017 10:48,https://twitter.com/#!/contestadventur/status/824569742740512770,,,8.2457E+17,8.24217E+17
contestadventur,anond4ms3l,Mentions,26/01/2017 10:48,"Join in
@thexoxoday
@CliMates_
@UNESCO
@kln_nurv
@AnonD4ms3l
@imartalamas
@Empower_Women
@HeforShe
@soyHeforShe
@AsocEyC
@muhammadabie",,,,26/01/2017 10:48,https://twitter.com/#!/contestadventur/status/824569742740512770,,,8.2457E+17,8.24217E+17
contestadventur,kln_nurv,Mentions,26/01/2017 10:48,"Join in
@thexoxoday
@CliMates_
@UNESCO
@kln_nurv
@AnonD4ms3l
@imartalamas
@Empower_Women
@HeforShe
@soyHeforShe
@AsocEyC
@muhammadabie",,,,26/01/2017 10:48,https://twitter.com/#!/contestadventur/status/824569742740512770,,,8.2457E+17,8.24217E+17
contestadventur,unesco,Mentions,26/01/2017 10:48,"Join in
@thexoxoday
@CliMates_
@UNESCO
@kln_nurv
@AnonD4ms3l
@imartalamas
@Empower_Women
@HeforShe
@soyHeforShe
@AsocEyC
@muhammadabie",,,,26/01/2017 10:48,https://twitter.com/#!/contestadventur/status/824569742740512770,,,8.2457E+17,8.24217E+17
contestadventur,climates_,Mentions,26/01/2017 10:48,"Join in
@thexoxoday
@louansim
@filipeaac
@A_J_Skelton
@Teachsmiling
@ImpactIlesa
@gstaadproject
@x78JvXDDX1w89MQ
@cecile_pilot
@CliMates_",,,,26/01/2017 10:48,https://twitter.com/#!/contestadventur/status/824569658887901184,,,8.2457E+17,8.24217E+17
contestadventur,climates_,Mentions,26/01/2017 10:48,"Join in
@thexoxoday
@CliMates_
@UNESCO
@kln_nurv
@AnonD4ms3l
@imartalamas
@Empower_Women
@HeforShe
@soyHeforShe
@AsocEyC
@muhammadabie",,,,26/01/2017 10:48,https://twitter.com/#!/contestadventur/status/824569742740512770,,,8.2457E+17,8.24217E+17
contestadventur,nycdubliner32,Mentions,26/01/2017 10:49,"Join in
@thexoxoday
@monicaskennedy
@AndinyCakes
@UNC_ORG
@rsh17d_r
@MartineGayon
@stephanngangisa
@Yoga_Drops
@ymsuccess
@NYCDubliner32",,,,26/01/2017 10:49,https://twitter.com/#!/contestadventur/status/824569825854775296,,,8.2457E+17,8.24217E+17
contestadventur,yoga_drops,Mentions,26/01/2017 10:49,"Join in
@thexoxoday
@monicaskennedy
@AndinyCakes
@UNC_ORG
@rsh17d_r
@MartineGayon
@stephanngangisa
@Yoga_Drops
@ymsuccess
@NYCDubliner32",,,,26/01/2017 10:49,https://twitter.com/#!/contestadventur/status/824569825854775296,,,8.2457E+17,8.24217E+17
contestadventur,stephanngangisa,Mentions,26/01/2017 10:49,"Join in
@thexoxoday
@monicaskennedy
@AndinyCakes
@UNC_ORG
@rsh17d_r
@MartineGayon
@stephanngangisa
@Yoga_Drops
@ymsuccess
@NYCDubliner32",,,,26/01/2017 10:49,https://twitter.com/#!/contestadventur/status/824569825854775296,,,8.2457E+17,8.24217E+17
contestadventur,martinegayon,Mentions,26/01/2017 10:49,"Join in
@thexoxoday
@monicaskennedy
@AndinyCakes
@UNC_ORG
@rsh17d_r
@MartineGayon
@stephanngangisa
@Yoga_Drops
@ymsuccess
@NYCDubliner32",,,,26/01/2017 10:49,https://twitter.com/#!/contestadventur/status/824569825854775296,,,8.2457E+17,8.24217E+17
contestadventur,rsh17d_r,Mentions,26/01/2017 10:49,"Join in
@thexoxoday
@monicaskennedy
@AndinyCakes
@UNC_ORG
@rsh17d_r
@MartineGayon
@stephanngangisa
@Yoga_Drops
@ymsuccess
@NYCDubliner32",,,,26/01/2017 10:49,https://twitter.com/#!/contestadventur/status/824569825854775296,,,8.2457E+17,8.24217E+17
contestadventur,unc_org,Mentions,26/01/2017 10:49,"Join in
@thexoxoday
@monicaskennedy
@AndinyCakes
@UNC_ORG
@rsh17d_r
@MartineGayon
@stephanngangisa
@Yoga_Drops
@ymsuccess
@NYCDubliner32",,,,26/01/2017 10:49,https://twitter.com/#!/contestadventur/status/824569825854775296,,,8.2457E+17,8.24217E+17
contestadventur,andinycakes,Mentions,26/01/2017 10:49,"Join in
@thexoxoday
@monicaskennedy
@AndinyCakes
@UNC_ORG
@rsh17d_r
@MartineGayon
@stephanngangisa
@Yoga_Drops
@ymsuccess
@NYCDubliner32",,,,26/01/2017 10:49,https://twitter.com/#!/contestadventur/status/824569825854775296,,,8.2457E+17,8.24217E+17
contestadventur,monicaskennedy,Mentions,26/01/2017 10:49,"Join in
@thexoxoday
@monicaskennedy
@AndinyCakes
@UNC_ORG
@rsh17d_r
@MartineGayon
@stephanngangisa
@Yoga_Drops
@ymsuccess
@NYCDubliner32",,,,26/01/2017 10:49,https://twitter.com/#!/contestadventur/status/824569825854775296,,,8.2457E+17,8.24217E+17
contestadventur,mtv,Mentions,26/01/2017 10:49,"Join in
@thexoxoday
@cenda14586739
@KamalSh35003802
@BarryW05
@AMeidayanthiS
@mdebomar
@omarsamra
@elissakh
@LeoDiCaprio
@SamiraSaid
@MTV",,,,26/01/2017 10:49,https://twitter.com/#!/contestadventur/status/824569926723657732,,,8.2457E+17,8.24217E+17
contestadventur,samirasaid,Mentions,26/01/2017 10:49,"Join in
@thexoxoday
@cenda14586739
@KamalSh35003802
@BarryW05
@AMeidayanthiS
@mdebomar
@omarsamra
@elissakh
@LeoDiCaprio
@SamiraSaid
@MTV",,,,26/01/2017 10:49,https://twitter.com/#!/contestadventur/status/824569926723657732,,,8.2457E+17,8.24217E+17
contestadventur,leodicaprio,Mentions,26/01/2017 10:49,"Join in
@thexoxoday
@cenda14586739
@KamalSh35003802
@BarryW05
@AMeidayanthiS
@mdebomar
@omarsamra
@elissakh
@LeoDiCaprio
@SamiraSaid
@MTV",,,,26/01/2017 10:49,https://twitter.com/#!/contestadventur/status/824569926723657732,,,8.2457E+17,8.24217E+17
contestadventur,elissakh,Mentions,26/01/2017 10:49,"Join in
@thexoxoday
@cenda14586739
@KamalSh35003802
@BarryW05
@AMeidayanthiS
@mdebomar
@omarsamra
@elissakh
@LeoDiCaprio
@SamiraSaid
@MTV",,,,26/01/2017 10:49,https://twitter.com/#!/contestadventur/status/824569926723657732,,,8.2457E+17,8.24217E+17
contestadventur,omarsamra,Mentions,26/01/2017 10:49,"Join in
@thexoxoday
@cenda14586739
@KamalSh35003802
@BarryW05
@AMeidayanthiS
@mdebomar
@omarsamra
@elissakh
@LeoDiCaprio
@SamiraSaid
@MTV",,,,26/01/2017 10:49,https://twitter.com/#!/contestadventur/status/824569926723657732,,,8.2457E+17,8.24217E+17
contestadventur,mdebomar,Mentions,26/01/2017 10:49,"Join in
@thexoxoday
@cenda14586739
@KamalSh35003802
@BarryW05
@AMeidayanthiS
@mdebomar
@omarsamra
@elissakh
@LeoDiCaprio
@SamiraSaid
@MTV",,,,26/01/2017 10:49,https://twitter.com/#!/contestadventur/status/824569926723657732,,,8.2457E+17,8.24217E+17
contestadventur,ameidayanthis,Mentions,26/01/2017 10:49,"Join in
@thexoxoday
@cenda14586739
@KamalSh35003802
@BarryW05
@AMeidayanthiS
@mdebomar
@omarsamra
@elissakh
@LeoDiCaprio
@SamiraSaid
@MTV",,,,26/01/2017 10:49,https://twitter.com/#!/contestadventur/status/824569926723657732,,,8.2457E+17,8.24217E+17
contestadventur,barryw05,Mentions,26/01/2017 10:49,"Join in
@thexoxoday
@cenda14586739
@KamalSh35003802
@BarryW05
@AMeidayanthiS
@mdebomar
@omarsamra
@elissakh
@LeoDiCaprio
@SamiraSaid
@MTV",,,,26/01/2017 10:49,https://twitter.com/#!/contestadventur/status/824569926723657732,,,8.2457E+17,8.24217E+17
contestadventur,kamalsh35003802,Mentions,26/01/2017 10:49,"Join in
@thexoxoday
@cenda14586739
@KamalSh35003802
@BarryW05
@AMeidayanthiS
@mdebomar
@omarsamra
@elissakh
@LeoDiCaprio
@SamiraSaid
@MTV",,,,26/01/2017 10:49,https://twitter.com/#!/contestadventur/status/824569926723657732,,,8.2457E+17,8.24217E+17
contestadventur,cenda14586739,Mentions,26/01/2017 10:49,"Join in
@thexoxoday
@cenda14586739
@KamalSh35003802
@BarryW05
@AMeidayanthiS
@mdebomar
@omarsamra
@elissakh
@LeoDiCaprio
@SamiraSaid
@MTV",,,,26/01/2017 10:49,https://twitter.com/#!/contestadventur/status/824569926723657732,,,8.2457E+17,8.24217E+17
contestadventur,rotaractsai,Mentions,26/01/2017 10:49,"Join in
@thexoxoday
@McConaughey
@HenriOscarComm
@VCmilyte
@SirRianna
@jeenhsiu
@amyferil
@SawyerFrdrx
@alexsolc
@RotaractSai",,,,26/01/2017 10:49,https://twitter.com/#!/contestadventur/status/824570005647880192,,,8.2457E+17,8.24217E+17
contestadventur,alexsolc,Mentions,26/01/2017 10:49,"Join in
@thexoxoday
@McConaughey
@HenriOscarComm
@VCmilyte
@SirRianna
@jeenhsiu
@amyferil
@SawyerFrdrx
@alexsolc
@RotaractSai",,,,26/01/2017 10:49,https://twitter.com/#!/contestadventur/status/824570005647880192,,,8.2457E+17,8.24217E+17
contestadventur,sawyerfrdrx,Mentions,26/01/2017 10:49,"Join in
@thexoxoday
@McConaughey
@HenriOscarComm
@VCmilyte
@SirRianna
@jeenhsiu
@amyferil
@SawyerFrdrx
@alexsolc
@RotaractSai",,,,26/01/2017 10:49,https://twitter.com/#!/contestadventur/status/824570005647880192,,,8.2457E+17,8.24217E+17
contestadventur,amyferil,Mentions,26/01/2017 10:49,"Join in
@thexoxoday
@McConaughey
@HenriOscarComm
@VCmilyte
@SirRianna
@jeenhsiu
@amyferil
@SawyerFrdrx
@alexsolc
@RotaractSai",,,,26/01/2017 10:49,https://twitter.com/#!/contestadventur/status/824570005647880192,,,8.2457E+17,8.24217E+17
contestadventur,jeenhsiu,Mentions,26/01/2017 10:49,"Join in
@thexoxoday
@McConaughey
@HenriOscarComm
@VCmilyte
@SirRianna
@jeenhsiu
@amyferil
@SawyerFrdrx
@alexsolc
@RotaractSai",,,,26/01/2017 10:49,https://twitter.com/#!/contestadventur/status/824570005647880192,,,8.2457E+17,8.24217E+17
contestadventur,sirrianna,Mentions,26/01/2017 10:49,"Join in
@thexoxoday
@McConaughey
@HenriOscarComm
@VCmilyte
@SirRianna
@jeenhsiu
@amyferil
@SawyerFrdrx
@alexsolc
@RotaractSai",,,,26/01/2017 10:49,https://twitter.com/#!/contestadventur/status/824570005647880192,,,8.2457E+17,8.24217E+17
contestadventur,vcmilyte,Mentions,26/01/2017 10:49,"Join in
@thexoxoday
@McConaughey
@HenriOscarComm
@VCmilyte
@SirRianna
@jeenhsiu
@amyferil
@SawyerFrdrx
@alexsolc
@RotaractSai",,,,26/01/2017 10:49,https://twitter.com/#!/contestadventur/status/824570005647880192,,,8.2457E+17,8.24217E+17
contestadventur,henrioscarcomm,Mentions,26/01/2017 10:49,"Join in
@thexoxoday
@McConaughey
@HenriOscarComm
@VCmilyte
@SirRianna
@jeenhsiu
@amyferil
@SawyerFrdrx
@alexsolc
@RotaractSai",,,,26/01/2017 10:49,https://twitter.com/#!/contestadventur/status/824570005647880192,,,8.2457E+17,8.24217E+17
contestadventur,mcconaughey,Mentions,26/01/2017 10:49,"Join in
@thexoxoday
@McConaughey
@HenriOscarComm
@VCmilyte
@SirRianna
@jeenhsiu
@amyferil
@SawyerFrdrx
@alexsolc
@RotaractSai",,,,26/01/2017 10:49,https://twitter.com/#!/contestadventur/status/824570005647880192,,,8.2457E+17,8.24217E+17
contestadventur,manojkumar2897,Mentions,26/01/2017 10:50,"Join in
@thexoxoday
@Rotary
@Bonnie00025058
@MoreFCS
@woohoogifting
@sarathkevinjoy
@kirtibasal
@Subrorsm
@JohnTerence_A
@manojkumar2897",,,,26/01/2017 10:50,https://twitter.com/#!/contestadventur/status/824570255632576513,,,8.2457E+17,8.24217E+17
sarathkevinjoy,johnterence_a,Mentions,25/01/2017 11:23,RT @ContestAdventur: Join in @thexoxoday @win_prizes_UK @sarathkevinjoy @CoContest @JohnTerence_A @contests2share @thefreejinn @Contest_Ale…,,,,25/01/2017 11:23,https://twitter.com/#!/sarathkevinjoy/status/824216161164394496,,,8.24216E+17,
johnterence_a,thefreejinn,Mentions,25/01/2017 11:30,RT @ContestAdventur: Join in @thexoxoday @win_prizes_UK @sarathkevinjoy @CoContest @JohnTerence_A @contests2share @thefreejinn @Contest_Ale…,,,,25/01/2017 11:30,https://twitter.com/#!/johnterence_a/status/824217925590675457,,,8.24218E+17,
johnterence_a,contests2share,Mentions,25/01/2017 11:30,RT @ContestAdventur: Join in @thexoxoday @win_prizes_UK @sarathkevinjoy @CoContest @JohnTerence_A @contests2share @thefreejinn @Contest_Ale…,,,,25/01/2017 11:30,https://twitter.com/#!/johnterence_a/status/824217925590675457,,,8.24218E+17,
johnterence_a,sarathkevinjoy,Mentions,25/01/2017 11:30,RT @ContestAdventur: Join in @thexoxoday @win_prizes_UK @sarathkevinjoy @CoContest @JohnTerence_A @contests2share @thefreejinn @Contest_Ale…,,,,25/01/2017 11:30,https://twitter.com/#!/johnterence_a/status/824217925590675457,,,8.24218E+17,
johnterence_a,thexoxoday,Mentions,25/01/2017 11:30,RT @ContestAdventur: Join in @thexoxoday @win_prizes_UK @sarathkevinjoy @CoContest @JohnTerence_A @contests2share @thefreejinn @Contest_Ale…,,,,25/01/2017 11:30,https://twitter.com/#!/johnterence_a/status/824217925590675457,,,8.24218E+17,
johnterence_a,contestadventur,Mentions,25/01/2017 11:30,RT @ContestAdventur: Join in @thexoxoday @win_prizes_UK @sarathkevinjoy @CoContest @JohnTerence_A @contests2share @thefreejinn @Contest_Ale…,,,,25/01/2017 11:30,https://twitter.com/#!/johnterence_a/status/824217925590675457,,,8.24218E+17,
contestadventur,johnterence_a,Mentions,25/01/2017 11:14,Join in @thexoxoday @win_prizes_UK @sarathkevinjoy @CoContest @JohnTerence_A @contests2share @thefreejinn @Contest_Alert @Contest_Hub,,,,25/01/2017 11:14,https://twitter.com/#!/contestadventur/status/824213845170229248,,,8.24214E+17,8.24208E+17
contestadventur,johnterence_a,Mentions,26/01/2017 10:50,"Join in
@thexoxoday
@Rotary
@Bonnie00025058
@MoreFCS
@woohoogifting
@sarathkevinjoy
@kirtibasal
@Subrorsm
@JohnTerence_A
@manojkumar2897",,,,26/01/2017 10:50,https://twitter.com/#!/contestadventur/status/824570255632576513,,,8.2457E+17,8.24217E+17
contestadventur,subrorsm,Mentions,26/01/2017 10:50,"Join in
@thexoxoday
@Rotary
@Bonnie00025058
@MoreFCS
@woohoogifting
@sarathkevinjoy
@kirtibasal
@Subrorsm
@JohnTerence_A
@manojkumar2897",,,,26/01/2017 10:50,https://twitter.com/#!/contestadventur/status/824570255632576513,,,8.2457E+17,8.24217E+17
contestadventur,kirtibasal,Mentions,26/01/2017 10:50,"Join in
@thexoxoday
@Rotary
@Bonnie00025058
@MoreFCS
@woohoogifting
@sarathkevinjoy
@kirtibasal
@Subrorsm
@JohnTerence_A
@manojkumar2897",,,,26/01/2017 10:50,https://twitter.com/#!/contestadventur/status/824570255632576513,,,8.2457E+17,8.24217E+17
sarathkevinjoy,thefreejinn,Mentions,25/01/2017 11:23,RT @ContestAdventur: Join in @thexoxoday @win_prizes_UK @sarathkevinjoy @CoContest @JohnTerence_A @contests2share @thefreejinn @Contest_Ale…,,,,25/01/2017 11:23,https://twitter.com/#!/sarathkevinjoy/status/824216161164394496,,,8.24216E+17,
sarathkevinjoy,contests2share,Mentions,25/01/2017 11:23,RT @ContestAdventur: Join in @thexoxoday @win_prizes_UK @sarathkevinjoy @CoContest @JohnTerence_A @contests2share @thefreejinn @Contest_Ale…,,,,25/01/2017 11:23,https://twitter.com/#!/sarathkevinjoy/status/824216161164394496,,,8.24216E+17,
sarathkevinjoy,thexoxoday,Mentions,25/01/2017 11:23,RT @ContestAdventur: Join in @thexoxoday @win_prizes_UK @sarathkevinjoy @CoContest @JohnTerence_A @contests2share @thefreejinn @Contest_Ale…,,,,25/01/2017 11:23,https://twitter.com/#!/sarathkevinjoy/status/824216161164394496,,,8.24216E+17,
sarathkevinjoy,contestadventur,Mentions,25/01/2017 11:23,RT @ContestAdventur: Join in @thexoxoday @win_prizes_UK @sarathkevinjoy @CoContest @JohnTerence_A @contests2share @thefreejinn @Contest_Ale…,,,,25/01/2017 11:23,https://twitter.com/#!/sarathkevinjoy/status/824216161164394496,,,8.24216E+17,
contestadventur,sarathkevinjoy,Mentions,25/01/2017 11:14,Join in @thexoxoday @win_prizes_UK @sarathkevinjoy @CoContest @JohnTerence_A @contests2share @thefreejinn @Contest_Alert @Contest_Hub,,,,25/01/2017 11:14,https://twitter.com/#!/contestadventur/status/824213845170229248,,,8.24214E+17,8.24208E+17
contestadventur,sarathkevinjoy,Mentions,26/01/2017 10:50,"Join in
@thexoxoday
@Rotary
@Bonnie00025058
@MoreFCS
@woohoogifting
@sarathkevinjoy
@kirtibasal
@Subrorsm
@JohnTerence_A
@manojkumar2897",,,,26/01/2017 10:50,https://twitter.com/#!/contestadventur/status/824570255632576513,,,8.2457E+17,8.24217E+17
contestadventur,woohoogifting,Mentions,26/01/2017 10:50,"Join in
@thexoxoday
@Rotary
@Bonnie00025058
@MoreFCS
@woohoogifting
@sarathkevinjoy
@kirtibasal
@Subrorsm
@JohnTerence_A
@manojkumar2897",,,,26/01/2017 10:50,https://twitter.com/#!/contestadventur/status/824570255632576513,,,8.2457E+17,8.24217E+17
contestadventur,morefcs,Mentions,26/01/2017 10:50,"Join in
@thexoxoday
@Rotary
@Bonnie00025058
@MoreFCS
@woohoogifting
@sarathkevinjoy
@kirtibasal
@Subrorsm
@JohnTerence_A
@manojkumar2897",,,,26/01/2017 10:50,https://twitter.com/#!/contestadventur/status/824570255632576513,,,8.2457E+17,8.24217E+17
contestadventur,bonnie00025058,Mentions,26/01/2017 10:50,"Join in
@thexoxoday
@Rotary
@Bonnie00025058
@MoreFCS
@woohoogifting
@sarathkevinjoy
@kirtibasal
@Subrorsm
@JohnTerence_A
@manojkumar2897",,,,26/01/2017 10:50,https://twitter.com/#!/contestadventur/status/824570255632576513,,,8.2457E+17,8.24217E+17
contestadventur,rotary,Mentions,26/01/2017 10:50,"Join in
@thexoxoday
@Rotary
@Bonnie00025058
@MoreFCS
@woohoogifting
@sarathkevinjoy
@kirtibasal
@Subrorsm
@JohnTerence_A
@manojkumar2897",,,,26/01/2017 10:50,https://twitter.com/#!/contestadventur/status/824570255632576513,,,8.2457E+17,8.24217E+17
contestadventur,speedysingh19,Mentions,26/01/2017 10:51,"Join in
@thexoxoday
@rvirgo9
@priyanka_optom
@Neha06071985
@akii_naik
@TwinkleMour
@MissFunnynFine
@twinkle5101
@GopiDarak
@speedysingh19",,,,26/01/2017 10:51,https://twitter.com/#!/contestadventur/status/824570345256472578,,,8.2457E+17,8.24217E+17
contestadventur,gopidarak,Mentions,26/01/2017 10:51,"Join in
@thexoxoday
@rvirgo9
@priyanka_optom
@Neha06071985
@akii_naik
@TwinkleMour
@MissFunnynFine
@twinkle5101
@GopiDarak
@speedysingh19",,,,26/01/2017 10:51,https://twitter.com/#!/contestadventur/status/824570345256472578,,,8.2457E+17,8.24217E+17
contestadventur,twinkle5101,Mentions,26/01/2017 10:51,"Join in
@thexoxoday
@rvirgo9
@priyanka_optom
@Neha06071985
@akii_naik
@TwinkleMour
@MissFunnynFine
@twinkle5101
@GopiDarak
@speedysingh19",,,,26/01/2017 10:51,https://twitter.com/#!/contestadventur/status/824570345256472578,,,8.2457E+17,8.24217E+17
contestadventur,missfunnynfine,Mentions,26/01/2017 10:51,"Join in
@thexoxoday
@rvirgo9
@priyanka_optom
@Neha06071985
@akii_naik
@TwinkleMour
@MissFunnynFine
@twinkle5101
@GopiDarak
@speedysingh19",,,,26/01/2017 10:51,https://twitter.com/#!/contestadventur/status/824570345256472578,,,8.2457E+17,8.24217E+17
contestadventur,twinklemour,Mentions,26/01/2017 10:51,"Join in
@thexoxoday
@rvirgo9
@priyanka_optom
@Neha06071985
@akii_naik
@TwinkleMour
@MissFunnynFine
@twinkle5101
@GopiDarak
@speedysingh19",,,,26/01/2017 10:51,https://twitter.com/#!/contestadventur/status/824570345256472578,,,8.2457E+17,8.24217E+17
contestadventur,neha06071985,Mentions,26/01/2017 10:51,"Join in
@thexoxoday
@rvirgo9
@priyanka_optom
@Neha06071985
@akii_naik
@TwinkleMour
@MissFunnynFine
@twinkle5101
@GopiDarak
@speedysingh19",,,,26/01/2017 10:51,https://twitter.com/#!/contestadventur/status/824570345256472578,,,8.2457E+17,8.24217E+17
contestadventur,priyanka_optom,Mentions,26/01/2017 10:51,"Join in
@thexoxoday
@rvirgo9
@priyanka_optom
@Neha06071985
@akii_naik
@TwinkleMour
@MissFunnynFine
@twinkle5101
@GopiDarak
@speedysingh19",,,,26/01/2017 10:51,https://twitter.com/#!/contestadventur/status/824570345256472578,,,8.2457E+17,8.24217E+17
contestadventur,rvirgo9,Mentions,26/01/2017 10:51,"Join in
@thexoxoday
@rvirgo9
@priyanka_optom
@Neha06071985
@akii_naik
@TwinkleMour
@MissFunnynFine
@twinkle5101
@GopiDarak
@speedysingh19",,,,26/01/2017 10:51,https://twitter.com/#!/contestadventur/status/824570345256472578,,,8.2457E+17,8.24217E+17
contestadventur,dreamer_deepika,Mentions,26/01/2017 10:51,"Join in
@thexoxoday
@coolman1051
@itsDcprakash
@harshvardhan_Z
@Rain_Man25
@Hridan19
@LuvyaJoshi
@contestchacha
@Dreamer_Deepika",,,,26/01/2017 10:51,https://twitter.com/#!/contestadventur/status/824570430056919042,,,8.2457E+17,8.24217E+17
contestadventur,contestchacha,Mentions,26/01/2017 10:51,"Join in
@thexoxoday
@coolman1051
@itsDcprakash
@harshvardhan_Z
@Rain_Man25
@Hridan19
@LuvyaJoshi
@contestchacha
@Dreamer_Deepika",,,,26/01/2017 10:51,https://twitter.com/#!/contestadventur/status/824570430056919042,,,8.2457E+17,8.24217E+17
contestadventur,luvyajoshi,Mentions,26/01/2017 10:51,"Join in
@thexoxoday
@coolman1051
@itsDcprakash
@harshvardhan_Z
@Rain_Man25
@Hridan19
@LuvyaJoshi
@contestchacha
@Dreamer_Deepika",,,,26/01/2017 10:51,https://twitter.com/#!/contestadventur/status/824570430056919042,,,8.2457E+17,8.24217E+17
contestadventur,hridan19,Mentions,26/01/2017 10:51,"Join in
@thexoxoday
@coolman1051
@itsDcprakash
@harshvardhan_Z
@Rain_Man25
@Hridan19
@LuvyaJoshi
@contestchacha
@Dreamer_Deepika",,,,26/01/2017 10:51,https://twitter.com/#!/contestadventur/status/824570430056919042,,,8.2457E+17,8.24217E+17
contestadventur,rain_man25,Mentions,26/01/2017 10:51,"Join in
@thexoxoday
@coolman1051
@itsDcprakash
@harshvardhan_Z
@Rain_Man25
@Hridan19
@LuvyaJoshi
@contestchacha
@Dreamer_Deepika",,,,26/01/2017 10:51,https://twitter.com/#!/contestadventur/status/824570430056919042,,,8.2457E+17,8.24217E+17
contestadventur,harshvardhan_z,Mentions,26/01/2017 10:51,"Join in
@thexoxoday
@coolman1051
@itsDcprakash
@harshvardhan_Z
@Rain_Man25
@Hridan19
@LuvyaJoshi
@contestchacha
@Dreamer_Deepika",,,,26/01/2017 10:51,https://twitter.com/#!/contestadventur/status/824570430056919042,,,8.2457E+17,8.24217E+17
contestadventur,itsdcprakash,Mentions,26/01/2017 10:51,"Join in
@thexoxoday
@coolman1051
@itsDcprakash
@harshvardhan_Z
@Rain_Man25
@Hridan19
@LuvyaJoshi
@contestchacha
@Dreamer_Deepika",,,,26/01/2017 10:51,https://twitter.com/#!/contestadventur/status/824570430056919042,,,8.2457E+17,8.24217E+17
contestadventur,coolman1051,Mentions,26/01/2017 10:51,"Join in
@thexoxoday
@coolman1051
@itsDcprakash
@harshvardhan_Z
@Rain_Man25
@Hridan19
@LuvyaJoshi
@contestchacha
@Dreamer_Deepika",,,,26/01/2017 10:51,https://twitter.com/#!/contestadventur/status/824570430056919042,,,8.2457E+17,8.24217E+17
contestadventur,gateofleo,Mentions,26/01/2017 10:51,"Join in
@thexoxoday
@sanjeev2572
@beingSalmanKhan
@irshnu
@prashuvaja
@VaruNeeta
@shikha123poddar
@Ni3_Prajapati
@Akjain33Jain
@GateOfLeo",,,,26/01/2017 10:51,https://twitter.com/#!/contestadventur/status/824570516065312769,,,8.24571E+17,8.24217E+17
contestadventur,akjain33jain,Mentions,26/01/2017 10:51,"Join in
@thexoxoday
@sanjeev2572
@beingSalmanKhan
@irshnu
@prashuvaja
@VaruNeeta
@shikha123poddar
@Ni3_Prajapati
@Akjain33Jain
@GateOfLeo",,,,26/01/2017 10:51,https://twitter.com/#!/contestadventur/status/824570516065312769,,,8.24571E+17,8.24217E+17
contestadventur,varuneeta,Mentions,26/01/2017 10:51,"Join in
@thexoxoday
@sanjeev2572
@beingSalmanKhan
@irshnu
@prashuvaja
@VaruNeeta
@shikha123poddar
@Ni3_Prajapati
@Akjain33Jain
@GateOfLeo",,,,26/01/2017 10:51,https://twitter.com/#!/contestadventur/status/824570516065312769,,,8.24571E+17,8.24217E+17
contestadventur,prashuvaja,Mentions,26/01/2017 10:51,"Join in
@thexoxoday
@sanjeev2572
@beingSalmanKhan
@irshnu
@prashuvaja
@VaruNeeta
@shikha123poddar
@Ni3_Prajapati
@Akjain33Jain
@GateOfLeo",,,,26/01/2017 10:51,https://twitter.com/#!/contestadventur/status/824570516065312769,,,8.24571E+17,8.24217E+17
contestadventur,irshnu,Mentions,26/01/2017 10:51,"Join in
@thexoxoday
@sanjeev2572
@beingSalmanKhan
@irshnu
@prashuvaja
@VaruNeeta
@shikha123poddar
@Ni3_Prajapati
@Akjain33Jain
@GateOfLeo",,,,26/01/2017 10:51,https://twitter.com/#!/contestadventur/status/824570516065312769,,,8.24571E+17,8.24217E+17
contestadventur,beingsalmankhan,Mentions,26/01/2017 10:51,"Join in
@thexoxoday
@sanjeev2572
@beingSalmanKhan
@irshnu
@prashuvaja
@VaruNeeta
@shikha123poddar
@Ni3_Prajapati
@Akjain33Jain
@GateOfLeo",,,,26/01/2017 10:51,https://twitter.com/#!/contestadventur/status/824570516065312769,,,8.24571E+17,8.24217E+17
contestadventur,sanjeev2572,Mentions,26/01/2017 10:51,"Join in
@thexoxoday
@sanjeev2572
@beingSalmanKhan
@irshnu
@prashuvaja
@VaruNeeta
@shikha123poddar
@Ni3_Prajapati
@Akjain33Jain
@GateOfLeo",,,,26/01/2017 10:51,https://twitter.com/#!/contestadventur/status/824570516065312769,,,8.24571E+17,8.24217E+17
contestadventur,azzimstriders,Mentions,26/01/2017 10:52,"Join in
@thexoxoday
@JujuNeves27
@jessyk_shinee
@JaddeCiara
@cecilie_grande
@TomotoFelix
@sola94935725
@karima_khanom
@AzzimStriders",,,,26/01/2017 10:52,https://twitter.com/#!/contestadventur/status/824570664602333184,,,8.24571E+17,8.24217E+17
contestadventur,karima_khanom,Mentions,26/01/2017 10:52,"Join in
@thexoxoday
@JujuNeves27
@jessyk_shinee
@JaddeCiara
@cecilie_grande
@TomotoFelix
@sola94935725
@karima_khanom
@AzzimStriders",,,,26/01/2017 10:52,https://twitter.com/#!/contestadventur/status/824570664602333184,,,8.24571E+17,8.24217E+17
contestadventur,sola94935725,Mentions,26/01/2017 10:52,"Join in
@thexoxoday
@JujuNeves27
@jessyk_shinee
@JaddeCiara
@cecilie_grande
@TomotoFelix
@sola94935725
@karima_khanom
@AzzimStriders",,,,26/01/2017 10:52,https://twitter.com/#!/contestadventur/status/824570664602333184,,,8.24571E+17,8.24217E+17
contestadventur,tomotofelix,Mentions,26/01/2017 10:52,"Join in
@thexoxoday
@JujuNeves27
@jessyk_shinee
@JaddeCiara
@cecilie_grande
@TomotoFelix
@sola94935725
@karima_khanom
@AzzimStriders",,,,26/01/2017 10:52,https://twitter.com/#!/contestadventur/status/824570664602333184,,,8.24571E+17,8.24217E+17
contestadventur,cecilie_grande,Mentions,26/01/2017 10:52,"Join in
@thexoxoday
@JujuNeves27
@jessyk_shinee
@JaddeCiara
@cecilie_grande
@TomotoFelix
@sola94935725
@karima_khanom
@AzzimStriders",,,,26/01/2017 10:52,https://twitter.com/#!/contestadventur/status/824570664602333184,,,8.24571E+17,8.24217E+17
contestadventur,jaddeciara,Mentions,26/01/2017 10:52,"Join in
@thexoxoday
@JujuNeves27
@jessyk_shinee
@JaddeCiara
@cecilie_grande
@TomotoFelix
@sola94935725
@karima_khanom
@AzzimStriders",,,,26/01/2017 10:52,https://twitter.com/#!/contestadventur/status/824570664602333184,,,8.24571E+17,8.24217E+17
contestadventur,jessyk_shinee,Mentions,26/01/2017 10:52,"Join in
@thexoxoday
@JujuNeves27
@jessyk_shinee
@JaddeCiara
@cecilie_grande
@TomotoFelix
@sola94935725
@karima_khanom
@AzzimStriders",,,,26/01/2017 10:52,https://twitter.com/#!/contestadventur/status/824570664602333184,,,8.24571E+17,8.24217E+17
contestadventur,jujuneves27,Mentions,26/01/2017 10:52,"Join in
@thexoxoday
@JujuNeves27
@jessyk_shinee
@JaddeCiara
@cecilie_grande
@TomotoFelix
@sola94935725
@karima_khanom
@AzzimStriders",,,,26/01/2017 10:52,https://twitter.com/#!/contestadventur/status/824570664602333184,,,8.24571E+17,8.24217E+17
contestadventur,na_pp_,Mentions,26/01/2017 10:52,"Join in
@thexoxoday
@alexneic
@tanweer_dar
@lucymadoschi
@Viikarii
@arzubektas92
@Tianshii_Alive
@martinez_kevin
@Euu777
@8
@na_PP_",,,,26/01/2017 10:52,https://twitter.com/#!/contestadventur/status/824570798107095041,,,8.24571E+17,8.24217E+17
contestadventur,euu777,Mentions,26/01/2017 10:52,"Join in
@thexoxoday
@alexneic
@tanweer_dar
@lucymadoschi
@Viikarii
@arzubektas92
@Tianshii_Alive
@martinez_kevin
@Euu777
@8
@na_PP_",,,,26/01/2017 10:52,https://twitter.com/#!/contestadventur/status/824570798107095041,,,8.24571E+17,8.24217E+17
contestadventur,martinez_kevin,Mentions,26/01/2017 10:52,"Join in
@thexoxoday
@alexneic
@tanweer_dar
@lucymadoschi
@Viikarii
@arzubektas92
@Tianshii_Alive
@martinez_kevin
@Euu777
@8
@na_PP_",,,,26/01/2017 10:52,https://twitter.com/#!/contestadventur/status/824570798107095041,,,8.24571E+17,8.24217E+17
contestadventur,tianshii_alive,Mentions,26/01/2017 10:52,"Join in
@thexoxoday
@alexneic
@tanweer_dar
@lucymadoschi
@Viikarii
@arzubektas92
@Tianshii_Alive
@martinez_kevin
@Euu777
@8
@na_PP_",,,,26/01/2017 10:52,https://twitter.com/#!/contestadventur/status/824570798107095041,,,8.24571E+17,8.24217E+17
contestadventur,arzubektas92,Mentions,26/01/2017 10:52,"Join in
@thexoxoday
@alexneic
@tanweer_dar
@lucymadoschi
@Viikarii
@arzubektas92
@Tianshii_Alive
@martinez_kevin
@Euu777
@8
@na_PP_",,,,26/01/2017 10:52,https://twitter.com/#!/contestadventur/status/824570798107095041,,,8.24571E+17,8.24217E+17
contestadventur,viikarii,Mentions,26/01/2017 10:52,"Join in
@thexoxoday
@alexneic
@tanweer_dar
@lucymadoschi
@Viikarii
@arzubektas92
@Tianshii_Alive
@martinez_kevin
@Euu777
@8
@na_PP_",,,,26/01/2017 10:52,https://twitter.com/#!/contestadventur/status/824570798107095041,,,8.24571E+17,8.24217E+17
contestadventur,lucymadoschi,Mentions,26/01/2017 10:52,"Join in
@thexoxoday
@alexneic
@tanweer_dar
@lucymadoschi
@Viikarii
@arzubektas92
@Tianshii_Alive
@martinez_kevin
@Euu777
@8
@na_PP_",,,,26/01/2017 10:52,https://twitter.com/#!/contestadventur/status/824570798107095041,,,8.24571E+17,8.24217E+17
contestadventur,tanweer_dar,Mentions,26/01/2017 10:52,"Join in
@thexoxoday
@alexneic
@tanweer_dar
@lucymadoschi
@Viikarii
@arzubektas92
@Tianshii_Alive
@martinez_kevin
@Euu777
@8
@na_PP_",,,,26/01/2017 10:52,https://twitter.com/#!/contestadventur/status/824570798107095041,,,8.24571E+17,8.24217E+17
contestadventur,alexneic,Mentions,26/01/2017 10:52,"Join in
@thexoxoday
@alexneic
@tanweer_dar
@lucymadoschi
@Viikarii
@arzubektas92
@Tianshii_Alive
@martinez_kevin
@Euu777
@8
@na_PP_",,,,26/01/2017 10:52,https://twitter.com/#!/contestadventur/status/824570798107095041,,,8.24571E+17,8.24217E+17
contestadventur,ash_asrah,Mentions,26/01/2017 10:53,"Join in
@thexoxoday
@shallowme_
@DfDemonflower
@Neryuni
@FeunardGives
@Slayer_END
@3_arantza
@Emilycabrales17
@nagihaider01
@ash_asrah",,,,26/01/2017 10:53,https://twitter.com/#!/contestadventur/status/824570883289210880,,,8.24571E+17,8.24217E+17
contestadventur,nagihaider01,Mentions,26/01/2017 10:53,"Join in
@thexoxoday
@shallowme_
@DfDemonflower
@Neryuni
@FeunardGives
@Slayer_END
@3_arantza
@Emilycabrales17
@nagihaider01
@ash_asrah",,,,26/01/2017 10:53,https://twitter.com/#!/contestadventur/status/824570883289210880,,,8.24571E+17,8.24217E+17
contestadventur,emilycabrales17,Mentions,26/01/2017 10:53,"Join in
@thexoxoday
@shallowme_
@DfDemonflower
@Neryuni
@FeunardGives
@Slayer_END
@3_arantza
@Emilycabrales17
@nagihaider01
@ash_asrah",,,,26/01/2017 10:53,https://twitter.com/#!/contestadventur/status/824570883289210880,,,8.24571E+17,8.24217E+17
contestadventur,3_arantza,Mentions,26/01/2017 10:53,"Join in
@thexoxoday
@shallowme_
@DfDemonflower
@Neryuni
@FeunardGives
@Slayer_END
@3_arantza
@Emilycabrales17
@nagihaider01
@ash_asrah",,,,26/01/2017 10:53,https://twitter.com/#!/contestadventur/status/824570883289210880,,,8.24571E+17,8.24217E+17
contestadventur,slayer_end,Mentions,26/01/2017 10:53,"Join in
@thexoxoday
@shallowme_
@DfDemonflower
@Neryuni
@FeunardGives
@Slayer_END
@3_arantza
@Emilycabrales17
@nagihaider01
@ash_asrah",,,,26/01/2017 10:53,https://twitter.com/#!/contestadventur/status/824570883289210880,,,8.24571E+17,8.24217E+17
contestadventur,feunardgives,Mentions,26/01/2017 10:53,"Join in
@thexoxoday
@shallowme_
@DfDemonflower
@Neryuni
@FeunardGives
@Slayer_END
@3_arantza
@Emilycabrales17
@nagihaider01
@ash_asrah",,,,26/01/2017 10:53,https://twitter.com/#!/contestadventur/status/824570883289210880,,,8.24571E+17,8.24217E+17
contestadventur,neryuni,Mentions,26/01/2017 10:53,"Join in
@thexoxoday
@shallowme_
@DfDemonflower
@Neryuni
@FeunardGives
@Slayer_END
@3_arantza
@Emilycabrales17
@nagihaider01
@ash_asrah",,,,26/01/2017 10:53,https://twitter.com/#!/contestadventur/status/824570883289210880,,,8.24571E+17,8.24217E+17
contestadventur,dfdemonflower,Mentions,26/01/2017 10:53,"Join in
@thexoxoday
@shallowme_
@DfDemonflower
@Neryuni
@FeunardGives
@Slayer_END
@3_arantza
@Emilycabrales17
@nagihaider01
@ash_asrah",,,,26/01/2017 10:53,https://twitter.com/#!/contestadventur/status/824570883289210880,,,8.24571E+17,8.24217E+17
contestadventur,shallowme_,Mentions,26/01/2017 10:53,"Join in
@thexoxoday
@shallowme_
@DfDemonflower
@Neryuni
@FeunardGives
@Slayer_END
@3_arantza
@Emilycabrales17
@nagihaider01
@ash_asrah",,,,26/01/2017 10:53,https://twitter.com/#!/contestadventur/status/824570883289210880,,,8.24571E+17,8.24217E+17
contestadventur,jsoqnrfhx0kire0,Mentions,26/01/2017 10:53,"Join in
@thexoxoday
@navilinkle
@NathliaNeves30
@TheMaiden16
@Jacob_H1201
@JSOQnrFHX0KIRe0
@Lizzet_Dragneel
@kaheaa_lani
@SadGirl25698727",,,,26/01/2017 10:53,https://twitter.com/#!/contestadventur/status/824570974095892480,,,8.24571E+17,8.24217E+17
contestadventur,jacob_h1201,Mentions,26/01/2017 10:53,"Join in
@thexoxoday
@navilinkle
@NathliaNeves30
@TheMaiden16
@Jacob_H1201
@JSOQnrFHX0KIRe0
@Lizzet_Dragneel
@kaheaa_lani
@SadGirl25698727",,,,26/01/2017 10:53,https://twitter.com/#!/contestadventur/status/824570974095892480,,,8.24571E+17,8.24217E+17
contestadventur,themaiden16,Mentions,26/01/2017 10:53,"Join in
@thexoxoday
@navilinkle
@NathliaNeves30
@TheMaiden16
@Jacob_H1201
@JSOQnrFHX0KIRe0
@Lizzet_Dragneel
@kaheaa_lani
@SadGirl25698727",,,,26/01/2017 10:53,https://twitter.com/#!/contestadventur/status/824570974095892480,,,8.24571E+17,8.24217E+17
contestadventur,nathlianeves30,Mentions,26/01/2017 10:53,"Join in
@thexoxoday
@navilinkle
@NathliaNeves30
@TheMaiden16
@Jacob_H1201
@JSOQnrFHX0KIRe0
@Lizzet_Dragneel
@kaheaa_lani
@SadGirl25698727",,,,26/01/2017 10:53,https://twitter.com/#!/contestadventur/status/824570974095892480,,,8.24571E+17,8.24217E+17
contestadventur,navilinkle,Mentions,26/01/2017 10:53,"Join in
@thexoxoday
@navilinkle
@NathliaNeves30
@TheMaiden16
@Jacob_H1201
@JSOQnrFHX0KIRe0
@Lizzet_Dragneel
@kaheaa_lani
@SadGirl25698727",,,,26/01/2017 10:53,https://twitter.com/#!/contestadventur/status/824570974095892480,,,8.24571E+17,8.24217E+17
contestadventur,1doogan1,Mentions,26/01/2017 10:54,"Join in
@thexoxoday
@Mel58Solis
@theanimedork1
@King_West_1
@VincentLaronga
@galdonez21
@devinsaurus007
@music_lover105
@itsjh0nny
@1Doogan1",,,,26/01/2017 10:54,https://twitter.com/#!/contestadventur/status/824571179532853248,,,8.24571E+17,8.24217E+17
contestadventur,itsjh0nny,Mentions,26/01/2017 10:54,"Join in
@thexoxoday
@Mel58Solis
@theanimedork1
@King_West_1
@VincentLaronga
@galdonez21
@devinsaurus007
@music_lover105
@itsjh0nny
@1Doogan1",,,,26/01/2017 10:54,https://twitter.com/#!/contestadventur/status/824571179532853248,,,8.24571E+17,8.24217E+17
contestadventur,music_lover105,Mentions,26/01/2017 10:54,"Join in
@thexoxoday
@Mel58Solis
@theanimedork1
@King_West_1
@VincentLaronga
@galdonez21
@devinsaurus007
@music_lover105
@itsjh0nny
@1Doogan1",,,,26/01/2017 10:54,https://twitter.com/#!/contestadventur/status/824571179532853248,,,8.24571E+17,8.24217E+17
contestadventur,devinsaurus007,Mentions,26/01/2017 10:54,"Join in
@thexoxoday
@Mel58Solis
@theanimedork1
@King_West_1
@VincentLaronga
@galdonez21
@devinsaurus007
@music_lover105
@itsjh0nny
@1Doogan1",,,,26/01/2017 10:54,https://twitter.com/#!/contestadventur/status/824571179532853248,,,8.24571E+17,8.24217E+17
contestadventur,galdonez21,Mentions,26/01/2017 10:54,"Join in
@thexoxoday
@Mel58Solis
@theanimedork1
@King_West_1
@VincentLaronga
@galdonez21
@devinsaurus007
@music_lover105
@itsjh0nny
@1Doogan1",,,,26/01/2017 10:54,https://twitter.com/#!/contestadventur/status/824571179532853248,,,8.24571E+17,8.24217E+17
contestadventur,vincentlaronga,Mentions,26/01/2017 10:54,"Join in
@thexoxoday
@Mel58Solis
@theanimedork1
@King_West_1
@VincentLaronga
@galdonez21
@devinsaurus007
@music_lover105
@itsjh0nny
@1Doogan1",,,,26/01/2017 10:54,https://twitter.com/#!/contestadventur/status/824571179532853248,,,8.24571E+17,8.24217E+17
contestadventur,king_west_1,Mentions,26/01/2017 10:54,"Join in
@thexoxoday
@Mel58Solis
@theanimedork1
@King_West_1
@VincentLaronga
@galdonez21
@devinsaurus007
@music_lover105
@itsjh0nny
@1Doogan1",,,,26/01/2017 10:54,https://twitter.com/#!/contestadventur/status/824571179532853248,,,8.24571E+17,8.24217E+17
contestadventur,theanimedork1,Mentions,26/01/2017 10:54,"Join in
@thexoxoday
@Mel58Solis
@theanimedork1
@King_West_1
@VincentLaronga
@galdonez21
@devinsaurus007
@music_lover105
@itsjh0nny
@1Doogan1",,,,26/01/2017 10:54,https://twitter.com/#!/contestadventur/status/824571179532853248,,,8.24571E+17,8.24217E+17
contestadventur,mel58solis,Mentions,26/01/2017 10:54,"Join in
@thexoxoday
@Mel58Solis
@theanimedork1
@King_West_1
@VincentLaronga
@galdonez21
@devinsaurus007
@music_lover105
@itsjh0nny
@1Doogan1",,,,26/01/2017 10:54,https://twitter.com/#!/contestadventur/status/824571179532853248,,,8.24571E+17,8.24217E+17
contestadventur,monstermelodies,Mentions,26/01/2017 10:54,"Join in
@thexoxoday
@linmichaelj
@Twitter
@SeishinYoake
@pg763567
@JimmyTheWeed
@Emuahunter
@buckstone22
@WWPCast
@monstermelodies",,,,26/01/2017 10:54,https://twitter.com/#!/contestadventur/status/824571277033615360,,,8.24571E+17,8.24217E+17
contestadventur,wwpcast,Mentions,26/01/2017 10:54,"Join in
@thexoxoday
@linmichaelj
@Twitter
@SeishinYoake
@pg763567
@JimmyTheWeed
@Emuahunter
@buckstone22
@WWPCast
@monstermelodies",,,,26/01/2017 10:54,https://twitter.com/#!/contestadventur/status/824571277033615360,,,8.24571E+17,8.24217E+17
contestadventur,buckstone22,Mentions,26/01/2017 10:54,"Join in
@thexoxoday
@linmichaelj
@Twitter
@SeishinYoake
@pg763567
@JimmyTheWeed
@Emuahunter
@buckstone22
@WWPCast
@monstermelodies",,,,26/01/2017 10:54,https://twitter.com/#!/contestadventur/status/824571277033615360,,,8.24571E+17,8.24217E+17
contestadventur,emuahunter,Mentions,26/01/2017 10:54,"Join in
@thexoxoday
@linmichaelj
@Twitter
@SeishinYoake
@pg763567
@JimmyTheWeed
@Emuahunter
@buckstone22
@WWPCast
@monstermelodies",,,,26/01/2017 10:54,https://twitter.com/#!/contestadventur/status/824571277033615360,,,8.24571E+17,8.24217E+17
contestadventur,jimmytheweed,Mentions,26/01/2017 10:54,"Join in
@thexoxoday
@linmichaelj
@Twitter
@SeishinYoake
@pg763567
@JimmyTheWeed
@Emuahunter
@buckstone22
@WWPCast
@monstermelodies",,,,26/01/2017 10:54,https://twitter.com/#!/contestadventur/status/824571277033615360,,,8.24571E+17,8.24217E+17
contestadventur,pg763567,Mentions,26/01/2017 10:54,"Join in
@thexoxoday
@linmichaelj
@Twitter
@SeishinYoake
@pg763567
@JimmyTheWeed
@Emuahunter
@buckstone22
@WWPCast
@monstermelodies",,,,26/01/2017 10:54,https://twitter.com/#!/contestadventur/status/824571277033615360,,,8.24571E+17,8.24217E+17
contestadventur,seishinyoake,Mentions,26/01/2017 10:54,"Join in
@thexoxoday
@linmichaelj
@Twitter
@SeishinYoake
@pg763567
@JimmyTheWeed
@Emuahunter
@buckstone22
@WWPCast
@monstermelodies",,,,26/01/2017 10:54,https://twitter.com/#!/contestadventur/status/824571277033615360,,,8.24571E+17,8.24217E+17
contestadventur,twitter,Mentions,26/01/2017 10:54,"Join in
@thexoxoday
@linmichaelj
@Twitter
@SeishinYoake
@pg763567
@JimmyTheWeed
@Emuahunter
@buckstone22
@WWPCast
@monstermelodies",,,,26/01/2017 10:54,https://twitter.com/#!/contestadventur/status/824571277033615360,,,8.24571E+17,8.24217E+17
contestadventur,linmichaelj,Mentions,26/01/2017 10:54,"Join in
@thexoxoday
@linmichaelj
@Twitter
@SeishinYoake
@pg763567
@JimmyTheWeed
@Emuahunter
@buckstone22
@WWPCast
@monstermelodies",,,,26/01/2017 10:54,https://twitter.com/#!/contestadventur/status/824571277033615360,,,8.24571E+17,8.24217E+17
contestadventur,avicii,Mentions,26/01/2017 10:55,"Join in
@thexoxoday
@danmonaghan
@Irene_Gonzaalez
@realmadrid
@kimmyungtaetae
@yourbakr
@ismailyofficial
@FsoeRecordings
@alyandfila
@Avicii",,,,26/01/2017 10:55,https://twitter.com/#!/contestadventur/status/824571349930696704,,,8.24571E+17,8.24217E+17
contestadventur,alyandfila,Mentions,26/01/2017 10:55,"Join in
@thexoxoday
@danmonaghan
@Irene_Gonzaalez
@realmadrid
@kimmyungtaetae
@yourbakr
@ismailyofficial
@FsoeRecordings
@alyandfila
@Avicii",,,,26/01/2017 10:55,https://twitter.com/#!/contestadventur/status/824571349930696704,,,8.24571E+17,8.24217E+17
contestadventur,fsoerecordings,Mentions,26/01/2017 10:55,"Join in
@thexoxoday
@danmonaghan
@Irene_Gonzaalez
@realmadrid
@kimmyungtaetae
@yourbakr
@ismailyofficial
@FsoeRecordings
@alyandfila
@Avicii",,,,26/01/2017 10:55,https://twitter.com/#!/contestadventur/status/824571349930696704,,,8.24571E+17,8.24217E+17
contestadventur,ismailyofficial,Mentions,26/01/2017 10:55,"Join in
@thexoxoday
@danmonaghan
@Irene_Gonzaalez
@realmadrid
@kimmyungtaetae
@yourbakr
@ismailyofficial
@FsoeRecordings
@alyandfila
@Avicii",,,,26/01/2017 10:55,https://twitter.com/#!/contestadventur/status/824571349930696704,,,8.24571E+17,8.24217E+17
contestadventur,yourbakr,Mentions,26/01/2017 10:55,"Join in
@thexoxoday
@danmonaghan
@Irene_Gonzaalez
@realmadrid
@kimmyungtaetae
@yourbakr
@ismailyofficial
@FsoeRecordings
@alyandfila
@Avicii",,,,26/01/2017 10:55,https://twitter.com/#!/contestadventur/status/824571349930696704,,,8.24571E+17,8.24217E+17
contestadventur,kimmyungtaetae,Mentions,26/01/2017 10:55,"Join in
@thexoxoday
@danmonaghan
@Irene_Gonzaalez
@realmadrid
@kimmyungtaetae
@yourbakr
@ismailyofficial
@FsoeRecordings
@alyandfila
@Avicii",,,,26/01/2017 10:55,https://twitter.com/#!/contestadventur/status/824571349930696704,,,8.24571E+17,8.24217E+17
contestadventur,realmadrid,Mentions,26/01/2017 10:55,"Join in
@thexoxoday
@danmonaghan
@Irene_Gonzaalez
@realmadrid
@kimmyungtaetae
@yourbakr
@ismailyofficial
@FsoeRecordings
@alyandfila
@Avicii",,,,26/01/2017 10:55,https://twitter.com/#!/contestadventur/status/824571349930696704,,,8.24571E+17,8.24217E+17
contestadventur,irene_gonzaalez,Mentions,26/01/2017 10:55,"Join in
@thexoxoday
@danmonaghan
@Irene_Gonzaalez
@realmadrid
@kimmyungtaetae
@yourbakr
@ismailyofficial
@FsoeRecordings
@alyandfila
@Avicii",,,,26/01/2017 10:55,https://twitter.com/#!/contestadventur/status/824571349930696704,,,8.24571E+17,8.24217E+17
contestadventur,danmonaghan,Mentions,26/01/2017 10:55,"Join in
@thexoxoday
@danmonaghan
@Irene_Gonzaalez
@realmadrid
@kimmyungtaetae
@yourbakr
@ismailyofficial
@FsoeRecordings
@alyandfila
@Avicii",,,,26/01/2017 10:55,https://twitter.com/#!/contestadventur/status/824571349930696704,,,8.24571E+17,8.24217E+17
contestadventur,naniemajid,Mentions,26/01/2017 10:55,"Join in
@thexoxoday
@VelaMbambo
@MoonfellWoods
@MaryamAnnuar
@EeKayEss
@keyowo
@wanalee_jw
@kenn_ganda
@NanieMajid
@treliapokoynia",,,,26/01/2017 10:55,https://twitter.com/#!/contestadventur/status/824571409800196096,,,8.24571E+17,8.24217E+17
contestadventur,kenn_ganda,Mentions,26/01/2017 10:55,"Join in
@thexoxoday
@VelaMbambo
@MoonfellWoods
@MaryamAnnuar
@EeKayEss
@keyowo
@wanalee_jw
@kenn_ganda
@NanieMajid
@treliapokoynia",,,,26/01/2017 10:55,https://twitter.com/#!/contestadventur/status/824571409800196096,,,8.24571E+17,8.24217E+17
contestadventur,wanalee_jw,Mentions,26/01/2017 10:55,"Join in
@thexoxoday
@VelaMbambo
@MoonfellWoods
@MaryamAnnuar
@EeKayEss
@keyowo
@wanalee_jw
@kenn_ganda
@NanieMajid
@treliapokoynia",,,,26/01/2017 10:55,https://twitter.com/#!/contestadventur/status/824571409800196096,,,8.24571E+17,8.24217E+17
contestadventur,keyowo,Mentions,26/01/2017 10:55,"Join in
@thexoxoday
@VelaMbambo
@MoonfellWoods
@MaryamAnnuar
@EeKayEss
@keyowo
@wanalee_jw
@kenn_ganda
@NanieMajid
@treliapokoynia",,,,26/01/2017 10:55,https://twitter.com/#!/contestadventur/status/824571409800196096,,,8.24571E+17,8.24217E+17
contestadventur,eekayess,Mentions,26/01/2017 10:55,"Join in
@thexoxoday
@VelaMbambo
@MoonfellWoods
@MaryamAnnuar
@EeKayEss
@keyowo
@wanalee_jw
@kenn_ganda
@NanieMajid
@treliapokoynia",,,,26/01/2017 10:55,https://twitter.com/#!/contestadventur/status/824571409800196096,,,8.24571E+17,8.24217E+17
contestadventur,maryamannuar,Mentions,26/01/2017 10:55,"Join in
@thexoxoday
@VelaMbambo
@MoonfellWoods
@MaryamAnnuar
@EeKayEss
@keyowo
@wanalee_jw
@kenn_ganda
@NanieMajid
@treliapokoynia",,,,26/01/2017 10:55,https://twitter.com/#!/contestadventur/status/824571409800196096,,,8.24571E+17,8.24217E+17
contestadventur,moonfellwoods,Mentions,26/01/2017 10:55,"Join in
@thexoxoday
@VelaMbambo
@MoonfellWoods
@MaryamAnnuar
@EeKayEss
@keyowo
@wanalee_jw
@kenn_ganda
@NanieMajid
@treliapokoynia",,,,26/01/2017 10:55,https://twitter.com/#!/contestadventur/status/824571409800196096,,,8.24571E+17,8.24217E+17
contestadventur,velambambo,Mentions,26/01/2017 10:55,"Join in
@thexoxoday
@VelaMbambo
@MoonfellWoods
@MaryamAnnuar
@EeKayEss
@keyowo
@wanalee_jw
@kenn_ganda
@NanieMajid
@treliapokoynia",,,,26/01/2017 10:55,https://twitter.com/#!/contestadventur/status/824571409800196096,,,8.24571E+17,8.24217E+17
contestadventur,shauqisalleh,Mentions,26/01/2017 10:55,"Join in
@thexoxoday
@jimpaoki4
@officialhhi
@lilfreakmin0923
@HaraGisholt
@rodrigomeninowa
@Badrishasamsdin
@itshnnh_
@shauqisalleh",,,,26/01/2017 10:55,https://twitter.com/#!/contestadventur/status/824571532059959296,,,8.24572E+17,8.24217E+17
contestadventur,badrishasamsdin,Mentions,26/01/2017 10:55,"Join in
@thexoxoday
@jimpaoki4
@officialhhi
@lilfreakmin0923
@HaraGisholt
@rodrigomeninowa
@Badrishasamsdin
@itshnnh_
@shauqisalleh",,,,26/01/2017 10:55,https://twitter.com/#!/contestadventur/status/824571532059959296,,,8.24572E+17,8.24217E+17
contestadventur,haragisholt,Mentions,26/01/2017 10:55,"Join in
@thexoxoday
@jimpaoki4
@officialhhi
@lilfreakmin0923
@HaraGisholt
@rodrigomeninowa
@Badrishasamsdin
@itshnnh_
@shauqisalleh",,,,26/01/2017 10:55,https://twitter.com/#!/contestadventur/status/824571532059959296,,,8.24572E+17,8.24217E+17
contestadventur,lilfreakmin0923,Mentions,26/01/2017 10:55,"Join in
@thexoxoday
@jimpaoki4
@officialhhi
@lilfreakmin0923
@HaraGisholt
@rodrigomeninowa
@Badrishasamsdin
@itshnnh_
@shauqisalleh",,,,26/01/2017 10:55,https://twitter.com/#!/contestadventur/status/824571532059959296,,,8.24572E+17,8.24217E+17
contestadventur,officialhhi,Mentions,26/01/2017 10:55,"Join in
@thexoxoday
@jimpaoki4
@officialhhi
@lilfreakmin0923
@HaraGisholt
@rodrigomeninowa
@Badrishasamsdin
@itshnnh_
@shauqisalleh",,,,26/01/2017 10:55,https://twitter.com/#!/contestadventur/status/824571532059959296,,,8.24572E+17,8.24217E+17
contestadventur,jimpaoki4,Mentions,26/01/2017 10:55,"Join in
@thexoxoday
@jimpaoki4
@officialhhi
@lilfreakmin0923
@HaraGisholt
@rodrigomeninowa
@Badrishasamsdin
@itshnnh_
@shauqisalleh",,,,26/01/2017 10:55,https://twitter.com/#!/contestadventur/status/824571532059959296,,,8.24572E+17,8.24217E+17
contestadventur,evgeniayes,Mentions,26/01/2017 10:56,"Join in
@thexoxoday
@sanju_sikdar
@2OCT2014
@Mdulakshith
@missdwikus
@compassiom
@AdeeMarketing
@szlrmigerialamm
@gialinhung
@EvgeniaYes",,,,26/01/2017 10:56,https://twitter.com/#!/contestadventur/status/824571681708478464,,,8.24572E+17,8.24217E+17
contestadventur,gialinhung,Mentions,26/01/2017 10:56,"Join in
@thexoxoday
@sanju_sikdar
@2OCT2014
@Mdulakshith
@missdwikus
@compassiom
@AdeeMarketing
@szlrmigerialamm
@gialinhung
@EvgeniaYes",,,,26/01/2017 10:56,https://twitter.com/#!/contestadventur/status/824571681708478464,,,8.24572E+17,8.24217E+17
contestadventur,szlrmigerialamm,Mentions,26/01/2017 10:56,"Join in
@thexoxoday
@sanju_sikdar
@2OCT2014
@Mdulakshith
@missdwikus
@compassiom
@AdeeMarketing
@szlrmigerialamm
@gialinhung
@EvgeniaYes",,,,26/01/2017 10:56,https://twitter.com/#!/contestadventur/status/824571681708478464,,,8.24572E+17,8.24217E+17
contestadventur,adeemarketing,Mentions,26/01/2017 10:56,"Join in
@thexoxoday
@sanju_sikdar
@2OCT2014
@Mdulakshith
@missdwikus
@compassiom
@AdeeMarketing
@szlrmigerialamm
@gialinhung
@EvgeniaYes",,,,26/01/2017 10:56,https://twitter.com/#!/contestadventur/status/824571681708478464,,,8.24572E+17,8.24217E+17
contestadventur,compassiom,Mentions,26/01/2017 10:56,"Join in
@thexoxoday
@sanju_sikdar
@2OCT2014
@Mdulakshith
@missdwikus
@compassiom
@AdeeMarketing
@szlrmigerialamm
@gialinhung
@EvgeniaYes",,,,26/01/2017 10:56,https://twitter.com/#!/contestadventur/status/824571681708478464,,,8.24572E+17,8.24217E+17
contestadventur,missdwikus,Mentions,26/01/2017 10:56,"Join in
@thexoxoday
@sanju_sikdar
@2OCT2014
@Mdulakshith
@missdwikus
@compassiom
@AdeeMarketing
@szlrmigerialamm
@gialinhung
@EvgeniaYes",,,,26/01/2017 10:56,https://twitter.com/#!/contestadventur/status/824571681708478464,,,8.24572E+17,8.24217E+17
contestadventur,mdulakshith,Mentions,26/01/2017 10:56,"Join in
@thexoxoday
@sanju_sikdar
@2OCT2014
@Mdulakshith
@missdwikus
@compassiom
@AdeeMarketing
@szlrmigerialamm
@gialinhung
@EvgeniaYes",,,,26/01/2017 10:56,https://twitter.com/#!/contestadventur/status/824571681708478464,,,8.24572E+17,8.24217E+17
contestadventur,sanju_sikdar,Mentions,26/01/2017 10:56,"Join in
@thexoxoday
@sanju_sikdar
@2OCT2014
@Mdulakshith
@missdwikus
@compassiom
@AdeeMarketing
@szlrmigerialamm
@gialinhung
@EvgeniaYes",,,,26/01/2017 10:56,https://twitter.com/#!/contestadventur/status/824571681708478464,,,8.24572E+17,8.24217E+17
contestadventur,beadgv28,Mentions,26/01/2017 10:57,"Join in
@thexoxoday
@kadircoskunnn
@ShohaMethila
@kendappa127
@kazakhdragon
@konradhjrn
@aren2832
@imxlarax
@BeaDgv28
@racheleluna1017",,,,26/01/2017 10:57,https://twitter.com/#!/contestadventur/status/824571893785112576,,,8.24572E+17,8.24217E+17
contestadventur,aren2832,Mentions,26/01/2017 10:57,"Join in
@thexoxoday
@kadircoskunnn
@ShohaMethila
@kendappa127
@kazakhdragon
@konradhjrn
@aren2832
@imxlarax
@BeaDgv28
@racheleluna1017",,,,26/01/2017 10:57,https://twitter.com/#!/contestadventur/status/824571893785112576,,,8.24572E+17,8.24217E+17
contestadventur,kazakhdragon,Mentions,26/01/2017 10:57,"Join in
@thexoxoday
@kadircoskunnn
@ShohaMethila
@kendappa127
@kazakhdragon
@konradhjrn
@aren2832
@imxlarax
@BeaDgv28
@racheleluna1017",,,,26/01/2017 10:57,https://twitter.com/#!/contestadventur/status/824571893785112576,,,8.24572E+17,8.24217E+17
contestadventur,kendappa127,Mentions,26/01/2017 10:57,"Join in
@thexoxoday
@kadircoskunnn
@ShohaMethila
@kendappa127
@kazakhdragon
@konradhjrn
@aren2832
@imxlarax
@BeaDgv28
@racheleluna1017",,,,26/01/2017 10:57,https://twitter.com/#!/contestadventur/status/824571893785112576,,,8.24572E+17,8.24217E+17
contestadventur,shohamethila,Mentions,26/01/2017 10:57,"Join in
@thexoxoday
@kadircoskunnn
@ShohaMethila
@kendappa127
@kazakhdragon
@konradhjrn
@aren2832
@imxlarax
@BeaDgv28
@racheleluna1017",,,,26/01/2017 10:57,https://twitter.com/#!/contestadventur/status/824571893785112576,,,8.24572E+17,8.24217E+17
contestadventur,kadircoskunnn,Mentions,26/01/2017 10:57,"Join in
@thexoxoday
@kadircoskunnn
@ShohaMethila
@kendappa127
@kazakhdragon
@konradhjrn
@aren2832
@imxlarax
@BeaDgv28
@racheleluna1017",,,,26/01/2017 10:57,https://twitter.com/#!/contestadventur/status/824571893785112576,,,8.24572E+17,8.24217E+17
contestadventur,gavinohara,Mentions,26/01/2017 10:57,"Join in
@thexoxoday
@racheleluna1017
@Mickamousey
@mench0830
@MAHAMOSA
@NstructdTung
@Emmie
@lenovo
@kinghumphry
@mariecoronel
@gavinohara",,,,26/01/2017 10:57,https://twitter.com/#!/contestadventur/status/824572060890329090,,,8.24572E+17,8.24217E+17
contestadventur,mariecoronel,Mentions,26/01/2017 10:57,"Join in
@thexoxoday
@racheleluna1017
@Mickamousey
@mench0830
@MAHAMOSA
@NstructdTung
@Emmie
@lenovo
@kinghumphry
@mariecoronel
@gavinohara",,,,26/01/2017 10:57,https://twitter.com/#!/contestadventur/status/824572060890329090,,,8.24572E+17,8.24217E+17
contestadventur,kinghumphry,Mentions,26/01/2017 10:57,"Join in
@thexoxoday
@racheleluna1017
@Mickamousey
@mench0830
@MAHAMOSA
@NstructdTung
@Emmie
@lenovo
@kinghumphry
@mariecoronel
@gavinohara",,,,26/01/2017 10:57,https://twitter.com/#!/contestadventur/status/824572060890329090,,,8.24572E+17,8.24217E+17
contestadventur,lenovo,Mentions,26/01/2017 10:57,"Join in
@thexoxoday
@racheleluna1017
@Mickamousey
@mench0830
@MAHAMOSA
@NstructdTung
@Emmie
@lenovo
@kinghumphry
@mariecoronel
@gavinohara",,,,26/01/2017 10:57,https://twitter.com/#!/contestadventur/status/824572060890329090,,,8.24572E+17,8.24217E+17
contestadventur,emmie,Mentions,26/01/2017 10:57,"Join in
@thexoxoday
@racheleluna1017
@Mickamousey
@mench0830
@MAHAMOSA
@NstructdTung
@Emmie
@lenovo
@kinghumphry
@mariecoronel
@gavinohara",,,,26/01/2017 10:57,https://twitter.com/#!/contestadventur/status/824572060890329090,,,8.24572E+17,8.24217E+17
contestadventur,nstructdtung,Mentions,26/01/2017 10:57,"Join in
@thexoxoday
@racheleluna1017
@Mickamousey
@mench0830
@MAHAMOSA
@NstructdTung
@Emmie
@lenovo
@kinghumphry
@mariecoronel
@gavinohara",,,,26/01/2017 10:57,https://twitter.com/#!/contestadventur/status/824572060890329090,,,8.24572E+17,8.24217E+17
contestadventur,mahamosa,Mentions,26/01/2017 10:57,"Join in
@thexoxoday
@racheleluna1017
@Mickamousey
@mench0830
@MAHAMOSA
@NstructdTung
@Emmie
@lenovo
@kinghumphry
@mariecoronel
@gavinohara",,,,26/01/2017 10:57,https://twitter.com/#!/contestadventur/status/824572060890329090,,,8.24572E+17,8.24217E+17
contestadventur,mench0830,Mentions,26/01/2017 10:57,"Join in
@thexoxoday
@racheleluna1017
@Mickamousey
@mench0830
@MAHAMOSA
@NstructdTung
@Emmie
@lenovo
@kinghumphry
@mariecoronel
@gavinohara",,,,26/01/2017 10:57,https://twitter.com/#!/contestadventur/status/824572060890329090,,,8.24572E+17,8.24217E+17
contestadventur,towardsutopia,Mentions,26/01/2017 10:58,"Join in
@thexoxoday
@AnkitAnand_12
@solitaire_cat
@ranoejyondaime
@ayyylexa
@christiandrl17
@prakhar2028
@nancorocolo
@towardsutopia",,,,26/01/2017 10:58,https://twitter.com/#!/contestadventur/status/824572215999885312,,,8.24572E+17,8.24217E+17
contestadventur,nancorocolo,Mentions,26/01/2017 10:58,"Join in
@thexoxoday
@AnkitAnand_12
@solitaire_cat
@ranoejyondaime
@ayyylexa
@christiandrl17
@prakhar2028
@nancorocolo
@towardsutopia",,,,26/01/2017 10:58,https://twitter.com/#!/contestadventur/status/824572215999885312,,,8.24572E+17,8.24217E+17
contestadventur,prakhar2028,Mentions,26/01/2017 10:58,"Join in
@thexoxoday
@AnkitAnand_12
@solitaire_cat
@ranoejyondaime
@ayyylexa
@christiandrl17
@prakhar2028
@nancorocolo
@towardsutopia",,,,26/01/2017 10:58,https://twitter.com/#!/contestadventur/status/824572215999885312,,,8.24572E+17,8.24217E+17
contestadventur,christiandrl17,Mentions,26/01/2017 10:58,"Join in
@thexoxoday
@AnkitAnand_12
@solitaire_cat
@ranoejyondaime
@ayyylexa
@christiandrl17
@prakhar2028
@nancorocolo
@towardsutopia",,,,26/01/2017 10:58,https://twitter.com/#!/contestadventur/status/824572215999885312,,,8.24572E+17,8.24217E+17
contestadventur,ranoejyondaime,Mentions,26/01/2017 10:58,"Join in
@thexoxoday
@AnkitAnand_12
@solitaire_cat
@ranoejyondaime
@ayyylexa
@christiandrl17
@prakhar2028
@nancorocolo
@towardsutopia",,,,26/01/2017 10:58,https://twitter.com/#!/contestadventur/status/824572215999885312,,,8.24572E+17,8.24217E+17
contestadventur,solitaire_cat,Mentions,26/01/2017 10:58,"Join in
@thexoxoday
@AnkitAnand_12
@solitaire_cat
@ranoejyondaime
@ayyylexa
@christiandrl17
@prakhar2028
@nancorocolo
@towardsutopia",,,,26/01/2017 10:58,https://twitter.com/#!/contestadventur/status/824572215999885312,,,8.24572E+17,8.24217E+17
contestadventur,ankitanand_12,Mentions,26/01/2017 10:58,"Join in
@thexoxoday
@AnkitAnand_12
@solitaire_cat
@ranoejyondaime
@ayyylexa
@christiandrl17
@prakhar2028
@nancorocolo
@towardsutopia",,,,26/01/2017 10:58,https://twitter.com/#!/contestadventur/status/824572215999885312,,,8.24572E+17,8.24217E+17
contestadventur,djforge,Mentions,26/01/2017 10:58,"Join in
@thexoxoday
@GodLovesSchlubs
@ManteoGroup
@Skrjifen
@littlebitsofall
@llaverotec
@HenR_ict
@saliamma91
@satbirswami1
@djforge",,,,26/01/2017 10:58,https://twitter.com/#!/contestadventur/status/824572310828953600,,,8.24572E+17,8.24217E+17
contestadventur,satbirswami1,Mentions,26/01/2017 10:58,"Join in
@thexoxoday
@GodLovesSchlubs
@ManteoGroup
@Skrjifen
@littlebitsofall
@llaverotec
@HenR_ict
@saliamma91
@satbirswami1
@djforge",,,,26/01/2017 10:58,https://twitter.com/#!/contestadventur/status/824572310828953600,,,8.24572E+17,8.24217E+17
contestadventur,saliamma91,Mentions,26/01/2017 10:58,"Join in
@thexoxoday
@GodLovesSchlubs
@ManteoGroup
@Skrjifen
@littlebitsofall
@llaverotec
@HenR_ict
@saliamma91
@satbirswami1
@djforge",,,,26/01/2017 10:58,https://twitter.com/#!/contestadventur/status/824572310828953600,,,8.24572E+17,8.24217E+17
contestadventur,henr_ict,Mentions,26/01/2017 10:58,"Join in
@thexoxoday
@GodLovesSchlubs
@ManteoGroup
@Skrjifen
@littlebitsofall
@llaverotec
@HenR_ict
@saliamma91
@satbirswami1
@djforge",,,,26/01/2017 10:58,https://twitter.com/#!/contestadventur/status/824572310828953600,,,8.24572E+17,8.24217E+17
contestadventur,llaverotec,Mentions,26/01/2017 10:58,"Join in
@thexoxoday
@GodLovesSchlubs
@ManteoGroup
@Skrjifen
@littlebitsofall
@llaverotec
@HenR_ict
@saliamma91
@satbirswami1
@djforge",,,,26/01/2017 10:58,https://twitter.com/#!/contestadventur/status/824572310828953600,,,8.24572E+17,8.24217E+17
contestadventur,littlebitsofall,Mentions,26/01/2017 10:58,"Join in
@thexoxoday
@GodLovesSchlubs
@ManteoGroup
@Skrjifen
@littlebitsofall
@llaverotec
@HenR_ict
@saliamma91
@satbirswami1
@djforge",,,,26/01/2017 10:58,https://twitter.com/#!/contestadventur/status/824572310828953600,,,8.24572E+17,8.24217E+17
contestadventur,skrjifen,Mentions,26/01/2017 10:58,"Join in
@thexoxoday
@GodLovesSchlubs
@ManteoGroup
@Skrjifen
@littlebitsofall
@llaverotec
@HenR_ict
@saliamma91
@satbirswami1
@djforge",,,,26/01/2017 10:58,https://twitter.com/#!/contestadventur/status/824572310828953600,,,8.24572E+17,8.24217E+17
contestadventur,manteogroup,Mentions,26/01/2017 10:58,"Join in
@thexoxoday
@GodLovesSchlubs
@ManteoGroup
@Skrjifen
@littlebitsofall
@llaverotec
@HenR_ict
@saliamma91
@satbirswami1
@djforge",,,,26/01/2017 10:58,https://twitter.com/#!/contestadventur/status/824572310828953600,,,8.24572E+17,8.24217E+17
contestadventur,godlovesschlubs,Mentions,26/01/2017 10:58,"Join in
@thexoxoday
@GodLovesSchlubs
@ManteoGroup
@Skrjifen
@littlebitsofall
@llaverotec
@HenR_ict
@saliamma91
@satbirswami1
@djforge",,,,26/01/2017 10:58,https://twitter.com/#!/contestadventur/status/824572310828953600,,,8.24572E+17,8.24217E+17
contestadventur,silicona77ey,Mentions,26/01/2017 10:59,"Join in
@thexoxoday
@GoHeels
@guarav_gv
@SarangiSushrut
@debkanchansama1
@alexandruadam41
@pidong1993
@jr
@Vickifand
@SiliconA77ey",,,,26/01/2017 10:59,https://twitter.com/#!/contestadventur/status/824572406953959424,,,8.24572E+17,8.24217E+17
contestadventur,vickifand,Mentions,26/01/2017 10:59,"Join in
@thexoxoday
@GoHeels
@guarav_gv
@SarangiSushrut
@debkanchansama1
@alexandruadam41
@pidong1993
@jr
@Vickifand
@SiliconA77ey",,,,26/01/2017 10:59,https://twitter.com/#!/contestadventur/status/824572406953959424,,,8.24572E+17,8.24217E+17
contestadventur,jr,Mentions,26/01/2017 10:59,"Join in
@thexoxoday
@GoHeels
@guarav_gv
@SarangiSushrut
@debkanchansama1
@alexandruadam41
@pidong1993
@jr
@Vickifand
@SiliconA77ey",,,,26/01/2017 10:59,https://twitter.com/#!/contestadventur/status/824572406953959424,,,8.24572E+17,8.24217E+17
contestadventur,pidong1993,Mentions,26/01/2017 10:59,"Join in
@thexoxoday
@GoHeels
@guarav_gv
@SarangiSushrut
@debkanchansama1
@alexandruadam41
@pidong1993
@jr
@Vickifand
@SiliconA77ey",,,,26/01/2017 10:59,https://twitter.com/#!/contestadventur/status/824572406953959424,,,8.24572E+17,8.24217E+17
contestadventur,alexandruadam41,Mentions,26/01/2017 10:59,"Join in
@thexoxoday
@GoHeels
@guarav_gv
@SarangiSushrut
@debkanchansama1
@alexandruadam41
@pidong1993
@jr
@Vickifand
@SiliconA77ey",,,,26/01/2017 10:59,https://twitter.com/#!/contestadventur/status/824572406953959424,,,8.24572E+17,8.24217E+17
contestadventur,debkanchansama1,Mentions,26/01/2017 10:59,"Join in
@thexoxoday
@GoHeels
@guarav_gv
@SarangiSushrut
@debkanchansama1
@alexandruadam41
@pidong1993
@jr
@Vickifand
@SiliconA77ey",,,,26/01/2017 10:59,https://twitter.com/#!/contestadventur/status/824572406953959424,,,8.24572E+17,8.24217E+17
contestadventur,sarangisushrut,Mentions,26/01/2017 10:59,"Join in
@thexoxoday
@GoHeels
@guarav_gv
@SarangiSushrut
@debkanchansama1
@alexandruadam41
@pidong1993
@jr
@Vickifand
@SiliconA77ey",,,,26/01/2017 10:59,https://twitter.com/#!/contestadventur/status/824572406953959424,,,8.24572E+17,8.24217E+17
contestadventur,guarav_gv,Mentions,26/01/2017 10:59,"Join in
@thexoxoday
@GoHeels
@guarav_gv
@SarangiSushrut
@debkanchansama1
@alexandruadam41
@pidong1993
@jr
@Vickifand
@SiliconA77ey",,,,26/01/2017 10:59,https://twitter.com/#!/contestadventur/status/824572406953959424,,,8.24572E+17,8.24217E+17
contestadventur,goheels,Mentions,26/01/2017 10:59,"Join in
@thexoxoday
@GoHeels
@guarav_gv
@SarangiSushrut
@debkanchansama1
@alexandruadam41
@pidong1993
@jr
@Vickifand
@SiliconA77ey",,,,26/01/2017 10:59,https://twitter.com/#!/contestadventur/status/824572406953959424,,,8.24572E+17,8.24217E+17
contestadventur,lzshamrilza,Mentions,26/01/2017 10:59,"Join in
@thexoxoday
@fragosodaniel99
@funcke_
@vinfamor
@GanesanMukil
@zoho
@shraddh57862218
@ratul_duwarah
@WmS00BOWvGY3eFX
@LzShamrilza",,,,26/01/2017 10:59,https://twitter.com/#!/contestadventur/status/824572556829003778,,,8.24573E+17,8.24217E+17
contestadventur,wms00bowvgy3efx,Mentions,26/01/2017 10:59,"Join in
@thexoxoday
@fragosodaniel99
@funcke_
@vinfamor
@GanesanMukil
@zoho
@shraddh57862218
@ratul_duwarah
@WmS00BOWvGY3eFX
@LzShamrilza",,,,26/01/2017 10:59,https://twitter.com/#!/contestadventur/status/824572556829003778,,,8.24573E+17,8.24217E+17
contestadventur,ratul_duwarah,Mentions,26/01/2017 10:59,"Join in
@thexoxoday
@fragosodaniel99
@funcke_
@vinfamor
@GanesanMukil
@zoho
@shraddh57862218
@ratul_duwarah
@WmS00BOWvGY3eFX
@LzShamrilza",,,,26/01/2017 10:59,https://twitter.com/#!/contestadventur/status/824572556829003778,,,8.24573E+17,8.24217E+17
contestadventur,zoho,Mentions,26/01/2017 10:59,"Join in
@thexoxoday
@fragosodaniel99
@funcke_
@vinfamor
@GanesanMukil
@zoho
@shraddh57862218
@ratul_duwarah
@WmS00BOWvGY3eFX
@LzShamrilza",,,,26/01/2017 10:59,https://twitter.com/#!/contestadventur/status/824572556829003778,,,8.24573E+17,8.24217E+17
contestadventur,ganesanmukil,Mentions,26/01/2017 10:59,"Join in
@thexoxoday
@fragosodaniel99
@funcke_
@vinfamor
@GanesanMukil
@zoho
@shraddh57862218
@ratul_duwarah
@WmS00BOWvGY3eFX
@LzShamrilza",,,,26/01/2017 10:59,https://twitter.com/#!/contestadventur/status/824572556829003778,,,8.24573E+17,8.24217E+17
contestadventur,vinfamor,Mentions,26/01/2017 10:59,"Join in
@thexoxoday
@fragosodaniel99
@funcke_
@vinfamor
@GanesanMukil
@zoho
@shraddh57862218
@ratul_duwarah
@WmS00BOWvGY3eFX
@LzShamrilza",,,,26/01/2017 10:59,https://twitter.com/#!/contestadventur/status/824572556829003778,,,8.24573E+17,8.24217E+17
contestadventur,funcke_,Mentions,26/01/2017 10:59,"Join in
@thexoxoday
@fragosodaniel99
@funcke_
@vinfamor
@GanesanMukil
@zoho
@shraddh57862218
@ratul_duwarah
@WmS00BOWvGY3eFX
@LzShamrilza",,,,26/01/2017 10:59,https://twitter.com/#!/contestadventur/status/824572556829003778,,,8.24573E+17,8.24217E+17
contestadventur,fragosodaniel99,Mentions,26/01/2017 10:59,"Join in
@thexoxoday
@fragosodaniel99
@funcke_
@vinfamor
@GanesanMukil
@zoho
@shraddh57862218
@ratul_duwarah
@WmS00BOWvGY3eFX
@LzShamrilza",,,,26/01/2017 10:59,https://twitter.com/#!/contestadventur/status/824572556829003778,,,8.24573E+17,8.24217E+17
contestadventur,lou4cap,Mentions,26/01/2017 11:00,"Join in
@thexoxoday
@ladyogrady
@JamieOGrady
@ameriporean
@saxenak1
@TauraJumi
@dtathu
@MarinaTommo_1D
@ClaudiaLOrtega
@P_Gwendo
@lou4cap",,,,26/01/2017 11:00,https://twitter.com/#!/contestadventur/status/824572688857313280,,,8.24573E+17,8.24217E+17
contestadventur,p_gwendo,Mentions,26/01/2017 11:00,"Join in
@thexoxoday
@ladyogrady
@JamieOGrady
@ameriporean
@saxenak1
@TauraJumi
@dtathu
@MarinaTommo_1D
@ClaudiaLOrtega
@P_Gwendo
@lou4cap",,,,26/01/2017 11:00,https://twitter.com/#!/contestadventur/status/824572688857313280,,,8.24573E+17,8.24217E+17
contestadventur,claudialortega,Mentions,26/01/2017 11:00,"Join in
@thexoxoday
@ladyogrady
@JamieOGrady
@ameriporean
@saxenak1
@TauraJumi
@dtathu
@MarinaTommo_1D
@ClaudiaLOrtega
@P_Gwendo
@lou4cap",,,,26/01/2017 11:00,https://twitter.com/#!/contestadventur/status/824572688857313280,,,8.24573E+17,8.24217E+17
contestadventur,dtathu,Mentions,26/01/2017 11:00,"Join in
@thexoxoday
@ladyogrady
@JamieOGrady
@ameriporean
@saxenak1
@TauraJumi
@dtathu
@MarinaTommo_1D
@ClaudiaLOrtega
@P_Gwendo
@lou4cap",,,,26/01/2017 11:00,https://twitter.com/#!/contestadventur/status/824572688857313280,,,8.24573E+17,8.24217E+17
contestadventur,taurajumi,Mentions,26/01/2017 11:00,"Join in
@thexoxoday
@ladyogrady
@JamieOGrady
@ameriporean
@saxenak1
@TauraJumi
@dtathu
@MarinaTommo_1D
@ClaudiaLOrtega
@P_Gwendo
@lou4cap",,,,26/01/2017 11:00,https://twitter.com/#!/contestadventur/status/824572688857313280,,,8.24573E+17,8.24217E+17
contestadventur,saxenak1,Mentions,26/01/2017 11:00,"Join in
@thexoxoday
@ladyogrady
@JamieOGrady
@ameriporean
@saxenak1
@TauraJumi
@dtathu
@MarinaTommo_1D
@ClaudiaLOrtega
@P_Gwendo
@lou4cap",,,,26/01/2017 11:00,https://twitter.com/#!/contestadventur/status/824572688857313280,,,8.24573E+17,8.24217E+17
contestadventur,ameriporean,Mentions,26/01/2017 11:00,"Join in
@thexoxoday
@ladyogrady
@JamieOGrady
@ameriporean
@saxenak1
@TauraJumi
@dtathu
@MarinaTommo_1D
@ClaudiaLOrtega
@P_Gwendo
@lou4cap",,,,26/01/2017 11:00,https://twitter.com/#!/contestadventur/status/824572688857313280,,,8.24573E+17,8.24217E+17
contestadventur,jamieogrady,Mentions,26/01/2017 11:00,"Join in
@thexoxoday
@ladyogrady
@JamieOGrady
@ameriporean
@saxenak1
@TauraJumi
@dtathu
@MarinaTommo_1D
@ClaudiaLOrtega
@P_Gwendo
@lou4cap",,,,26/01/2017 11:00,https://twitter.com/#!/contestadventur/status/824572688857313280,,,8.24573E+17,8.24217E+17
contestadventur,ladyogrady,Mentions,26/01/2017 11:00,"Join in
@thexoxoday
@ladyogrady
@JamieOGrady
@ameriporean
@saxenak1
@TauraJumi
@dtathu
@MarinaTommo_1D
@ClaudiaLOrtega
@P_Gwendo
@lou4cap",,,,26/01/2017 11:00,https://twitter.com/#!/contestadventur/status/824572688857313280,,,8.24573E+17,8.24217E+17
contestadventur,orelxxsangster,Mentions,26/01/2017 11:00,"Join in
@thexoxoday
@chloe_miles8
@vdxsomerhalder
@hemmoticam
@hpswifts
@Manon_pr
@marie9194
@LeslyMeline
@TeamMeline
@orelxxsangster",,,,26/01/2017 11:00,https://twitter.com/#!/contestadventur/status/824572812832567297,,,8.24573E+17,8.24217E+17
contestadventur,teammeline,Mentions,26/01/2017 11:00,"Join in
@thexoxoday
@chloe_miles8
@vdxsomerhalder
@hemmoticam
@hpswifts
@Manon_pr
@marie9194
@LeslyMeline
@TeamMeline
@orelxxsangster",,,,26/01/2017 11:00,https://twitter.com/#!/contestadventur/status/824572812832567297,,,8.24573E+17,8.24217E+17
contestadventur,leslymeline,Mentions,26/01/2017 11:00,"Join in
@thexoxoday
@chloe_miles8
@vdxsomerhalder
@hemmoticam
@hpswifts
@Manon_pr
@marie9194
@LeslyMeline
@TeamMeline
@orelxxsangster",,,,26/01/2017 11:00,https://twitter.com/#!/contestadventur/status/824572812832567297,,,8.24573E+17,8.24217E+17
contestadventur,marie9194,Mentions,26/01/2017 11:00,"Join in
@thexoxoday
@chloe_miles8
@vdxsomerhalder
@hemmoticam
@hpswifts
@Manon_pr
@marie9194
@LeslyMeline
@TeamMeline
@orelxxsangster",,,,26/01/2017 11:00,https://twitter.com/#!/contestadventur/status/824572812832567297,,,8.24573E+17,8.24217E+17
contestadventur,manon_pr,Mentions,26/01/2017 11:00,"Join in
@thexoxoday
@chloe_miles8
@vdxsomerhalder
@hemmoticam
@hpswifts
@Manon_pr
@marie9194
@LeslyMeline
@TeamMeline
@orelxxsangster",,,,26/01/2017 11:00,https://twitter.com/#!/contestadventur/status/824572812832567297,,,8.24573E+17,8.24217E+17
contestadventur,hpswifts,Mentions,26/01/2017 11:00,"Join in
@thexoxoday
@chloe_miles8
@vdxsomerhalder
@hemmoticam
@hpswifts
@Manon_pr
@marie9194
@LeslyMeline
@TeamMeline
@orelxxsangster",,,,26/01/2017 11:00,https://twitter.com/#!/contestadventur/status/824572812832567297,,,8.24573E+17,8.24217E+17
contestadventur,hemmoticam,Mentions,26/01/2017 11:00,"Join in
@thexoxoday
@chloe_miles8
@vdxsomerhalder
@hemmoticam
@hpswifts
@Manon_pr
@marie9194
@LeslyMeline
@TeamMeline
@orelxxsangster",,,,26/01/2017 11:00,https://twitter.com/#!/contestadventur/status/824572812832567297,,,8.24573E+17,8.24217E+17
contestadventur,vdxsomerhalder,Mentions,26/01/2017 11:00,"Join in
@thexoxoday
@chloe_miles8
@vdxsomerhalder
@hemmoticam
@hpswifts
@Manon_pr
@marie9194
@LeslyMeline
@TeamMeline
@orelxxsangster",,,,26/01/2017 11:00,https://twitter.com/#!/contestadventur/status/824572812832567297,,,8.24573E+17,8.24217E+17
contestadventur,chloe_miles8,Mentions,26/01/2017 11:00,"Join in
@thexoxoday
@chloe_miles8
@vdxsomerhalder
@hemmoticam
@hpswifts
@Manon_pr
@marie9194
@LeslyMeline
@TeamMeline
@orelxxsangster",,,,26/01/2017 11:00,https://twitter.com/#!/contestadventur/status/824572812832567297,,,8.24573E+17,8.24217E+17
contestadventur,lena_dlsd,Mentions,26/01/2017 11:01,"Join in
@thexoxoday
@mattvvno
@a0412s
@sangsterthomas
@TheWindmill13
@UsaManon
@Chloclooo06
@OceaneOnimus
@Tatiana__DM
@wnbz8
@lena_dlsd",,,,26/01/2017 11:01,https://twitter.com/#!/contestadventur/status/824572926598868993,,,8.24573E+17,8.24217E+17
contestadventur,wnbz8,Mentions,26/01/2017 11:01,"Join in
@thexoxoday
@mattvvno
@a0412s
@sangsterthomas
@TheWindmill13
@UsaManon
@Chloclooo06
@OceaneOnimus
@Tatiana__DM
@wnbz8
@lena_dlsd",,,,26/01/2017 11:01,https://twitter.com/#!/contestadventur/status/824572926598868993,,,8.24573E+17,8.24217E+17
contestadventur,tatiana__dm,Mentions,26/01/2017 11:01,"Join in
@thexoxoday
@mattvvno
@a0412s
@sangsterthomas
@TheWindmill13
@UsaManon
@Chloclooo06
@OceaneOnimus
@Tatiana__DM
@wnbz8
@lena_dlsd",,,,26/01/2017 11:01,https://twitter.com/#!/contestadventur/status/824572926598868993,,,8.24573E+17,8.24217E+17
contestadventur,oceaneonimus,Mentions,26/01/2017 11:01,"Join in
@thexoxoday
@mattvvno
@a0412s
@sangsterthomas
@TheWindmill13
@UsaManon
@Chloclooo06
@OceaneOnimus
@Tatiana__DM
@wnbz8
@lena_dlsd",,,,26/01/2017 11:01,https://twitter.com/#!/contestadventur/status/824572926598868993,,,8.24573E+17,8.24217E+17
contestadventur,chloclooo06,Mentions,26/01/2017 11:01,"Join in
@thexoxoday
@mattvvno
@a0412s
@sangsterthomas
@TheWindmill13
@UsaManon
@Chloclooo06
@OceaneOnimus
@Tatiana__DM
@wnbz8
@lena_dlsd",,,,26/01/2017 11:01,https://twitter.com/#!/contestadventur/status/824572926598868993,,,8.24573E+17,8.24217E+17
contestadventur,usamanon,Mentions,26/01/2017 11:01,"Join in
@thexoxoday
@mattvvno
@a0412s
@sangsterthomas
@TheWindmill13
@UsaManon
@Chloclooo06
@OceaneOnimus
@Tatiana__DM
@wnbz8
@lena_dlsd",,,,26/01/2017 11:01,https://twitter.com/#!/contestadventur/status/824572926598868993,,,8.24573E+17,8.24217E+17
contestadventur,sangsterthomas,Mentions,26/01/2017 11:01,"Join in
@thexoxoday
@mattvvno
@a0412s
@sangsterthomas
@TheWindmill13
@UsaManon
@Chloclooo06
@OceaneOnimus
@Tatiana__DM
@wnbz8
@lena_dlsd",,,,26/01/2017 11:01,https://twitter.com/#!/contestadventur/status/824572926598868993,,,8.24573E+17,8.24217E+17
contestadventur,mattvvno,Mentions,26/01/2017 11:01,"Join in
@thexoxoday
@mattvvno
@a0412s
@sangsterthomas
@TheWindmill13
@UsaManon
@Chloclooo06
@OceaneOnimus
@Tatiana__DM
@wnbz8
@lena_dlsd",,,,26/01/2017 11:01,https://twitter.com/#!/contestadventur/status/824572926598868993,,,8.24573E+17,8.24217E+17
contestadventur,camille_dlnoy,Mentions,26/01/2017 11:01,"Join in
@thexoxoday
@iman_2a
@romanesldd
@svlvatores
@bombvillegas
@thatzdobrev
@EvisGrezda
@Summerjele
@jeremyvlz
@camille_dlnoy",,,,26/01/2017 11:01,https://twitter.com/#!/contestadventur/status/824573036560920577,,,8.24573E+17,8.24217E+17
contestadventur,jeremyvlz,Mentions,26/01/2017 11:01,"Join in
@thexoxoday
@iman_2a
@romanesldd
@svlvatores
@bombvillegas
@thatzdobrev
@EvisGrezda
@Summerjele
@jeremyvlz
@camille_dlnoy",,,,26/01/2017 11:01,https://twitter.com/#!/contestadventur/status/824573036560920577,,,8.24573E+17,8.24217E+17
contestadventur,summerjele,Mentions,26/01/2017 11:01,"Join in
@thexoxoday
@iman_2a
@romanesldd
@svlvatores
@bombvillegas
@thatzdobrev
@EvisGrezda
@Summerjele
@jeremyvlz
@camille_dlnoy",,,,26/01/2017 11:01,https://twitter.com/#!/contestadventur/status/824573036560920577,,,8.24573E+17,8.24217E+17
contestadventur,evisgrezda,Mentions,26/01/2017 11:01,"Join in
@thexoxoday
@iman_2a
@romanesldd
@svlvatores
@bombvillegas
@thatzdobrev
@EvisGrezda
@Summerjele
@jeremyvlz
@camille_dlnoy",,,,26/01/2017 11:01,https://twitter.com/#!/contestadventur/status/824573036560920577,,,8.24573E+17,8.24217E+17
contestadventur,thatzdobrev,Mentions,26/01/2017 11:01,"Join in
@thexoxoday
@iman_2a
@romanesldd
@svlvatores
@bombvillegas
@thatzdobrev
@EvisGrezda
@Summerjele
@jeremyvlz
@camille_dlnoy",,,,26/01/2017 11:01,https://twitter.com/#!/contestadventur/status/824573036560920577,,,8.24573E+17,8.24217E+17
contestadventur,bombvillegas,Mentions,26/01/2017 11:01,"Join in
@thexoxoday
@iman_2a
@romanesldd
@svlvatores
@bombvillegas
@thatzdobrev
@EvisGrezda
@Summerjele
@jeremyvlz
@camille_dlnoy",,,,26/01/2017 11:01,https://twitter.com/#!/contestadventur/status/824573036560920577,,,8.24573E+17,8.24217E+17
contestadventur,svlvatores,Mentions,26/01/2017 11:01,"Join in
@thexoxoday
@iman_2a
@romanesldd
@svlvatores
@bombvillegas
@thatzdobrev
@EvisGrezda
@Summerjele
@jeremyvlz
@camille_dlnoy",,,,26/01/2017 11:01,https://twitter.com/#!/contestadventur/status/824573036560920577,,,8.24573E+17,8.24217E+17
contestadventur,romanesldd,Mentions,26/01/2017 11:01,"Join in
@thexoxoday
@iman_2a
@romanesldd
@svlvatores
@bombvillegas
@thatzdobrev
@EvisGrezda
@Summerjele
@jeremyvlz
@camille_dlnoy",,,,26/01/2017 11:01,https://twitter.com/#!/contestadventur/status/824573036560920577,,,8.24573E+17,8.24217E+17
contestadventur,iman_2a,Mentions,26/01/2017 11:01,"Join in
@thexoxoday
@iman_2a
@romanesldd
@svlvatores
@bombvillegas
@thatzdobrev
@EvisGrezda
@Summerjele
@jeremyvlz
@camille_dlnoy",,,,26/01/2017 11:01,https://twitter.com/#!/contestadventur/status/824573036560920577,,,8.24573E+17,8.24217E+17
contestadventur,lau_strghtta,Mentions,26/01/2017 11:02,"Join in
@thexoxoday
@AgatheFumey
@_juliiiette
@DoraMac2
@Secret_Vampires
@aurdown
@Faustinegoliard
@lilou_mrchl
@ManonGusse
@lau_strghtta",,,,26/01/2017 11:02,https://twitter.com/#!/contestadventur/status/824573116068163585,,,8.24573E+17,8.24217E+17
contestadventur,manongusse,Mentions,26/01/2017 11:02,"Join in
@thexoxoday
@AgatheFumey
@_juliiiette
@DoraMac2
@Secret_Vampires
@aurdown
@Faustinegoliard
@lilou_mrchl
@ManonGusse
@lau_strghtta",,,,26/01/2017 11:02,https://twitter.com/#!/contestadventur/status/824573116068163585,,,8.24573E+17,8.24217E+17
contestadventur,lilou_mrchl,Mentions,26/01/2017 11:02,"Join in
@thexoxoday
@AgatheFumey
@_juliiiette
@DoraMac2
@Secret_Vampires
@aurdown
@Faustinegoliard
@lilou_mrchl
@ManonGusse
@lau_strghtta",,,,26/01/2017 11:02,https://twitter.com/#!/contestadventur/status/824573116068163585,,,8.24573E+17,8.24217E+17
contestadventur,faustinegoliard,Mentions,26/01/2017 11:02,"Join in
@thexoxoday
@AgatheFumey
@_juliiiette
@DoraMac2
@Secret_Vampires
@aurdown
@Faustinegoliard
@lilou_mrchl
@ManonGusse
@lau_strghtta",,,,26/01/2017 11:02,https://twitter.com/#!/contestadventur/status/824573116068163585,,,8.24573E+17,8.24217E+17
contestadventur,aurdown,Mentions,26/01/2017 11:02,"Join in
@thexoxoday
@AgatheFumey
@_juliiiette
@DoraMac2
@Secret_Vampires
@aurdown
@Faustinegoliard
@lilou_mrchl
@ManonGusse
@lau_strghtta",,,,26/01/2017 11:02,https://twitter.com/#!/contestadventur/status/824573116068163585,,,8.24573E+17,8.24217E+17
contestadventur,secret_vampires,Mentions,26/01/2017 11:02,"Join in
@thexoxoday
@AgatheFumey
@_juliiiette
@DoraMac2
@Secret_Vampires
@aurdown
@Faustinegoliard
@lilou_mrchl
@ManonGusse
@lau_strghtta",,,,26/01/2017 11:02,https://twitter.com/#!/contestadventur/status/824573116068163585,,,8.24573E+17,8.24217E+17
contestadventur,agathefumey,Mentions,26/01/2017 11:02,"Join in
@thexoxoday
@AgatheFumey
@_juliiiette
@DoraMac2
@Secret_Vampires
@aurdown
@Faustinegoliard
@lilou_mrchl
@ManonGusse
@lau_strghtta",,,,26/01/2017 11:02,https://twitter.com/#!/contestadventur/status/824573116068163585,,,8.24573E+17,8.24217E+17
contestadventur,marie190905,Mentions,26/01/2017 11:02,"Join in
@thexoxoday
@namipopcorn108
@Nharymene
@iamzoyi_ly
@Lauryannenau
@dream_anais
@Amandine1912
@annPtzk
@matteadf
@marie190905",,,,26/01/2017 11:02,https://twitter.com/#!/contestadventur/status/824573302014308352,,,8.24573E+17,8.24217E+17
contestadventur,matteadf,Mentions,26/01/2017 11:02,"Join in
@thexoxoday
@namipopcorn108
@Nharymene
@iamzoyi_ly
@Lauryannenau
@dream_anais
@Amandine1912
@annPtzk
@matteadf
@marie190905",,,,26/01/2017 11:02,https://twitter.com/#!/contestadventur/status/824573302014308352,,,8.24573E+17,8.24217E+17
contestadventur,annptzk,Mentions,26/01/2017 11:02,"Join in
@thexoxoday
@namipopcorn108
@Nharymene
@iamzoyi_ly
@Lauryannenau
@dream_anais
@Amandine1912
@annPtzk
@matteadf
@marie190905",,,,26/01/2017 11:02,https://twitter.com/#!/contestadventur/status/824573302014308352,,,8.24573E+17,8.24217E+17
contestadventur,amandine1912,Mentions,26/01/2017 11:02,"Join in
@thexoxoday
@namipopcorn108
@Nharymene
@iamzoyi_ly
@Lauryannenau
@dream_anais
@Amandine1912
@annPtzk
@matteadf
@marie190905",,,,26/01/2017 11:02,https://twitter.com/#!/contestadventur/status/824573302014308352,,,8.24573E+17,8.24217E+17
contestadventur,dream_anais,Mentions,26/01/2017 11:02,"Join in
@thexoxoday
@namipopcorn108
@Nharymene
@iamzoyi_ly
@Lauryannenau
@dream_anais
@Amandine1912
@annPtzk
@matteadf
@marie190905",,,,26/01/2017 11:02,https://twitter.com/#!/contestadventur/status/824573302014308352,,,8.24573E+17,8.24217E+17
contestadventur,lauryannenau,Mentions,26/01/2017 11:02,"Join in
@thexoxoday
@namipopcorn108
@Nharymene
@iamzoyi_ly
@Lauryannenau
@dream_anais
@Amandine1912
@annPtzk
@matteadf
@marie190905",,,,26/01/2017 11:02,https://twitter.com/#!/contestadventur/status/824573302014308352,,,8.24573E+17,8.24217E+17
contestadventur,iamzoyi_ly,Mentions,26/01/2017 11:02,"Join in
@thexoxoday
@namipopcorn108
@Nharymene
@iamzoyi_ly
@Lauryannenau
@dream_anais
@Amandine1912
@annPtzk
@matteadf
@marie190905",,,,26/01/2017 11:02,https://twitter.com/#!/contestadventur/status/824573302014308352,,,8.24573E+17,8.24217E+17
contestadventur,nharymene,Mentions,26/01/2017 11:02,"Join in
@thexoxoday
@namipopcorn108
@Nharymene
@iamzoyi_ly
@Lauryannenau
@dream_anais
@Amandine1912
@annPtzk
@matteadf
@marie190905",,,,26/01/2017 11:02,https://twitter.com/#!/contestadventur/status/824573302014308352,,,8.24573E+17,8.24217E+17
contestadventur,namipopcorn108,Mentions,26/01/2017 11:02,"Join in
@thexoxoday
@namipopcorn108
@Nharymene
@iamzoyi_ly
@Lauryannenau
@dream_anais
@Amandine1912
@annPtzk
@matteadf
@marie190905",,,,26/01/2017 11:02,https://twitter.com/#!/contestadventur/status/824573302014308352,,,8.24573E+17,8.24217E+17
contestadventur,iansomerhalder,Mentions,26/01/2017 11:03,"Join in
@thexoxoday
@shawnmendes
@blackdobreva
@focusontw
@Rob_hug_all
@BluexSatare
@Laury3Laury
@claraesqnet
@iansomerhalder",,,,26/01/2017 11:03,https://twitter.com/#!/contestadventur/status/824573403520593921,,,8.24573E+17,8.24217E+17
contestadventur,claraesqnet,Mentions,26/01/2017 11:03,"Join in
@thexoxoday
@shawnmendes
@blackdobreva
@focusontw
@Rob_hug_all
@BluexSatare
@Laury3Laury
@claraesqnet
@iansomerhalder",,,,26/01/2017 11:03,https://twitter.com/#!/contestadventur/status/824573403520593921,,,8.24573E+17,8.24217E+17
contestadventur,laury3laury,Mentions,26/01/2017 11:03,"Join in
@thexoxoday
@shawnmendes
@blackdobreva
@focusontw
@Rob_hug_all
@BluexSatare
@Laury3Laury
@claraesqnet
@iansomerhalder",,,,26/01/2017 11:03,https://twitter.com/#!/contestadventur/status/824573403520593921,,,8.24573E+17,8.24217E+17
contestadventur,bluexsatare,Mentions,26/01/2017 11:03,"Join in
@thexoxoday
@shawnmendes
@blackdobreva
@focusontw
@Rob_hug_all
@BluexSatare
@Laury3Laury
@claraesqnet
@iansomerhalder",,,,26/01/2017 11:03,https://twitter.com/#!/contestadventur/status/824573403520593921,,,8.24573E+17,8.24217E+17
contestadventur,focusontw,Mentions,26/01/2017 11:03,"Join in
@thexoxoday
@shawnmendes
@blackdobreva
@focusontw
@Rob_hug_all
@BluexSatare
@Laury3Laury
@claraesqnet
@iansomerhalder",,,,26/01/2017 11:03,https://twitter.com/#!/contestadventur/status/824573403520593921,,,8.24573E+17,8.24217E+17
contestadventur,blackdobreva,Mentions,26/01/2017 11:03,"Join in
@thexoxoday
@shawnmendes
@blackdobreva
@focusontw
@Rob_hug_all
@BluexSatare
@Laury3Laury
@claraesqnet
@iansomerhalder",,,,26/01/2017 11:03,https://twitter.com/#!/contestadventur/status/824573403520593921,,,8.24573E+17,8.24217E+17
contestadventur,shawnmendes,Mentions,26/01/2017 11:03,"Join in
@thexoxoday
@shawnmendes
@blackdobreva
@focusontw
@Rob_hug_all
@BluexSatare
@Laury3Laury
@claraesqnet
@iansomerhalder",,,,26/01/2017 11:03,https://twitter.com/#!/contestadventur/status/824573403520593921,,,8.24573E+17,8.24217E+17
contestadventur,melvinj11500890,Mentions,26/01/2017 11:03,"Join in
@thexoxoday
@danieljgillies
@natebuzz
@christophrwood
@sdiroberto17
@Gwen1D5SOS
@AlwaysKNA
@Jagadishbliss
@melvinj11500890",,,,26/01/2017 11:03,https://twitter.com/#!/contestadventur/status/824573548513484801,,,8.24574E+17,8.24217E+17
contestadventur,jagadishbliss,Mentions,26/01/2017 11:03,"Join in
@thexoxoday
@danieljgillies
@natebuzz
@christophrwood
@sdiroberto17
@Gwen1D5SOS
@AlwaysKNA
@Jagadishbliss
@melvinj11500890",,,,26/01/2017 11:03,https://twitter.com/#!/contestadventur/status/824573548513484801,,,8.24574E+17,8.24217E+17
contestadventur,alwayskna,Mentions,26/01/2017 11:03,"Join in
@thexoxoday
@danieljgillies
@natebuzz
@christophrwood
@sdiroberto17
@Gwen1D5SOS
@AlwaysKNA
@Jagadishbliss
@melvinj11500890",,,,26/01/2017 11:03,https://twitter.com/#!/contestadventur/status/824573548513484801,,,8.24574E+17,8.24217E+17
contestadventur,gwen1d5sos,Mentions,26/01/2017 11:03,"Join in
@thexoxoday
@danieljgillies
@natebuzz
@christophrwood
@sdiroberto17
@Gwen1D5SOS
@AlwaysKNA
@Jagadishbliss
@melvinj11500890",,,,26/01/2017 11:03,https://twitter.com/#!/contestadventur/status/824573548513484801,,,8.24574E+17,8.24217E+17
contestadventur,sdiroberto17,Mentions,26/01/2017 11:03,"Join in
@thexoxoday
@danieljgillies
@natebuzz
@christophrwood
@sdiroberto17
@Gwen1D5SOS
@AlwaysKNA
@Jagadishbliss
@melvinj11500890",,,,26/01/2017 11:03,https://twitter.com/#!/contestadventur/status/824573548513484801,,,8.24574E+17,8.24217E+17
contestadventur,christophrwood,Mentions,26/01/2017 11:03,"Join in
@thexoxoday
@danieljgillies
@natebuzz
@christophrwood
@sdiroberto17
@Gwen1D5SOS
@AlwaysKNA
@Jagadishbliss
@melvinj11500890",,,,26/01/2017 11:03,https://twitter.com/#!/contestadventur/status/824573548513484801,,,8.24574E+17,8.24217E+17
contestadventur,natebuzz,Mentions,26/01/2017 11:03,"Join in
@thexoxoday
@danieljgillies
@natebuzz
@christophrwood
@sdiroberto17
@Gwen1D5SOS
@AlwaysKNA
@Jagadishbliss
@melvinj11500890",,,,26/01/2017 11:03,https://twitter.com/#!/contestadventur/status/824573548513484801,,,8.24574E+17,8.24217E+17
contestadventur,danieljgillies,Mentions,26/01/2017 11:03,"Join in
@thexoxoday
@danieljgillies
@natebuzz
@christophrwood
@sdiroberto17
@Gwen1D5SOS
@AlwaysKNA
@Jagadishbliss
@melvinj11500890",,,,26/01/2017 11:03,https://twitter.com/#!/contestadventur/status/824573548513484801,,,8.24574E+17,8.24217E+17
contestadventur,saigayathri18,Mentions,26/01/2017 11:04,"Join in
@thexoxoday
@yoursVasanthVsn
@_joseph_vj
@Arbazz9
@samvjfan
@navinsankar2197
@guhanesan
@vel_thalapathy
@vinoVijay22
@saigayathri18",,,,26/01/2017 11:04,https://twitter.com/#!/contestadventur/status/824573632307351552,,,8.24574E+17,8.24217E+17
contestadventur,vel_thalapathy,Mentions,26/01/2017 11:04,"Join in
@thexoxoday
@yoursVasanthVsn
@_joseph_vj
@Arbazz9
@samvjfan
@navinsankar2197
@guhanesan
@vel_thalapathy
@vinoVijay22
@saigayathri18",,,,26/01/2017 11:04,https://twitter.com/#!/contestadventur/status/824573632307351552,,,8.24574E+17,8.24217E+17
contestadventur,guhanesan,Mentions,26/01/2017 11:04,"Join in
@thexoxoday
@yoursVasanthVsn
@_joseph_vj
@Arbazz9
@samvjfan
@navinsankar2197
@guhanesan
@vel_thalapathy
@vinoVijay22
@saigayathri18",,,,26/01/2017 11:04,https://twitter.com/#!/contestadventur/status/824573632307351552,,,8.24574E+17,8.24217E+17
contestadventur,navinsankar2197,Mentions,26/01/2017 11:04,"Join in
@thexoxoday
@yoursVasanthVsn
@_joseph_vj
@Arbazz9
@samvjfan
@navinsankar2197
@guhanesan
@vel_thalapathy
@vinoVijay22
@saigayathri18",,,,26/01/2017 11:04,https://twitter.com/#!/contestadventur/status/824573632307351552,,,8.24574E+17,8.24217E+17
contestadventur,samvjfan,Mentions,26/01/2017 11:04,"Join in
@thexoxoday
@yoursVasanthVsn
@_joseph_vj
@Arbazz9
@samvjfan
@navinsankar2197
@guhanesan
@vel_thalapathy
@vinoVijay22
@saigayathri18",,,,26/01/2017 11:04,https://twitter.com/#!/contestadventur/status/824573632307351552,,,8.24574E+17,8.24217E+17
contestadventur,arbazz9,Mentions,26/01/2017 11:04,"Join in
@thexoxoday
@yoursVasanthVsn
@_joseph_vj
@Arbazz9
@samvjfan
@navinsankar2197
@guhanesan
@vel_thalapathy
@vinoVijay22
@saigayathri18",,,,26/01/2017 11:04,https://twitter.com/#!/contestadventur/status/824573632307351552,,,8.24574E+17,8.24217E+17
contestadventur,_joseph_vj,Mentions,26/01/2017 11:04,"Join in
@thexoxoday
@yoursVasanthVsn
@_joseph_vj
@Arbazz9
@samvjfan
@navinsankar2197
@guhanesan
@vel_thalapathy
@vinoVijay22
@saigayathri18",,,,26/01/2017 11:04,https://twitter.com/#!/contestadventur/status/824573632307351552,,,8.24574E+17,8.24217E+17
contestadventur,yoursvasanthvsn,Mentions,26/01/2017 11:04,"Join in
@thexoxoday
@yoursVasanthVsn
@_joseph_vj
@Arbazz9
@samvjfan
@navinsankar2197
@guhanesan
@vel_thalapathy
@vinoVijay22
@saigayathri18",,,,26/01/2017 11:04,https://twitter.com/#!/contestadventur/status/824573632307351552,,,8.24574E+17,8.24217E+17
contestadventur,lakshmananvj,Mentions,26/01/2017 11:04,"Join in
@thexoxoday
@ivdsai
@mohan_jilla
@naan_thaaan
@AkshaiBarath
@basky194
@actorvijay
@rvpvijay
@ambharathro
@LakshmananVj",,,,26/01/2017 11:04,https://twitter.com/#!/contestadventur/status/824573717350998017,,,8.24574E+17,8.24217E+17
contestadventur,ambharathro,Mentions,26/01/2017 11:04,"Join in
@thexoxoday
@ivdsai
@mohan_jilla
@naan_thaaan
@AkshaiBarath
@basky194
@actorvijay
@rvpvijay
@ambharathro
@LakshmananVj",,,,26/01/2017 11:04,https://twitter.com/#!/contestadventur/status/824573717350998017,,,8.24574E+17,8.24217E+17
contestadventur,rvpvijay,Mentions,26/01/2017 11:04,"Join in
@thexoxoday
@ivdsai
@mohan_jilla
@naan_thaaan
@AkshaiBarath
@basky194
@actorvijay
@rvpvijay
@ambharathro
@LakshmananVj",,,,26/01/2017 11:04,https://twitter.com/#!/contestadventur/status/824573717350998017,,,8.24574E+17,8.24217E+17
contestadventur,actorvijay,Mentions,26/01/2017 11:04,"Join in
@thexoxoday
@ivdsai
@mohan_jilla
@naan_thaaan
@AkshaiBarath
@basky194
@actorvijay
@rvpvijay
@ambharathro
@LakshmananVj",,,,26/01/2017 11:04,https://twitter.com/#!/contestadventur/status/824573717350998017,,,8.24574E+17,8.24217E+17
contestadventur,basky194,Mentions,26/01/2017 11:04,"Join in
@thexoxoday
@ivdsai
@mohan_jilla
@naan_thaaan
@AkshaiBarath
@basky194
@actorvijay
@rvpvijay
@ambharathro
@LakshmananVj",,,,26/01/2017 11:04,https://twitter.com/#!/contestadventur/status/824573717350998017,,,8.24574E+17,8.24217E+17
contestadventur,akshaibarath,Mentions,26/01/2017 11:04,"Join in
@thexoxoday
@ivdsai
@mohan_jilla
@naan_thaaan
@AkshaiBarath
@basky194
@actorvijay
@rvpvijay
@ambharathro
@LakshmananVj",,,,26/01/2017 11:04,https://twitter.com/#!/contestadventur/status/824573717350998017,,,8.24574E+17,8.24217E+17
contestadventur,naan_thaaan,Mentions,26/01/2017 11:04,"Join in
@thexoxoday
@ivdsai
@mohan_jilla
@naan_thaaan
@AkshaiBarath
@basky194
@actorvijay
@rvpvijay
@ambharathro
@LakshmananVj",,,,26/01/2017 11:04,https://twitter.com/#!/contestadventur/status/824573717350998017,,,8.24574E+17,8.24217E+17
contestadventur,mohan_jilla,Mentions,26/01/2017 11:04,"Join in
@thexoxoday
@ivdsai
@mohan_jilla
@naan_thaaan
@AkshaiBarath
@basky194
@actorvijay
@rvpvijay
@ambharathro
@LakshmananVj",,,,26/01/2017 11:04,https://twitter.com/#!/contestadventur/status/824573717350998017,,,8.24574E+17,8.24217E+17
contestadventur,ivdsai,Mentions,26/01/2017 11:04,"Join in
@thexoxoday
@ivdsai
@mohan_jilla
@naan_thaaan
@AkshaiBarath
@basky194
@actorvijay
@rvpvijay
@ambharathro
@LakshmananVj",,,,26/01/2017 11:04,https://twitter.com/#!/contestadventur/status/824573717350998017,,,8.24574E+17,8.24217E+17
contestadventur,aravindcivil4,Mentions,26/01/2017 11:04,"Join in
@thexoxoday
@ARFApplications
@jeenasamdarling
@samanthaprabhu2
@PravinVijay0341
@DDayanth
@vjai_sam
@Vineethvck
@Aravindcivil4",,,,26/01/2017 11:04,https://twitter.com/#!/contestadventur/status/824573802222804993,,,8.24574E+17,8.24217E+17
contestadventur,vineethvck,Mentions,26/01/2017 11:04,"Join in
@thexoxoday
@ARFApplications
@jeenasamdarling
@samanthaprabhu2
@PravinVijay0341
@DDayanth
@vjai_sam
@Vineethvck
@Aravindcivil4",,,,26/01/2017 11:04,https://twitter.com/#!/contestadventur/status/824573802222804993,,,8.24574E+17,8.24217E+17
contestadventur,vjai_sam,Mentions,26/01/2017 11:04,"Join in
@thexoxoday
@ARFApplications
@jeenasamdarling
@samanthaprabhu2
@PravinVijay0341
@DDayanth
@vjai_sam
@Vineethvck
@Aravindcivil4",,,,26/01/2017 11:04,https://twitter.com/#!/contestadventur/status/824573802222804993,,,8.24574E+17,8.24217E+17
contestadventur,ddayanth,Mentions,26/01/2017 11:04,"Join in
@thexoxoday
@ARFApplications
@jeenasamdarling
@samanthaprabhu2
@PravinVijay0341
@DDayanth
@vjai_sam
@Vineethvck
@Aravindcivil4",,,,26/01/2017 11:04,https://twitter.com/#!/contestadventur/status/824573802222804993,,,8.24574E+17,8.24217E+17
contestadventur,pravinvijay0341,Mentions,26/01/2017 11:04,"Join in
@thexoxoday
@ARFApplications
@jeenasamdarling
@samanthaprabhu2
@PravinVijay0341
@DDayanth
@vjai_sam
@Vineethvck
@Aravindcivil4",,,,26/01/2017 11:04,https://twitter.com/#!/contestadventur/status/824573802222804993,,,8.24574E+17,8.24217E+17
contestadventur,samanthaprabhu2,Mentions,26/01/2017 11:04,"Join in
@thexoxoday
@ARFApplications
@jeenasamdarling
@samanthaprabhu2
@PravinVijay0341
@DDayanth
@vjai_sam
@Vineethvck
@Aravindcivil4",,,,26/01/2017 11:04,https://twitter.com/#!/contestadventur/status/824573802222804993,,,8.24574E+17,8.24217E+17
contestadventur,jeenasamdarling,Mentions,26/01/2017 11:04,"Join in
@thexoxoday
@ARFApplications
@jeenasamdarling
@samanthaprabhu2
@PravinVijay0341
@DDayanth
@vjai_sam
@Vineethvck
@Aravindcivil4",,,,26/01/2017 11:04,https://twitter.com/#!/contestadventur/status/824573802222804993,,,8.24574E+17,8.24217E+17
contestadventur,arfapplications,Mentions,26/01/2017 11:04,"Join in
@thexoxoday
@ARFApplications
@jeenasamdarling
@samanthaprabhu2
@PravinVijay0341
@DDayanth
@vjai_sam
@Vineethvck
@Aravindcivil4",,,,26/01/2017 11:04,https://twitter.com/#!/contestadventur/status/824573802222804993,,,8.24574E+17,8.24217E+17
contestadventur,aamaiyanss,Mentions,26/01/2017 11:05,"Join in
@thexoxoday
@Aish98_Official
@NifrasHunterr
@SureshS44586518
@AbdulRasikAhamd
@lokinith28
@iamprabhuuu
@Aamaiyanss",,,,26/01/2017 11:05,https://twitter.com/#!/contestadventur/status/824573906920972289,,,8.24574E+17,8.24217E+17
contestadventur,iamprabhuuu,Mentions,26/01/2017 11:05,"Join in
@thexoxoday
@Aish98_Official
@NifrasHunterr
@SureshS44586518
@AbdulRasikAhamd
@lokinith28
@iamprabhuuu
@Aamaiyanss",,,,26/01/2017 11:05,https://twitter.com/#!/contestadventur/status/824573906920972289,,,8.24574E+17,8.24217E+17
contestadventur,lokinith28,Mentions,26/01/2017 11:05,"Join in
@thexoxoday
@Aish98_Official
@NifrasHunterr
@SureshS44586518
@AbdulRasikAhamd
@lokinith28
@iamprabhuuu
@Aamaiyanss",,,,26/01/2017 11:05,https://twitter.com/#!/contestadventur/status/824573906920972289,,,8.24574E+17,8.24217E+17
contestadventur,abdulrasikahamd,Mentions,26/01/2017 11:05,"Join in
@thexoxoday
@Aish98_Official
@NifrasHunterr
@SureshS44586518
@AbdulRasikAhamd
@lokinith28
@iamprabhuuu
@Aamaiyanss",,,,26/01/2017 11:05,https://twitter.com/#!/contestadventur/status/824573906920972289,,,8.24574E+17,8.24217E+17
contestadventur,sureshs44586518,Mentions,26/01/2017 11:05,"Join in
@thexoxoday
@Aish98_Official
@NifrasHunterr
@SureshS44586518
@AbdulRasikAhamd
@lokinith28
@iamprabhuuu
@Aamaiyanss",,,,26/01/2017 11:05,https://twitter.com/#!/contestadventur/status/824573906920972289,,,8.24574E+17,8.24217E+17
contestadventur,nifrashunterr,Mentions,26/01/2017 11:05,"Join in
@thexoxoday
@Aish98_Official
@NifrasHunterr
@SureshS44586518
@AbdulRasikAhamd
@lokinith28
@iamprabhuuu
@Aamaiyanss",,,,26/01/2017 11:05,https://twitter.com/#!/contestadventur/status/824573906920972289,,,8.24574E+17,8.24217E+17
contestadventur,aish98_official,Mentions,26/01/2017 11:05,"Join in
@thexoxoday
@Aish98_Official
@NifrasHunterr
@SureshS44586518
@AbdulRasikAhamd
@lokinith28
@iamprabhuuu
@Aamaiyanss",,,,26/01/2017 11:05,https://twitter.com/#!/contestadventur/status/824573906920972289,,,8.24574E+17,8.24217E+17
contestadventur,udaytejareddyj,Mentions,26/01/2017 11:05,"Join in
@thexoxoday
@Selvavj22
@KeerthyOfficial
@msdhoni
@kannankutty7
@DineshK91140370
@itsvickyragav26
@yuven_thran
@udaytejareddyj",,,,26/01/2017 11:05,https://twitter.com/#!/contestadventur/status/824573983672512514,,,8.24574E+17,8.24217E+17
contestadventur,yuven_thran,Mentions,26/01/2017 11:05,"Join in
@thexoxoday
@Selvavj22
@KeerthyOfficial
@msdhoni
@kannankutty7
@DineshK91140370
@itsvickyragav26
@yuven_thran
@udaytejareddyj",,,,26/01/2017 11:05,https://twitter.com/#!/contestadventur/status/824573983672512514,,,8.24574E+17,8.24217E+17
contestadventur,itsvickyragav26,Mentions,26/01/2017 11:05,"Join in
@thexoxoday
@Selvavj22
@KeerthyOfficial
@msdhoni
@kannankutty7
@DineshK91140370
@itsvickyragav26
@yuven_thran
@udaytejareddyj",,,,26/01/2017 11:05,https://twitter.com/#!/contestadventur/status/824573983672512514,,,8.24574E+17,8.24217E+17
contestadventur,dineshk91140370,Mentions,26/01/2017 11:05,"Join in
@thexoxoday
@Selvavj22
@KeerthyOfficial
@msdhoni
@kannankutty7
@DineshK91140370
@itsvickyragav26
@yuven_thran
@udaytejareddyj",,,,26/01/2017 11:05,https://twitter.com/#!/contestadventur/status/824573983672512514,,,8.24574E+17,8.24217E+17
contestadventur,kannankutty7,Mentions,26/01/2017 11:05,"Join in
@thexoxoday
@Selvavj22
@KeerthyOfficial
@msdhoni
@kannankutty7
@DineshK91140370
@itsvickyragav26
@yuven_thran
@udaytejareddyj",,,,26/01/2017 11:05,https://twitter.com/#!/contestadventur/status/824573983672512514,,,8.24574E+17,8.24217E+17
contestadventur,msdhoni,Mentions,26/01/2017 11:05,"Join in
@thexoxoday
@Selvavj22
@KeerthyOfficial
@msdhoni
@kannankutty7
@DineshK91140370
@itsvickyragav26
@yuven_thran
@udaytejareddyj",,,,26/01/2017 11:05,https://twitter.com/#!/contestadventur/status/824573983672512514,,,8.24574E+17,8.24217E+17
contestadventur,keerthyofficial,Mentions,26/01/2017 11:05,"Join in
@thexoxoday
@Selvavj22
@KeerthyOfficial
@msdhoni
@kannankutty7
@DineshK91140370
@itsvickyragav26
@yuven_thran
@udaytejareddyj",,,,26/01/2017 11:05,https://twitter.com/#!/contestadventur/status/824573983672512514,,,8.24574E+17,8.24217E+17
contestadventur,selvavj22,Mentions,26/01/2017 11:05,"Join in
@thexoxoday
@Selvavj22
@KeerthyOfficial
@msdhoni
@kannankutty7
@DineshK91140370
@itsvickyragav26
@yuven_thran
@udaytejareddyj",,,,26/01/2017 11:05,https://twitter.com/#!/contestadventur/status/824573983672512514,,,8.24574E+17,8.24217E+17
contestadventur,helene0709,Mentions,26/01/2017 11:06,"Join in
@thexoxoday
 @Ur
@Ge75818932
@saranra76665062
@ArokiaLPD
@shreejeeth619
@balaa_ks
@iyyappa0376
@shehan_8
 @csk_kumar
@Helene0709",,,,26/01/2017 11:06,https://twitter.com/#!/contestadventur/status/824574329144815617,,,8.24574E+17,8.24217E+17
contestadventur,csk_kumar,Mentions,26/01/2017 11:06,"Join in
@thexoxoday
 @Ur
@Ge75818932
@saranra76665062
@ArokiaLPD
@shreejeeth619
@balaa_ks
@iyyappa0376
@shehan_8
 @csk_kumar
@Helene0709",,,,26/01/2017 11:06,https://twitter.com/#!/contestadventur/status/824574329144815617,,,8.24574E+17,8.24217E+17
contestadventur,shehan_8,Mentions,26/01/2017 11:06,"Join in
@thexoxoday
 @Ur
@Ge75818932
@saranra76665062
@ArokiaLPD
@shreejeeth619
@balaa_ks
@iyyappa0376
@shehan_8
 @csk_kumar
@Helene0709",,,,26/01/2017 11:06,https://twitter.com/#!/contestadventur/status/824574329144815617,,,8.24574E+17,8.24217E+17
contestadventur,iyyappa0376,Mentions,26/01/2017 11:06,"Join in
@thexoxoday
 @Ur
@Ge75818932
@saranra76665062
@ArokiaLPD
@shreejeeth619
@balaa_ks
@iyyappa0376
@shehan_8
 @csk_kumar
@Helene0709",,,,26/01/2017 11:06,https://twitter.com/#!/contestadventur/status/824574329144815617,,,8.24574E+17,8.24217E+17
contestadventur,shreejeeth619,Mentions,26/01/2017 11:06,"Join in
@thexoxoday
 @Ur
@Ge75818932
@saranra76665062
@ArokiaLPD
@shreejeeth619
@balaa_ks
@iyyappa0376
@shehan_8
 @csk_kumar
@Helene0709",,,,26/01/2017 11:06,https://twitter.com/#!/contestadventur/status/824574329144815617,,,8.24574E+17,8.24217E+17
contestadventur,arokialpd,Mentions,26/01/2017 11:06,"Join in
@thexoxoday
 @Ur
@Ge75818932
@saranra76665062
@ArokiaLPD
@shreejeeth619
@balaa_ks
@iyyappa0376
@shehan_8
 @csk_kumar
@Helene0709",,,,26/01/2017 11:06,https://twitter.com/#!/contestadventur/status/824574329144815617,,,8.24574E+17,8.24217E+17
contestadventur,saranra76665062,Mentions,26/01/2017 11:06,"Join in
@thexoxoday
 @Ur
@Ge75818932
@saranra76665062
@ArokiaLPD
@shreejeeth619
@balaa_ks
@iyyappa0376
@shehan_8
 @csk_kumar
@Helene0709",,,,26/01/2017 11:06,https://twitter.com/#!/contestadventur/status/824574329144815617,,,8.24574E+17,8.24217E+17
contestadventur,ge75818932,Mentions,26/01/2017 11:06,"Join in
@thexoxoday
 @Ur
@Ge75818932
@saranra76665062
@ArokiaLPD
@shreejeeth619
@balaa_ks
@iyyappa0376
@shehan_8
 @csk_kumar
@Helene0709",,,,26/01/2017 11:06,https://twitter.com/#!/contestadventur/status/824574329144815617,,,8.24574E+17,8.24217E+17
contestadventur,ur,Mentions,26/01/2017 11:06,"Join in
@thexoxoday
 @Ur
@Ge75818932
@saranra76665062
@ArokiaLPD
@shreejeeth619
@balaa_ks
@iyyappa0376
@shehan_8
 @csk_kumar
@Helene0709",,,,26/01/2017 11:06,https://twitter.com/#!/contestadventur/status/824574329144815617,,,8.24574E+17,8.24217E+17
contestadventur,sibrea,Mentions,26/01/2017 11:07,"Join in
@thexoxoday
@Pakistaniguy1
@NikitaKitty    
@Bfen2
@b578d63d8ee1470
@joseph45440268
@GulshaneJohn
@KBarlaas
@pbm_ab
@bol
@SIBREA",,,,26/01/2017 11:07,https://twitter.com/#!/contestadventur/status/824574475203080192,,,8.24574E+17,8.24217E+17
contestadventur,bol,Mentions,26/01/2017 11:07,"Join in
@thexoxoday
@Pakistaniguy1
@NikitaKitty    
@Bfen2
@b578d63d8ee1470
@joseph45440268
@GulshaneJohn
@KBarlaas
@pbm_ab
@bol
@SIBREA",,,,26/01/2017 11:07,https://twitter.com/#!/contestadventur/status/824574475203080192,,,8.24574E+17,8.24217E+17
contestadventur,pbm_ab,Mentions,26/01/2017 11:07,"Join in
@thexoxoday
@Pakistaniguy1
@NikitaKitty    
@Bfen2
@b578d63d8ee1470
@joseph45440268
@GulshaneJohn
@KBarlaas
@pbm_ab
@bol
@SIBREA",,,,26/01/2017 11:07,https://twitter.com/#!/contestadventur/status/824574475203080192,,,8.24574E+17,8.24217E+17
contestadventur,kbarlaas,Mentions,26/01/2017 11:07,"Join in
@thexoxoday
@Pakistaniguy1
@NikitaKitty    
@Bfen2
@b578d63d8ee1470
@joseph45440268
@GulshaneJohn
@KBarlaas
@pbm_ab
@bol
@SIBREA",,,,26/01/2017 11:07,https://twitter.com/#!/contestadventur/status/824574475203080192,,,8.24574E+17,8.24217E+17
contestadventur,gulshanejohn,Mentions,26/01/2017 11:07,"Join in
@thexoxoday
@Pakistaniguy1
@NikitaKitty    
@Bfen2
@b578d63d8ee1470
@joseph45440268
@GulshaneJohn
@KBarlaas
@pbm_ab
@bol
@SIBREA",,,,26/01/2017 11:07,https://twitter.com/#!/contestadventur/status/824574475203080192,,,8.24574E+17,8.24217E+17
contestadventur,joseph45440268,Mentions,26/01/2017 11:07,"Join in
@thexoxoday
@Pakistaniguy1
@NikitaKitty    
@Bfen2
@b578d63d8ee1470
@joseph45440268
@GulshaneJohn
@KBarlaas
@pbm_ab
@bol
@SIBREA",,,,26/01/2017 11:07,https://twitter.com/#!/contestadventur/status/824574475203080192,,,8.24574E+17,8.24217E+17
contestadventur,b578d63d8ee1470,Mentions,26/01/2017 11:07,"Join in
@thexoxoday
@Pakistaniguy1
@NikitaKitty    
@Bfen2
@b578d63d8ee1470
@joseph45440268
@GulshaneJohn
@KBarlaas
@pbm_ab
@bol
@SIBREA",,,,26/01/2017 11:07,https://twitter.com/#!/contestadventur/status/824574475203080192,,,8.24574E+17,8.24217E+17
contestadventur,bfen2,Mentions,26/01/2017 11:07,"Join in
@thexoxoday
@Pakistaniguy1
@NikitaKitty    
@Bfen2
@b578d63d8ee1470
@joseph45440268
@GulshaneJohn
@KBarlaas
@pbm_ab
@bol
@SIBREA",,,,26/01/2017 11:07,https://twitter.com/#!/contestadventur/status/824574475203080192,,,8.24574E+17,8.24217E+17
contestadventur,nikitakitty,Mentions,26/01/2017 11:07,"Join in
@thexoxoday
@Pakistaniguy1
@NikitaKitty    
@Bfen2
@b578d63d8ee1470
@joseph45440268
@GulshaneJohn
@KBarlaas
@pbm_ab
@bol
@SIBREA",,,,26/01/2017 11:07,https://twitter.com/#!/contestadventur/status/824574475203080192,,,8.24574E+17,8.24217E+17
contestadventur,pakistaniguy1,Mentions,26/01/2017 11:07,"Join in
@thexoxoday
@Pakistaniguy1
@NikitaKitty    
@Bfen2
@b578d63d8ee1470
@joseph45440268
@GulshaneJohn
@KBarlaas
@pbm_ab
@bol
@SIBREA",,,,26/01/2017 11:07,https://twitter.com/#!/contestadventur/status/824574475203080192,,,8.24574E+17,8.24217E+17
contestadventur,mikebrown1954,Mentions,26/01/2017 11:07,"Join in
@thexoxoday
@RebelMouse
@kofimax
@devopeace
@DINMDK
@Hammer5Bobby
@meherbaba9
@d9ed37efa60748f
@Mikebrown1954
@ReginaldOtter",,,,26/01/2017 11:07,https://twitter.com/#!/contestadventur/status/824574586360459265,,,8.24575E+17,8.24217E+17
contestadventur,d9ed37efa60748f,Mentions,26/01/2017 11:07,"Join in
@thexoxoday
@RebelMouse
@kofimax
@devopeace
@DINMDK
@Hammer5Bobby
@meherbaba9
@d9ed37efa60748f
@Mikebrown1954
@ReginaldOtter",,,,26/01/2017 11:07,https://twitter.com/#!/contestadventur/status/824574586360459265,,,8.24575E+17,8.24217E+17
contestadventur,meherbaba9,Mentions,26/01/2017 11:07,"Join in
@thexoxoday
@RebelMouse
@kofimax
@devopeace
@DINMDK
@Hammer5Bobby
@meherbaba9
@d9ed37efa60748f
@Mikebrown1954
@ReginaldOtter",,,,26/01/2017 11:07,https://twitter.com/#!/contestadventur/status/824574586360459265,,,8.24575E+17,8.24217E+17
contestadventur,hammer5bobby,Mentions,26/01/2017 11:07,"Join in
@thexoxoday
@RebelMouse
@kofimax
@devopeace
@DINMDK
@Hammer5Bobby
@meherbaba9
@d9ed37efa60748f
@Mikebrown1954
@ReginaldOtter",,,,26/01/2017 11:07,https://twitter.com/#!/contestadventur/status/824574586360459265,,,8.24575E+17,8.24217E+17
contestadventur,devopeace,Mentions,26/01/2017 11:07,"Join in
@thexoxoday
@RebelMouse
@kofimax
@devopeace
@DINMDK
@Hammer5Bobby
@meherbaba9
@d9ed37efa60748f
@Mikebrown1954
@ReginaldOtter",,,,26/01/2017 11:07,https://twitter.com/#!/contestadventur/status/824574586360459265,,,8.24575E+17,8.24217E+17
contestadventur,kofimax,Mentions,26/01/2017 11:07,"Join in
@thexoxoday
@RebelMouse
@kofimax
@devopeace
@DINMDK
@Hammer5Bobby
@meherbaba9
@d9ed37efa60748f
@Mikebrown1954
@ReginaldOtter",,,,26/01/2017 11:07,https://twitter.com/#!/contestadventur/status/824574586360459265,,,8.24575E+17,8.24217E+17
contestadventur,rebelmouse,Mentions,26/01/2017 11:07,"Join in
@thexoxoday
@RebelMouse
@kofimax
@devopeace
@DINMDK
@Hammer5Bobby
@meherbaba9
@d9ed37efa60748f
@Mikebrown1954
@ReginaldOtter",,,,26/01/2017 11:07,https://twitter.com/#!/contestadventur/status/824574586360459265,,,8.24575E+17,8.24217E+17
contestadventur,aflock75,Mentions,26/01/2017 11:08,"Join in
@thexoxoday
@Scape111
@OCGJamaica
@ocg
@titan0207
@RachelGwynn
@pumkin_75
@DanieRay1qc
@Ashlixl5
@ihilikepie2274
@aflock75",,,,26/01/2017 11:08,https://twitter.com/#!/contestadventur/status/824574708397993984,,,8.24575E+17,8.24217E+17
contestadventur,pumkin_75,Mentions,26/01/2017 11:08,"Join in
@thexoxoday
@Scape111
@OCGJamaica
@ocg
@titan0207
@RachelGwynn
@pumkin_75
@DanieRay1qc
@Ashlixl5
@ihilikepie2274
@aflock75",,,,26/01/2017 11:08,https://twitter.com/#!/contestadventur/status/824574708397993984,,,8.24575E+17,8.24217E+17
contestadventur,rachelgwynn,Mentions,26/01/2017 11:08,"Join in
@thexoxoday
@Scape111
@OCGJamaica
@ocg
@titan0207
@RachelGwynn
@pumkin_75
@DanieRay1qc
@Ashlixl5
@ihilikepie2274
@aflock75",,,,26/01/2017 11:08,https://twitter.com/#!/contestadventur/status/824574708397993984,,,8.24575E+17,8.24217E+17
contestadventur,titan0207,Mentions,26/01/2017 11:08,"Join in
@thexoxoday
@Scape111
@OCGJamaica
@ocg
@titan0207
@RachelGwynn
@pumkin_75
@DanieRay1qc
@Ashlixl5
@ihilikepie2274
@aflock75",,,,26/01/2017 11:08,https://twitter.com/#!/contestadventur/status/824574708397993984,,,8.24575E+17,8.24217E+17
contestadventur,ocg,Mentions,26/01/2017 11:08,"Join in
@thexoxoday
@Scape111
@OCGJamaica
@ocg
@titan0207
@RachelGwynn
@pumkin_75
@DanieRay1qc
@Ashlixl5
@ihilikepie2274
@aflock75",,,,26/01/2017 11:08,https://twitter.com/#!/contestadventur/status/824574708397993984,,,8.24575E+17,8.24217E+17
contestadventur,ocgjamaica,Mentions,26/01/2017 11:08,"Join in
@thexoxoday
@Scape111
@OCGJamaica
@ocg
@titan0207
@RachelGwynn
@pumkin_75
@DanieRay1qc
@Ashlixl5
@ihilikepie2274
@aflock75",,,,26/01/2017 11:08,https://twitter.com/#!/contestadventur/status/824574708397993984,,,8.24575E+17,8.24217E+17
contestadventur,scape111,Mentions,26/01/2017 11:08,"Join in
@thexoxoday
@Scape111
@OCGJamaica
@ocg
@titan0207
@RachelGwynn
@pumkin_75
@DanieRay1qc
@Ashlixl5
@ihilikepie2274
@aflock75",,,,26/01/2017 11:08,https://twitter.com/#!/contestadventur/status/824574708397993984,,,8.24575E+17,8.24217E+17
contestadventur,sylviajemutai4,Mentions,26/01/2017 11:08,"Join in
@thexoxoday
@MinahilSarfraz8
@ebenykech
@MarkGKirshner
@HeartsatPlay
@Dajenne
@PT4Breakfast
@JapanMissionUN
@sylviajemutai4",,,,26/01/2017 11:08,https://twitter.com/#!/contestadventur/status/824574840799535105,,,8.24575E+17,8.24217E+17
contestadventur,japanmissionun,Mentions,26/01/2017 11:08,"Join in
@thexoxoday
@MinahilSarfraz8
@ebenykech
@MarkGKirshner
@HeartsatPlay
@Dajenne
@PT4Breakfast
@JapanMissionUN
@sylviajemutai4",,,,26/01/2017 11:08,https://twitter.com/#!/contestadventur/status/824574840799535105,,,8.24575E+17,8.24217E+17
contestadventur,pt4breakfast,Mentions,26/01/2017 11:08,"Join in
@thexoxoday
@MinahilSarfraz8
@ebenykech
@MarkGKirshner
@HeartsatPlay
@Dajenne
@PT4Breakfast
@JapanMissionUN
@sylviajemutai4",,,,26/01/2017 11:08,https://twitter.com/#!/contestadventur/status/824574840799535105,,,8.24575E+17,8.24217E+17
contestadventur,dajenne,Mentions,26/01/2017 11:08,"Join in
@thexoxoday
@MinahilSarfraz8
@ebenykech
@MarkGKirshner
@HeartsatPlay
@Dajenne
@PT4Breakfast
@JapanMissionUN
@sylviajemutai4",,,,26/01/2017 11:08,https://twitter.com/#!/contestadventur/status/824574840799535105,,,8.24575E+17,8.24217E+17
contestadventur,heartsatplay,Mentions,26/01/2017 11:08,"Join in
@thexoxoday
@MinahilSarfraz8
@ebenykech
@MarkGKirshner
@HeartsatPlay
@Dajenne
@PT4Breakfast
@JapanMissionUN
@sylviajemutai4",,,,26/01/2017 11:08,https://twitter.com/#!/contestadventur/status/824574840799535105,,,8.24575E+17,8.24217E+17
contestadventur,markgkirshner,Mentions,26/01/2017 11:08,"Join in
@thexoxoday
@MinahilSarfraz8
@ebenykech
@MarkGKirshner
@HeartsatPlay
@Dajenne
@PT4Breakfast
@JapanMissionUN
@sylviajemutai4",,,,26/01/2017 11:08,https://twitter.com/#!/contestadventur/status/824574840799535105,,,8.24575E+17,8.24217E+17
contestadventur,ebenykech,Mentions,26/01/2017 11:08,"Join in
@thexoxoday
@MinahilSarfraz8
@ebenykech
@MarkGKirshner
@HeartsatPlay
@Dajenne
@PT4Breakfast
@JapanMissionUN
@sylviajemutai4",,,,26/01/2017 11:08,https://twitter.com/#!/contestadventur/status/824574840799535105,,,8.24575E+17,8.24217E+17
contestadventur,minahilsarfraz8,Mentions,26/01/2017 11:08,"Join in
@thexoxoday
@MinahilSarfraz8
@ebenykech
@MarkGKirshner
@HeartsatPlay
@Dajenne
@PT4Breakfast
@JapanMissionUN
@sylviajemutai4",,,,26/01/2017 11:08,https://twitter.com/#!/contestadventur/status/824574840799535105,,,8.24575E+17,8.24217E+17
contestadventur,rainforestcx,Mentions,26/01/2017 11:09,"Join in
@thexoxoday
@DrhunteN
@MoleValleyRtrct
@StrMarc
@SchuillerBlaze
@thepeterlunt
@khany25
@MohantaTw
@RNAO_Wellington
@RainforestCx",,,,26/01/2017 11:09,https://twitter.com/#!/contestadventur/status/824574932038266880,,,8.24575E+17,8.24217E+17
contestadventur,rnao_wellington,Mentions,26/01/2017 11:09,"Join in
@thexoxoday
@DrhunteN
@MoleValleyRtrct
@StrMarc
@SchuillerBlaze
@thepeterlunt
@khany25
@MohantaTw
@RNAO_Wellington
@RainforestCx",,,,26/01/2017 11:09,https://twitter.com/#!/contestadventur/status/824574932038266880,,,8.24575E+17,8.24217E+17
contestadventur,mohantatw,Mentions,26/01/2017 11:09,"Join in
@thexoxoday
@DrhunteN
@MoleValleyRtrct
@StrMarc
@SchuillerBlaze
@thepeterlunt
@khany25
@MohantaTw
@RNAO_Wellington
@RainforestCx",,,,26/01/2017 11:09,https://twitter.com/#!/contestadventur/status/824574932038266880,,,8.24575E+17,8.24217E+17
contestadventur,khany25,Mentions,26/01/2017 11:09,"Join in
@thexoxoday
@DrhunteN
@MoleValleyRtrct
@StrMarc
@SchuillerBlaze
@thepeterlunt
@khany25
@MohantaTw
@RNAO_Wellington
@RainforestCx",,,,26/01/2017 11:09,https://twitter.com/#!/contestadventur/status/824574932038266880,,,8.24575E+17,8.24217E+17
contestadventur,thepeterlunt,Mentions,26/01/2017 11:09,"Join in
@thexoxoday
@DrhunteN
@MoleValleyRtrct
@StrMarc
@SchuillerBlaze
@thepeterlunt
@khany25
@MohantaTw
@RNAO_Wellington
@RainforestCx",,,,26/01/2017 11:09,https://twitter.com/#!/contestadventur/status/824574932038266880,,,8.24575E+17,8.24217E+17
contestadventur,schuillerblaze,Mentions,26/01/2017 11:09,"Join in
@thexoxoday
@DrhunteN
@MoleValleyRtrct
@StrMarc
@SchuillerBlaze
@thepeterlunt
@khany25
@MohantaTw
@RNAO_Wellington
@RainforestCx",,,,26/01/2017 11:09,https://twitter.com/#!/contestadventur/status/824574932038266880,,,8.24575E+17,8.24217E+17
contestadventur,strmarc,Mentions,26/01/2017 11:09,"Join in
@thexoxoday
@DrhunteN
@MoleValleyRtrct
@StrMarc
@SchuillerBlaze
@thepeterlunt
@khany25
@MohantaTw
@RNAO_Wellington
@RainforestCx",,,,26/01/2017 11:09,https://twitter.com/#!/contestadventur/status/824574932038266880,,,8.24575E+17,8.24217E+17
contestadventur,molevalleyrtrct,Mentions,26/01/2017 11:09,"Join in
@thexoxoday
@DrhunteN
@MoleValleyRtrct
@StrMarc
@SchuillerBlaze
@thepeterlunt
@khany25
@MohantaTw
@RNAO_Wellington
@RainforestCx",,,,26/01/2017 11:09,https://twitter.com/#!/contestadventur/status/824574932038266880,,,8.24575E+17,8.24217E+17
contestadventur,drhunten,Mentions,26/01/2017 11:09,"Join in
@thexoxoday
@DrhunteN
@MoleValleyRtrct
@StrMarc
@SchuillerBlaze
@thepeterlunt
@khany25
@MohantaTw
@RNAO_Wellington
@RainforestCx",,,,26/01/2017 11:09,https://twitter.com/#!/contestadventur/status/824574932038266880,,,8.24575E+17,8.24217E+17
contestadventur,laxmirajyam1958,Mentions,26/01/2017 11:09,"Join in
@thexoxoday
@formaginiherme
@hasanaiesah757
@ValiohLP
@de_madagascar
@hassanhaman
@AfthabFarook
@angelleoray
@laxmirajyam1958",,,,26/01/2017 11:09,https://twitter.com/#!/contestadventur/status/824575045250879488,,,8.24575E+17,8.24217E+17
contestadventur,angelleoray,Mentions,26/01/2017 11:09,"Join in
@thexoxoday
@formaginiherme
@hasanaiesah757
@ValiohLP
@de_madagascar
@hassanhaman
@AfthabFarook
@angelleoray
@laxmirajyam1958",,,,26/01/2017 11:09,https://twitter.com/#!/contestadventur/status/824575045250879488,,,8.24575E+17,8.24217E+17
contestadventur,afthabfarook,Mentions,26/01/2017 11:09,"Join in
@thexoxoday
@formaginiherme
@hasanaiesah757
@ValiohLP
@de_madagascar
@hassanhaman
@AfthabFarook
@angelleoray
@laxmirajyam1958",,,,26/01/2017 11:09,https://twitter.com/#!/contestadventur/status/824575045250879488,,,8.24575E+17,8.24217E+17
contestadventur,hassanhaman,Mentions,26/01/2017 11:09,"Join in
@thexoxoday
@formaginiherme
@hasanaiesah757
@ValiohLP
@de_madagascar
@hassanhaman
@AfthabFarook
@angelleoray
@laxmirajyam1958",,,,26/01/2017 11:09,https://twitter.com/#!/contestadventur/status/824575045250879488,,,8.24575E+17,8.24217E+17
contestadventur,de_madagascar,Mentions,26/01/2017 11:09,"Join in
@thexoxoday
@formaginiherme
@hasanaiesah757
@ValiohLP
@de_madagascar
@hassanhaman
@AfthabFarook
@angelleoray
@laxmirajyam1958",,,,26/01/2017 11:09,https://twitter.com/#!/contestadventur/status/824575045250879488,,,8.24575E+17,8.24217E+17
contestadventur,valiohlp,Mentions,26/01/2017 11:09,"Join in
@thexoxoday
@formaginiherme
@hasanaiesah757
@ValiohLP
@de_madagascar
@hassanhaman
@AfthabFarook
@angelleoray
@laxmirajyam1958",,,,26/01/2017 11:09,https://twitter.com/#!/contestadventur/status/824575045250879488,,,8.24575E+17,8.24217E+17
contestadventur,hasanaiesah757,Mentions,26/01/2017 11:09,"Join in
@thexoxoday
@formaginiherme
@hasanaiesah757
@ValiohLP
@de_madagascar
@hassanhaman
@AfthabFarook
@angelleoray
@laxmirajyam1958",,,,26/01/2017 11:09,https://twitter.com/#!/contestadventur/status/824575045250879488,,,8.24575E+17,8.24217E+17
contestadventur,formaginiherme,Mentions,26/01/2017 11:09,"Join in
@thexoxoday
@formaginiherme
@hasanaiesah757
@ValiohLP
@de_madagascar
@hassanhaman
@AfthabFarook
@angelleoray
@laxmirajyam1958",,,,26/01/2017 11:09,https://twitter.com/#!/contestadventur/status/824575045250879488,,,8.24575E+17,8.24217E+17
contestadventur,j9000000,Mentions,26/01/2017 11:10,"Join in
@thexoxoday
@Stanleyzweb
@moonchoyce_al
@PNUD_RCA
@munteanudoina7
@SaldanhaVP
@UNAIDS
@oksanalanska
@AmaduzziLouis
@j9000000",,,,26/01/2017 11:10,https://twitter.com/#!/contestadventur/status/824575172866813953,,,8.24575E+17,8.24217E+17
contestadventur,amaduzzilouis,Mentions,26/01/2017 11:10,"Join in
@thexoxoday
@Stanleyzweb
@moonchoyce_al
@PNUD_RCA
@munteanudoina7
@SaldanhaVP
@UNAIDS
@oksanalanska
@AmaduzziLouis
@j9000000",,,,26/01/2017 11:10,https://twitter.com/#!/contestadventur/status/824575172866813953,,,8.24575E+17,8.24217E+17
contestadventur,oksanalanska,Mentions,26/01/2017 11:10,"Join in
@thexoxoday
@Stanleyzweb
@moonchoyce_al
@PNUD_RCA
@munteanudoina7
@SaldanhaVP
@UNAIDS
@oksanalanska
@AmaduzziLouis
@j9000000",,,,26/01/2017 11:10,https://twitter.com/#!/contestadventur/status/824575172866813953,,,8.24575E+17,8.24217E+17
contestadventur,unaids,Mentions,26/01/2017 11:10,"Join in
@thexoxoday
@Stanleyzweb
@moonchoyce_al
@PNUD_RCA
@munteanudoina7
@SaldanhaVP
@UNAIDS
@oksanalanska
@AmaduzziLouis
@j9000000",,,,26/01/2017 11:10,https://twitter.com/#!/contestadventur/status/824575172866813953,,,8.24575E+17,8.24217E+17
contestadventur,saldanhavp,Mentions,26/01/2017 11:10,"Join in
@thexoxoday
@Stanleyzweb
@moonchoyce_al
@PNUD_RCA
@munteanudoina7
@SaldanhaVP
@UNAIDS
@oksanalanska
@AmaduzziLouis
@j9000000",,,,26/01/2017 11:10,https://twitter.com/#!/contestadventur/status/824575172866813953,,,8.24575E+17,8.24217E+17
contestadventur,munteanudoina7,Mentions,26/01/2017 11:10,"Join in
@thexoxoday
@Stanleyzweb
@moonchoyce_al
@PNUD_RCA
@munteanudoina7
@SaldanhaVP
@UNAIDS
@oksanalanska
@AmaduzziLouis
@j9000000",,,,26/01/2017 11:10,https://twitter.com/#!/contestadventur/status/824575172866813953,,,8.24575E+17,8.24217E+17
contestadventur,pnud_rca,Mentions,26/01/2017 11:10,"Join in
@thexoxoday
@Stanleyzweb
@moonchoyce_al
@PNUD_RCA
@munteanudoina7
@SaldanhaVP
@UNAIDS
@oksanalanska
@AmaduzziLouis
@j9000000",,,,26/01/2017 11:10,https://twitter.com/#!/contestadventur/status/824575172866813953,,,8.24575E+17,8.24217E+17
contestadventur,moonchoyce_al,Mentions,26/01/2017 11:10,"Join in
@thexoxoday
@Stanleyzweb
@moonchoyce_al
@PNUD_RCA
@munteanudoina7
@SaldanhaVP
@UNAIDS
@oksanalanska
@AmaduzziLouis
@j9000000",,,,26/01/2017 11:10,https://twitter.com/#!/contestadventur/status/824575172866813953,,,8.24575E+17,8.24217E+17
contestadventur,stanleyzweb,Mentions,26/01/2017 11:10,"Join in
@thexoxoday
@Stanleyzweb
@moonchoyce_al
@PNUD_RCA
@munteanudoina7
@SaldanhaVP
@UNAIDS
@oksanalanska
@AmaduzziLouis
@j9000000",,,,26/01/2017 11:10,https://twitter.com/#!/contestadventur/status/824575172866813953,,,8.24575E+17,8.24217E+17
contestadventur,gloriatoks,Mentions,26/01/2017 11:10,"Join in
@thexoxoday
@ivanlee168138
@Sanoop_gmailcom
@L05xuT2JpdfVchY
@ombudsmanPHMadam
@KakauJaloretto
@HKWARU1655
@407_duchess
@Gloriatoks",,,,26/01/2017 11:10,https://twitter.com/#!/contestadventur/status/824575282325499905,,,8.24575E+17,8.24217E+17
contestadventur,407_duchess,Mentions,26/01/2017 11:10,"Join in
@thexoxoday
@ivanlee168138
@Sanoop_gmailcom
@L05xuT2JpdfVchY
@ombudsmanPHMadam
@KakauJaloretto
@HKWARU1655
@407_duchess
@Gloriatoks",,,,26/01/2017 11:10,https://twitter.com/#!/contestadventur/status/824575282325499905,,,8.24575E+17,8.24217E+17
contestadventur,hkwaru1655,Mentions,26/01/2017 11:10,"Join in
@thexoxoday
@ivanlee168138
@Sanoop_gmailcom
@L05xuT2JpdfVchY
@ombudsmanPHMadam
@KakauJaloretto
@HKWARU1655
@407_duchess
@Gloriatoks",,,,26/01/2017 11:10,https://twitter.com/#!/contestadventur/status/824575282325499905,,,8.24575E+17,8.24217E+17
contestadventur,kakaujaloretto,Mentions,26/01/2017 11:10,"Join in
@thexoxoday
@ivanlee168138
@Sanoop_gmailcom
@L05xuT2JpdfVchY
@ombudsmanPHMadam
@KakauJaloretto
@HKWARU1655
@407_duchess
@Gloriatoks",,,,26/01/2017 11:10,https://twitter.com/#!/contestadventur/status/824575282325499905,,,8.24575E+17,8.24217E+17
contestadventur,l05xut2jpdfvchy,Mentions,26/01/2017 11:10,"Join in
@thexoxoday
@ivanlee168138
@Sanoop_gmailcom
@L05xuT2JpdfVchY
@ombudsmanPHMadam
@KakauJaloretto
@HKWARU1655
@407_duchess
@Gloriatoks",,,,26/01/2017 11:10,https://twitter.com/#!/contestadventur/status/824575282325499905,,,8.24575E+17,8.24217E+17
contestadventur,sanoop_gmailcom,Mentions,26/01/2017 11:10,"Join in
@thexoxoday
@ivanlee168138
@Sanoop_gmailcom
@L05xuT2JpdfVchY
@ombudsmanPHMadam
@KakauJaloretto
@HKWARU1655
@407_duchess
@Gloriatoks",,,,26/01/2017 11:10,https://twitter.com/#!/contestadventur/status/824575282325499905,,,8.24575E+17,8.24217E+17
contestadventur,ivanlee168138,Mentions,26/01/2017 11:10,"Join in
@thexoxoday
@ivanlee168138
@Sanoop_gmailcom
@L05xuT2JpdfVchY
@ombudsmanPHMadam
@KakauJaloretto
@HKWARU1655
@407_duchess
@Gloriatoks",,,,26/01/2017 11:10,https://twitter.com/#!/contestadventur/status/824575282325499905,,,8.24575E+17,8.24217E+17
contestadventur,55isah,Mentions,26/01/2017 11:11,"Join in
@thexoxoday
@danychizo
@M0uRhd__arpd00L
@gloria_imodia
@itsFNBdotCOM
@ElisheebaI
@attwum
@Femlex
@OsagieSelma
@55isah",,,,26/01/2017 11:11,https://twitter.com/#!/contestadventur/status/824575527310602240,,,8.24576E+17,8.24217E+17
contestadventur,osagieselma,Mentions,26/01/2017 11:11,"Join in
@thexoxoday
@danychizo
@M0uRhd__arpd00L
@gloria_imodia
@itsFNBdotCOM
@ElisheebaI
@attwum
@Femlex
@OsagieSelma
@55isah",,,,26/01/2017 11:11,https://twitter.com/#!/contestadventur/status/824575527310602240,,,8.24576E+17,8.24217E+17
contestadventur,femlex,Mentions,26/01/2017 11:11,"Join in
@thexoxoday
@danychizo
@M0uRhd__arpd00L
@gloria_imodia
@itsFNBdotCOM
@ElisheebaI
@attwum
@Femlex
@OsagieSelma
@55isah",,,,26/01/2017 11:11,https://twitter.com/#!/contestadventur/status/824575527310602240,,,8.24576E+17,8.24217E+17
contestadventur,attwum,Mentions,26/01/2017 11:11,"Join in
@thexoxoday
@danychizo
@M0uRhd__arpd00L
@gloria_imodia
@itsFNBdotCOM
@ElisheebaI
@attwum
@Femlex
@OsagieSelma
@55isah",,,,26/01/2017 11:11,https://twitter.com/#!/contestadventur/status/824575527310602240,,,8.24576E+17,8.24217E+17
contestadventur,elisheebai,Mentions,26/01/2017 11:11,"Join in
@thexoxoday
@danychizo
@M0uRhd__arpd00L
@gloria_imodia
@itsFNBdotCOM
@ElisheebaI
@attwum
@Femlex
@OsagieSelma
@55isah",,,,26/01/2017 11:11,https://twitter.com/#!/contestadventur/status/824575527310602240,,,8.24576E+17,8.24217E+17
contestadventur,itsfnbdotcom,Mentions,26/01/2017 11:11,"Join in
@thexoxoday
@danychizo
@M0uRhd__arpd00L
@gloria_imodia
@itsFNBdotCOM
@ElisheebaI
@attwum
@Femlex
@OsagieSelma
@55isah",,,,26/01/2017 11:11,https://twitter.com/#!/contestadventur/status/824575527310602240,,,8.24576E+17,8.24217E+17
contestadventur,gloria_imodia,Mentions,26/01/2017 11:11,"Join in
@thexoxoday
@danychizo
@M0uRhd__arpd00L
@gloria_imodia
@itsFNBdotCOM
@ElisheebaI
@attwum
@Femlex
@OsagieSelma
@55isah",,,,26/01/2017 11:11,https://twitter.com/#!/contestadventur/status/824575527310602240,,,8.24576E+17,8.24217E+17
contestadventur,danychizo,Mentions,26/01/2017 11:11,"Join in
@thexoxoday
@danychizo
@M0uRhd__arpd00L
@gloria_imodia
@itsFNBdotCOM
@ElisheebaI
@attwum
@Femlex
@OsagieSelma
@55isah",,,,26/01/2017 11:11,https://twitter.com/#!/contestadventur/status/824575527310602240,,,8.24576E+17,8.24217E+17
contestadventur,itzpman,Mentions,26/01/2017 11:12,"Join in
@thexoxoday
@nosa_iyoha
@AlphaCapitalist
@JRudyford
@Yusful4u
@_teehoo
@sirwalexy
@omotayoakeem
@Yvonne_OG
@joelodili
@ItzPman",,,,26/01/2017 11:12,https://twitter.com/#!/contestadventur/status/824575666754424833,,,8.24576E+17,8.24217E+17
contestadventur,joelodili,Mentions,26/01/2017 11:12,"Join in
@thexoxoday
@nosa_iyoha
@AlphaCapitalist
@JRudyford
@Yusful4u
@_teehoo
@sirwalexy
@omotayoakeem
@Yvonne_OG
@joelodili
@ItzPman",,,,26/01/2017 11:12,https://twitter.com/#!/contestadventur/status/824575666754424833,,,8.24576E+17,8.24217E+17
contestadventur,yvonne_og,Mentions,26/01/2017 11:12,"Join in
@thexoxoday
@nosa_iyoha
@AlphaCapitalist
@JRudyford
@Yusful4u
@_teehoo
@sirwalexy
@omotayoakeem
@Yvonne_OG
@joelodili
@ItzPman",,,,26/01/2017 11:12,https://twitter.com/#!/contestadventur/status/824575666754424833,,,8.24576E+17,8.24217E+17
contestadventur,omotayoakeem,Mentions,26/01/2017 11:12,"Join in
@thexoxoday
@nosa_iyoha
@AlphaCapitalist
@JRudyford
@Yusful4u
@_teehoo
@sirwalexy
@omotayoakeem
@Yvonne_OG
@joelodili
@ItzPman",,,,26/01/2017 11:12,https://twitter.com/#!/contestadventur/status/824575666754424833,,,8.24576E+17,8.24217E+17
contestadventur,sirwalexy,Mentions,26/01/2017 11:12,"Join in
@thexoxoday
@nosa_iyoha
@AlphaCapitalist
@JRudyford
@Yusful4u
@_teehoo
@sirwalexy
@omotayoakeem
@Yvonne_OG
@joelodili
@ItzPman",,,,26/01/2017 11:12,https://twitter.com/#!/contestadventur/status/824575666754424833,,,8.24576E+17,8.24217E+17
contestadventur,_teehoo,Mentions,26/01/2017 11:12,"Join in
@thexoxoday
@nosa_iyoha
@AlphaCapitalist
@JRudyford
@Yusful4u
@_teehoo
@sirwalexy
@omotayoakeem
@Yvonne_OG
@joelodili
@ItzPman",,,,26/01/2017 11:12,https://twitter.com/#!/contestadventur/status/824575666754424833,,,8.24576E+17,8.24217E+17
contestadventur,yusful4u,Mentions,26/01/2017 11:12,"Join in
@thexoxoday
@nosa_iyoha
@AlphaCapitalist
@JRudyford
@Yusful4u
@_teehoo
@sirwalexy
@omotayoakeem
@Yvonne_OG
@joelodili
@ItzPman",,,,26/01/2017 11:12,https://twitter.com/#!/contestadventur/status/824575666754424833,,,8.24576E+17,8.24217E+17
contestadventur,jrudyford,Mentions,26/01/2017 11:12,"Join in
@thexoxoday
@nosa_iyoha
@AlphaCapitalist
@JRudyford
@Yusful4u
@_teehoo
@sirwalexy
@omotayoakeem
@Yvonne_OG
@joelodili
@ItzPman",,,,26/01/2017 11:12,https://twitter.com/#!/contestadventur/status/824575666754424833,,,8.24576E+17,8.24217E+17
contestadventur,alphacapitalist,Mentions,26/01/2017 11:12,"Join in
@thexoxoday
@nosa_iyoha
@AlphaCapitalist
@JRudyford
@Yusful4u
@_teehoo
@sirwalexy
@omotayoakeem
@Yvonne_OG
@joelodili
@ItzPman",,,,26/01/2017 11:12,https://twitter.com/#!/contestadventur/status/824575666754424833,,,8.24576E+17,8.24217E+17
contestadventur,nosa_iyoha,Mentions,26/01/2017 11:12,"Join in
@thexoxoday
@nosa_iyoha
@AlphaCapitalist
@JRudyford
@Yusful4u
@_teehoo
@sirwalexy
@omotayoakeem
@Yvonne_OG
@joelodili
@ItzPman",,,,26/01/2017 11:12,https://twitter.com/#!/contestadventur/status/824575666754424833,,,8.24576E+17,8.24217E+17
contestadventur,uofglasgow,Mentions,26/01/2017 11:12,"Join in
@thexoxoday
@E_soken
@LekanAJ
@PrinceBanbeo
@maryammenn
@sofia_lawson5
@RichardBervel
@SrMadeleine
@LawrenceS8
@UofGlasgow",,,,26/01/2017 11:12,https://twitter.com/#!/contestadventur/status/824575741375311872,,,8.24576E+17,8.24217E+17
contestadventur,lawrences8,Mentions,26/01/2017 11:12,"Join in
@thexoxoday
@E_soken
@LekanAJ
@PrinceBanbeo
@maryammenn
@sofia_lawson5
@RichardBervel
@SrMadeleine
@LawrenceS8
@UofGlasgow",,,,26/01/2017 11:12,https://twitter.com/#!/contestadventur/status/824575741375311872,,,8.24576E+17,8.24217E+17
contestadventur,srmadeleine,Mentions,26/01/2017 11:12,"Join in
@thexoxoday
@E_soken
@LekanAJ
@PrinceBanbeo
@maryammenn
@sofia_lawson5
@RichardBervel
@SrMadeleine
@LawrenceS8
@UofGlasgow",,,,26/01/2017 11:12,https://twitter.com/#!/contestadventur/status/824575741375311872,,,8.24576E+17,8.24217E+17
contestadventur,richardbervel,Mentions,26/01/2017 11:12,"Join in
@thexoxoday
@E_soken
@LekanAJ
@PrinceBanbeo
@maryammenn
@sofia_lawson5
@RichardBervel
@SrMadeleine
@LawrenceS8
@UofGlasgow",,,,26/01/2017 11:12,https://twitter.com/#!/contestadventur/status/824575741375311872,,,8.24576E+17,8.24217E+17
contestadventur,sofia_lawson5,Mentions,26/01/2017 11:12,"Join in
@thexoxoday
@E_soken
@LekanAJ
@PrinceBanbeo
@maryammenn
@sofia_lawson5
@RichardBervel
@SrMadeleine
@LawrenceS8
@UofGlasgow",,,,26/01/2017 11:12,https://twitter.com/#!/contestadventur/status/824575741375311872,,,8.24576E+17,8.24217E+17
contestadventur,maryammenn,Mentions,26/01/2017 11:12,"Join in
@thexoxoday
@E_soken
@LekanAJ
@PrinceBanbeo
@maryammenn
@sofia_lawson5
@RichardBervel
@SrMadeleine
@LawrenceS8
@UofGlasgow",,,,26/01/2017 11:12,https://twitter.com/#!/contestadventur/status/824575741375311872,,,8.24576E+17,8.24217E+17
contestadventur,princebanbeo,Mentions,26/01/2017 11:12,"Join in
@thexoxoday
@E_soken
@LekanAJ
@PrinceBanbeo
@maryammenn
@sofia_lawson5
@RichardBervel
@SrMadeleine
@LawrenceS8
@UofGlasgow",,,,26/01/2017 11:12,https://twitter.com/#!/contestadventur/status/824575741375311872,,,8.24576E+17,8.24217E+17
contestadventur,lekanaj,Mentions,26/01/2017 11:12,"Join in
@thexoxoday
@E_soken
@LekanAJ
@PrinceBanbeo
@maryammenn
@sofia_lawson5
@RichardBervel
@SrMadeleine
@LawrenceS8
@UofGlasgow",,,,26/01/2017 11:12,https://twitter.com/#!/contestadventur/status/824575741375311872,,,8.24576E+17,8.24217E+17
contestadventur,e_soken,Mentions,26/01/2017 11:12,"Join in
@thexoxoday
@E_soken
@LekanAJ
@PrinceBanbeo
@maryammenn
@sofia_lawson5
@RichardBervel
@SrMadeleine
@LawrenceS8
@UofGlasgow",,,,26/01/2017 11:12,https://twitter.com/#!/contestadventur/status/824575741375311872,,,8.24576E+17,8.24217E+17
contestadventur,redsabin,Mentions,26/01/2017 11:12,"Join in
@thexoxoday
@SNPStudents
@snpyouthwest
@gumarysmeals
@SNPCND
@peeus821
@Bigzy_YD
@Oaiky
@Lovelindablush
@bolaakingbehin
@RedSabin",,,,26/01/2017 11:12,https://twitter.com/#!/contestadventur/status/824575827736043521,,,8.24576E+17,8.24217E+17
contestadventur,bolaakingbehin,Mentions,26/01/2017 11:12,"Join in
@thexoxoday
@SNPStudents
@snpyouthwest
@gumarysmeals
@SNPCND
@peeus821
@Bigzy_YD
@Oaiky
@Lovelindablush
@bolaakingbehin
@RedSabin",,,,26/01/2017 11:12,https://twitter.com/#!/contestadventur/status/824575827736043521,,,8.24576E+17,8.24217E+17
contestadventur,lovelindablush,Mentions,26/01/2017 11:12,"Join in
@thexoxoday
@SNPStudents
@snpyouthwest
@gumarysmeals
@SNPCND
@peeus821
@Bigzy_YD
@Oaiky
@Lovelindablush
@bolaakingbehin
@RedSabin",,,,26/01/2017 11:12,https://twitter.com/#!/contestadventur/status/824575827736043521,,,8.24576E+17,8.24217E+17
contestadventur,oaiky,Mentions,26/01/2017 11:12,"Join in
@thexoxoday
@SNPStudents
@snpyouthwest
@gumarysmeals
@SNPCND
@peeus821
@Bigzy_YD
@Oaiky
@Lovelindablush
@bolaakingbehin
@RedSabin",,,,26/01/2017 11:12,https://twitter.com/#!/contestadventur/status/824575827736043521,,,8.24576E+17,8.24217E+17
contestadventur,peeus821,Mentions,26/01/2017 11:12,"Join in
@thexoxoday
@SNPStudents
@snpyouthwest
@gumarysmeals
@SNPCND
@peeus821
@Bigzy_YD
@Oaiky
@Lovelindablush
@bolaakingbehin
@RedSabin",,,,26/01/2017 11:12,https://twitter.com/#!/contestadventur/status/824575827736043521,,,8.24576E+17,8.24217E+17
contestadventur,snpcnd,Mentions,26/01/2017 11:12,"Join in
@thexoxoday
@SNPStudents
@snpyouthwest
@gumarysmeals
@SNPCND
@peeus821
@Bigzy_YD
@Oaiky
@Lovelindablush
@bolaakingbehin
@RedSabin",,,,26/01/2017 11:12,https://twitter.com/#!/contestadventur/status/824575827736043521,,,8.24576E+17,8.24217E+17
contestadventur,gumarysmeals,Mentions,26/01/2017 11:12,"Join in
@thexoxoday
@SNPStudents
@snpyouthwest
@gumarysmeals
@SNPCND
@peeus821
@Bigzy_YD
@Oaiky
@Lovelindablush
@bolaakingbehin
@RedSabin",,,,26/01/2017 11:12,https://twitter.com/#!/contestadventur/status/824575827736043521,,,8.24576E+17,8.24217E+17
contestadventur,snpyouthwest,Mentions,26/01/2017 11:12,"Join in
@thexoxoday
@SNPStudents
@snpyouthwest
@gumarysmeals
@SNPCND
@peeus821
@Bigzy_YD
@Oaiky
@Lovelindablush
@bolaakingbehin
@RedSabin",,,,26/01/2017 11:12,https://twitter.com/#!/contestadventur/status/824575827736043521,,,8.24576E+17,8.24217E+17
contestadventur,snpstudents,Mentions,26/01/2017 11:12,"Join in
@thexoxoday
@SNPStudents
@snpyouthwest
@gumarysmeals
@SNPCND
@peeus821
@Bigzy_YD
@Oaiky
@Lovelindablush
@bolaakingbehin
@RedSabin",,,,26/01/2017 11:12,https://twitter.com/#!/contestadventur/status/824575827736043521,,,8.24576E+17,8.24217E+17
contestadventur,hidalgo_abel,Mentions,26/01/2017 11:13,"Join in
@thexoxoday
@princekelvinta
@roadwish1
@Tobhar4Arsenal
@iGBV
@wafulahp
@nairobits
@MordiOfficial
@burbu_boop
@hidalgo_abel",,,,26/01/2017 11:13,https://twitter.com/#!/contestadventur/status/824575989128704000,,,8.24576E+17,8.24217E+17
contestadventur,burbu_boop,Mentions,26/01/2017 11:13,"Join in
@thexoxoday
@princekelvinta
@roadwish1
@Tobhar4Arsenal
@iGBV
@wafulahp
@nairobits
@MordiOfficial
@burbu_boop
@hidalgo_abel",,,,26/01/2017 11:13,https://twitter.com/#!/contestadventur/status/824575989128704000,,,8.24576E+17,8.24217E+17
contestadventur,mordiofficial,Mentions,26/01/2017 11:13,"Join in
@thexoxoday
@princekelvinta
@roadwish1
@Tobhar4Arsenal
@iGBV
@wafulahp
@nairobits
@MordiOfficial
@burbu_boop
@hidalgo_abel",,,,26/01/2017 11:13,https://twitter.com/#!/contestadventur/status/824575989128704000,,,8.24576E+17,8.24217E+17
contestadventur,nairobits,Mentions,26/01/2017 11:13,"Join in
@thexoxoday
@princekelvinta
@roadwish1
@Tobhar4Arsenal
@iGBV
@wafulahp
@nairobits
@MordiOfficial
@burbu_boop
@hidalgo_abel",,,,26/01/2017 11:13,https://twitter.com/#!/contestadventur/status/824575989128704000,,,8.24576E+17,8.24217E+17
contestadventur,wafulahp,Mentions,26/01/2017 11:13,"Join in
@thexoxoday
@princekelvinta
@roadwish1
@Tobhar4Arsenal
@iGBV
@wafulahp
@nairobits
@MordiOfficial
@burbu_boop
@hidalgo_abel",,,,26/01/2017 11:13,https://twitter.com/#!/contestadventur/status/824575989128704000,,,8.24576E+17,8.24217E+17
contestadventur,igbv,Mentions,26/01/2017 11:13,"Join in
@thexoxoday
@princekelvinta
@roadwish1
@Tobhar4Arsenal
@iGBV
@wafulahp
@nairobits
@MordiOfficial
@burbu_boop
@hidalgo_abel",,,,26/01/2017 11:13,https://twitter.com/#!/contestadventur/status/824575989128704000,,,8.24576E+17,8.24217E+17
contestadventur,tobhar4arsenal,Mentions,26/01/2017 11:13,"Join in
@thexoxoday
@princekelvinta
@roadwish1
@Tobhar4Arsenal
@iGBV
@wafulahp
@nairobits
@MordiOfficial
@burbu_boop
@hidalgo_abel",,,,26/01/2017 11:13,https://twitter.com/#!/contestadventur/status/824575989128704000,,,8.24576E+17,8.24217E+17
contestadventur,roadwish1,Mentions,26/01/2017 11:13,"Join in
@thexoxoday
@princekelvinta
@roadwish1
@Tobhar4Arsenal
@iGBV
@wafulahp
@nairobits
@MordiOfficial
@burbu_boop
@hidalgo_abel",,,,26/01/2017 11:13,https://twitter.com/#!/contestadventur/status/824575989128704000,,,8.24576E+17,8.24217E+17
contestadventur,princekelvinta,Mentions,26/01/2017 11:13,"Join in
@thexoxoday
@princekelvinta
@roadwish1
@Tobhar4Arsenal
@iGBV
@wafulahp
@nairobits
@MordiOfficial
@burbu_boop
@hidalgo_abel",,,,26/01/2017 11:13,https://twitter.com/#!/contestadventur/status/824575989128704000,,,8.24576E+17,8.24217E+17
contestadventur,vierendra,Mentions,26/01/2017 11:13,"Join in
@thexoxoday
@PetaIndia
@ravikant55
@niranimal
@snehasingh31291
@April23sparkles
@RaajVaani
@simplysky626
@kkneisley2001
@vierendra",,,,26/01/2017 11:13,https://twitter.com/#!/contestadventur/status/824576077049704448,,,8.24576E+17,8.24217E+17
contestadventur,simplysky626,Mentions,26/01/2017 11:13,"Join in
@thexoxoday
@PetaIndia
@ravikant55
@niranimal
@snehasingh31291
@April23sparkles
@RaajVaani
@simplysky626
@kkneisley2001
@vierendra",,,,26/01/2017 11:13,https://twitter.com/#!/contestadventur/status/824576077049704448,,,8.24576E+17,8.24217E+17
contestadventur,raajvaani,Mentions,26/01/2017 11:13,"Join in
@thexoxoday
@PetaIndia
@ravikant55
@niranimal
@snehasingh31291
@April23sparkles
@RaajVaani
@simplysky626
@kkneisley2001
@vierendra",,,,26/01/2017 11:13,https://twitter.com/#!/contestadventur/status/824576077049704448,,,8.24576E+17,8.24217E+17
contestadventur,april23sparkles,Mentions,26/01/2017 11:13,"Join in
@thexoxoday
@PetaIndia
@ravikant55
@niranimal
@snehasingh31291
@April23sparkles
@RaajVaani
@simplysky626
@kkneisley2001
@vierendra",,,,26/01/2017 11:13,https://twitter.com/#!/contestadventur/status/824576077049704448,,,8.24576E+17,8.24217E+17
contestadventur,snehasingh31291,Mentions,26/01/2017 11:13,"Join in
@thexoxoday
@PetaIndia
@ravikant55
@niranimal
@snehasingh31291
@April23sparkles
@RaajVaani
@simplysky626
@kkneisley2001
@vierendra",,,,26/01/2017 11:13,https://twitter.com/#!/contestadventur/status/824576077049704448,,,8.24576E+17,8.24217E+17
contestadventur,niranimal,Mentions,26/01/2017 11:13,"Join in
@thexoxoday
@PetaIndia
@ravikant55
@niranimal
@snehasingh31291
@April23sparkles
@RaajVaani
@simplysky626
@kkneisley2001
@vierendra",,,,26/01/2017 11:13,https://twitter.com/#!/contestadventur/status/824576077049704448,,,8.24576E+17,8.24217E+17
contestadventur,ravikant55,Mentions,26/01/2017 11:13,"Join in
@thexoxoday
@PetaIndia
@ravikant55
@niranimal
@snehasingh31291
@April23sparkles
@RaajVaani
@simplysky626
@kkneisley2001
@vierendra",,,,26/01/2017 11:13,https://twitter.com/#!/contestadventur/status/824576077049704448,,,8.24576E+17,8.24217E+17
contestadventur,petaindia,Mentions,26/01/2017 11:13,"Join in
@thexoxoday
@PetaIndia
@ravikant55
@niranimal
@snehasingh31291
@April23sparkles
@RaajVaani
@simplysky626
@kkneisley2001
@vierendra",,,,26/01/2017 11:13,https://twitter.com/#!/contestadventur/status/824576077049704448,,,8.24576E+17,8.24217E+17
contestadventur,efonz2013,Mentions,26/01/2017 11:14,"Join in
@thexoxoday
@alisha_dicaprio
@ckmahato
@AmbassadorPower
@Panama_UN
@alexmorgan13
@GreatGovTweets
@garutch
@FawazElmasri
@efonz2013",,,,26/01/2017 11:14,https://twitter.com/#!/contestadventur/status/824576220654211072,,,8.24576E+17,8.24217E+17
contestadventur,fawazelmasri,Mentions,26/01/2017 11:14,"Join in
@thexoxoday
@alisha_dicaprio
@ckmahato
@AmbassadorPower
@Panama_UN
@alexmorgan13
@GreatGovTweets
@garutch
@FawazElmasri
@efonz2013",,,,26/01/2017 11:14,https://twitter.com/#!/contestadventur/status/824576220654211072,,,8.24576E+17,8.24217E+17
contestadventur,garutch,Mentions,26/01/2017 11:14,"Join in
@thexoxoday
@alisha_dicaprio
@ckmahato
@AmbassadorPower
@Panama_UN
@alexmorgan13
@GreatGovTweets
@garutch
@FawazElmasri
@efonz2013",,,,26/01/2017 11:14,https://twitter.com/#!/contestadventur/status/824576220654211072,,,8.24576E+17,8.24217E+17
contestadventur,greatgovtweets,Mentions,26/01/2017 11:14,"Join in
@thexoxoday
@alisha_dicaprio
@ckmahato
@AmbassadorPower
@Panama_UN
@alexmorgan13
@GreatGovTweets
@garutch
@FawazElmasri
@efonz2013",,,,26/01/2017 11:14,https://twitter.com/#!/contestadventur/status/824576220654211072,,,8.24576E+17,8.24217E+17
contestadventur,alexmorgan13,Mentions,26/01/2017 11:14,"Join in
@thexoxoday
@alisha_dicaprio
@ckmahato
@AmbassadorPower
@Panama_UN
@alexmorgan13
@GreatGovTweets
@garutch
@FawazElmasri
@efonz2013",,,,26/01/2017 11:14,https://twitter.com/#!/contestadventur/status/824576220654211072,,,8.24576E+17,8.24217E+17
contestadventur,panama_un,Mentions,26/01/2017 11:14,"Join in
@thexoxoday
@alisha_dicaprio
@ckmahato
@AmbassadorPower
@Panama_UN
@alexmorgan13
@GreatGovTweets
@garutch
@FawazElmasri
@efonz2013",,,,26/01/2017 11:14,https://twitter.com/#!/contestadventur/status/824576220654211072,,,8.24576E+17,8.24217E+17
contestadventur,ambassadorpower,Mentions,26/01/2017 11:14,"Join in
@thexoxoday
@alisha_dicaprio
@ckmahato
@AmbassadorPower
@Panama_UN
@alexmorgan13
@GreatGovTweets
@garutch
@FawazElmasri
@efonz2013",,,,26/01/2017 11:14,https://twitter.com/#!/contestadventur/status/824576220654211072,,,8.24576E+17,8.24217E+17
contestadventur,ckmahato,Mentions,26/01/2017 11:14,"Join in
@thexoxoday
@alisha_dicaprio
@ckmahato
@AmbassadorPower
@Panama_UN
@alexmorgan13
@GreatGovTweets
@garutch
@FawazElmasri
@efonz2013",,,,26/01/2017 11:14,https://twitter.com/#!/contestadventur/status/824576220654211072,,,8.24576E+17,8.24217E+17
contestadventur,alisha_dicaprio,Mentions,26/01/2017 11:14,"Join in
@thexoxoday
@alisha_dicaprio
@ckmahato
@AmbassadorPower
@Panama_UN
@alexmorgan13
@GreatGovTweets
@garutch
@FawazElmasri
@efonz2013",,,,26/01/2017 11:14,https://twitter.com/#!/contestadventur/status/824576220654211072,,,8.24576E+17,8.24217E+17
contestadventur,hadiasheerazi,Mentions,26/01/2017 11:14,"Join in
@thexoxoday
@christestimony1
@VeritasSermo
@GJulia8
@msn00100msms
@AMMNeazMakdum
@measuredvoice
@abdelmoumineaan
@hadiasheerazi",,,,26/01/2017 11:14,https://twitter.com/#!/contestadventur/status/824576289646407680,,,8.24576E+17,8.24217E+17
contestadventur,abdelmoumineaan,Mentions,26/01/2017 11:14,"Join in
@thexoxoday
@christestimony1
@VeritasSermo
@GJulia8
@msn00100msms
@AMMNeazMakdum
@measuredvoice
@abdelmoumineaan
@hadiasheerazi",,,,26/01/2017 11:14,https://twitter.com/#!/contestadventur/status/824576289646407680,,,8.24576E+17,8.24217E+17
contestadventur,measuredvoice,Mentions,26/01/2017 11:14,"Join in
@thexoxoday
@christestimony1
@VeritasSermo
@GJulia8
@msn00100msms
@AMMNeazMakdum
@measuredvoice
@abdelmoumineaan
@hadiasheerazi",,,,26/01/2017 11:14,https://twitter.com/#!/contestadventur/status/824576289646407680,,,8.24576E+17,8.24217E+17
contestadventur,ammneazmakdum,Mentions,26/01/2017 11:14,"Join in
@thexoxoday
@christestimony1
@VeritasSermo
@GJulia8
@msn00100msms
@AMMNeazMakdum
@measuredvoice
@abdelmoumineaan
@hadiasheerazi",,,,26/01/2017 11:14,https://twitter.com/#!/contestadventur/status/824576289646407680,,,8.24576E+17,8.24217E+17
contestadventur,gjulia8,Mentions,26/01/2017 11:14,"Join in
@thexoxoday
@christestimony1
@VeritasSermo
@GJulia8
@msn00100msms
@AMMNeazMakdum
@measuredvoice
@abdelmoumineaan
@hadiasheerazi",,,,26/01/2017 11:14,https://twitter.com/#!/contestadventur/status/824576289646407680,,,8.24576E+17,8.24217E+17
contestadventur,veritassermo,Mentions,26/01/2017 11:14,"Join in
@thexoxoday
@christestimony1
@VeritasSermo
@GJulia8
@msn00100msms
@AMMNeazMakdum
@measuredvoice
@abdelmoumineaan
@hadiasheerazi",,,,26/01/2017 11:14,https://twitter.com/#!/contestadventur/status/824576289646407680,,,8.24576E+17,8.24217E+17
contestadventur,christestimony1,Mentions,26/01/2017 11:14,"Join in
@thexoxoday
@christestimony1
@VeritasSermo
@GJulia8
@msn00100msms
@AMMNeazMakdum
@measuredvoice
@abdelmoumineaan
@hadiasheerazi",,,,26/01/2017 11:14,https://twitter.com/#!/contestadventur/status/824576289646407680,,,8.24576E+17,8.24217E+17
contestadventur,peacebeneathher,Mentions,26/01/2017 11:15,"Join in
@thexoxoday
@ferfunes
@Sohailmagoon
@juanmayagoitia
@azyeoman
@ShammaJain
@SamanthaGeo13
@Twi_lala
@PeaceTechLab
@peacebeneathher",,,,26/01/2017 11:15,https://twitter.com/#!/contestadventur/status/824576384559222784,,,8.24576E+17,8.24217E+17
contestadventur,peacetechlab,Mentions,26/01/2017 11:15,"Join in
@thexoxoday
@ferfunes
@Sohailmagoon
@juanmayagoitia
@azyeoman
@ShammaJain
@SamanthaGeo13
@Twi_lala
@PeaceTechLab
@peacebeneathher",,,,26/01/2017 11:15,https://twitter.com/#!/contestadventur/status/824576384559222784,,,8.24576E+17,8.24217E+17
contestadventur,twi_lala,Mentions,26/01/2017 11:15,"Join in
@thexoxoday
@ferfunes
@Sohailmagoon
@juanmayagoitia
@azyeoman
@ShammaJain
@SamanthaGeo13
@Twi_lala
@PeaceTechLab
@peacebeneathher",,,,26/01/2017 11:15,https://twitter.com/#!/contestadventur/status/824576384559222784,,,8.24576E+17,8.24217E+17
contestadventur,samanthageo13,Mentions,26/01/2017 11:15,"Join in
@thexoxoday
@ferfunes
@Sohailmagoon
@juanmayagoitia
@azyeoman
@ShammaJain
@SamanthaGeo13
@Twi_lala
@PeaceTechLab
@peacebeneathher",,,,26/01/2017 11:15,https://twitter.com/#!/contestadventur/status/824576384559222784,,,8.24576E+17,8.24217E+17
contestadventur,shammajain,Mentions,26/01/2017 11:15,"Join in
@thexoxoday
@ferfunes
@Sohailmagoon
@juanmayagoitia
@azyeoman
@ShammaJain
@SamanthaGeo13
@Twi_lala
@PeaceTechLab
@peacebeneathher",,,,26/01/2017 11:15,https://twitter.com/#!/contestadventur/status/824576384559222784,,,8.24576E+17,8.24217E+17
contestadventur,azyeoman,Mentions,26/01/2017 11:15,"Join in
@thexoxoday
@ferfunes
@Sohailmagoon
@juanmayagoitia
@azyeoman
@ShammaJain
@SamanthaGeo13
@Twi_lala
@PeaceTechLab
@peacebeneathher",,,,26/01/2017 11:15,https://twitter.com/#!/contestadventur/status/824576384559222784,,,8.24576E+17,8.24217E+17
contestadventur,juanmayagoitia,Mentions,26/01/2017 11:15,"Join in
@thexoxoday
@ferfunes
@Sohailmagoon
@juanmayagoitia
@azyeoman
@ShammaJain
@SamanthaGeo13
@Twi_lala
@PeaceTechLab
@peacebeneathher",,,,26/01/2017 11:15,https://twitter.com/#!/contestadventur/status/824576384559222784,,,8.24576E+17,8.24217E+17
contestadventur,sohailmagoon,Mentions,26/01/2017 11:15,"Join in
@thexoxoday
@ferfunes
@Sohailmagoon
@juanmayagoitia
@azyeoman
@ShammaJain
@SamanthaGeo13
@Twi_lala
@PeaceTechLab
@peacebeneathher",,,,26/01/2017 11:15,https://twitter.com/#!/contestadventur/status/824576384559222784,,,8.24576E+17,8.24217E+17
contestadventur,ferfunes,Mentions,26/01/2017 11:15,"Join in
@thexoxoday
@ferfunes
@Sohailmagoon
@juanmayagoitia
@azyeoman
@ShammaJain
@SamanthaGeo13
@Twi_lala
@PeaceTechLab
@peacebeneathher",,,,26/01/2017 11:15,https://twitter.com/#!/contestadventur/status/824576384559222784,,,8.24576E+17,8.24217E+17
contestadventur,unoglibrary,Mentions,26/01/2017 11:15,"Join in
@thexoxoday
@1tmariano2
@AFriendofHuman
@Dr
@mohamedkhadarA
@raosivan1
@almond3131
@AnnaMussman
@pisanoUN
@UNOGLibrary",,,,26/01/2017 11:15,https://twitter.com/#!/contestadventur/status/824576461482766336,,,8.24576E+17,8.24217E+17
contestadventur,pisanoun,Mentions,26/01/2017 11:15,"Join in
@thexoxoday
@1tmariano2
@AFriendofHuman
@Dr
@mohamedkhadarA
@raosivan1
@almond3131
@AnnaMussman
@pisanoUN
@UNOGLibrary",,,,26/01/2017 11:15,https://twitter.com/#!/contestadventur/status/824576461482766336,,,8.24576E+17,8.24217E+17
contestadventur,annamussman,Mentions,26/01/2017 11:15,"Join in
@thexoxoday
@1tmariano2
@AFriendofHuman
@Dr
@mohamedkhadarA
@raosivan1
@almond3131
@AnnaMussman
@pisanoUN
@UNOGLibrary",,,,26/01/2017 11:15,https://twitter.com/#!/contestadventur/status/824576461482766336,,,8.24576E+17,8.24217E+17
contestadventur,almond3131,Mentions,26/01/2017 11:15,"Join in
@thexoxoday
@1tmariano2
@AFriendofHuman
@Dr
@mohamedkhadarA
@raosivan1
@almond3131
@AnnaMussman
@pisanoUN
@UNOGLibrary",,,,26/01/2017 11:15,https://twitter.com/#!/contestadventur/status/824576461482766336,,,8.24576E+17,8.24217E+17
contestadventur,raosivan1,Mentions,26/01/2017 11:15,"Join in
@thexoxoday
@1tmariano2
@AFriendofHuman
@Dr
@mohamedkhadarA
@raosivan1
@almond3131
@AnnaMussman
@pisanoUN
@UNOGLibrary",,,,26/01/2017 11:15,https://twitter.com/#!/contestadventur/status/824576461482766336,,,8.24576E+17,8.24217E+17
contestadventur,mohamedkhadara,Mentions,26/01/2017 11:15,"Join in
@thexoxoday
@1tmariano2
@AFriendofHuman
@Dr
@mohamedkhadarA
@raosivan1
@almond3131
@AnnaMussman
@pisanoUN
@UNOGLibrary",,,,26/01/2017 11:15,https://twitter.com/#!/contestadventur/status/824576461482766336,,,8.24576E+17,8.24217E+17
contestadventur,dr,Mentions,26/01/2017 11:15,"Join in
@thexoxoday
@1tmariano2
@AFriendofHuman
@Dr
@mohamedkhadarA
@raosivan1
@almond3131
@AnnaMussman
@pisanoUN
@UNOGLibrary",,,,26/01/2017 11:15,https://twitter.com/#!/contestadventur/status/824576461482766336,,,8.24576E+17,8.24217E+17
contestadventur,afriendofhuman,Mentions,26/01/2017 11:15,"Join in
@thexoxoday
@1tmariano2
@AFriendofHuman
@Dr
@mohamedkhadarA
@raosivan1
@almond3131
@AnnaMussman
@pisanoUN
@UNOGLibrary",,,,26/01/2017 11:15,https://twitter.com/#!/contestadventur/status/824576461482766336,,,8.24576E+17,8.24217E+17
contestadventur,1tmariano2,Mentions,26/01/2017 11:15,"Join in
@thexoxoday
@1tmariano2
@AFriendofHuman
@Dr
@mohamedkhadarA
@raosivan1
@almond3131
@AnnaMussman
@pisanoUN
@UNOGLibrary",,,,26/01/2017 11:15,https://twitter.com/#!/contestadventur/status/824576461482766336,,,8.24576E+17,8.24217E+17
contestadventur,gabriel_araujo2,Mentions,26/01/2017 11:15,"Join in
@thexoxoday
@mandokhail777
@Cranstonsoftwar
@samueldpickle
@muralinalla751
@olivierjmaes
@LuxembourgUN
@Johnchenwz
@Gabriel_Araujo2",,,,26/01/2017 11:15,https://twitter.com/#!/contestadventur/status/824576546975281152,,,8.24577E+17,8.24217E+17
contestadventur,johnchenwz,Mentions,26/01/2017 11:15,"Join in
@thexoxoday
@mandokhail777
@Cranstonsoftwar
@samueldpickle
@muralinalla751
@olivierjmaes
@LuxembourgUN
@Johnchenwz
@Gabriel_Araujo2",,,,26/01/2017 11:15,https://twitter.com/#!/contestadventur/status/824576546975281152,,,8.24577E+17,8.24217E+17
contestadventur,luxembourgun,Mentions,26/01/2017 11:15,"Join in
@thexoxoday
@mandokhail777
@Cranstonsoftwar
@samueldpickle
@muralinalla751
@olivierjmaes
@LuxembourgUN
@Johnchenwz
@Gabriel_Araujo2",,,,26/01/2017 11:15,https://twitter.com/#!/contestadventur/status/824576546975281152,,,8.24577E+17,8.24217E+17
contestadventur,olivierjmaes,Mentions,26/01/2017 11:15,"Join in
@thexoxoday
@mandokhail777
@Cranstonsoftwar
@samueldpickle
@muralinalla751
@olivierjmaes
@LuxembourgUN
@Johnchenwz
@Gabriel_Araujo2",,,,26/01/2017 11:15,https://twitter.com/#!/contestadventur/status/824576546975281152,,,8.24577E+17,8.24217E+17
contestadventur,muralinalla751,Mentions,26/01/2017 11:15,"Join in
@thexoxoday
@mandokhail777
@Cranstonsoftwar
@samueldpickle
@muralinalla751
@olivierjmaes
@LuxembourgUN
@Johnchenwz
@Gabriel_Araujo2",,,,26/01/2017 11:15,https://twitter.com/#!/contestadventur/status/824576546975281152,,,8.24577E+17,8.24217E+17
contestadventur,samueldpickle,Mentions,26/01/2017 11:15,"Join in
@thexoxoday
@mandokhail777
@Cranstonsoftwar
@samueldpickle
@muralinalla751
@olivierjmaes
@LuxembourgUN
@Johnchenwz
@Gabriel_Araujo2",,,,26/01/2017 11:15,https://twitter.com/#!/contestadventur/status/824576546975281152,,,8.24577E+17,8.24217E+17
contestadventur,cranstonsoftwar,Mentions,26/01/2017 11:15,"Join in
@thexoxoday
@mandokhail777
@Cranstonsoftwar
@samueldpickle
@muralinalla751
@olivierjmaes
@LuxembourgUN
@Johnchenwz
@Gabriel_Araujo2",,,,26/01/2017 11:15,https://twitter.com/#!/contestadventur/status/824576546975281152,,,8.24577E+17,8.24217E+17
contestadventur,mandokhail777,Mentions,26/01/2017 11:15,"Join in
@thexoxoday
@mandokhail777
@Cranstonsoftwar
@samueldpickle
@muralinalla751
@olivierjmaes
@LuxembourgUN
@Johnchenwz
@Gabriel_Araujo2",,,,26/01/2017 11:15,https://twitter.com/#!/contestadventur/status/824576546975281152,,,8.24577E+17,8.24217E+17
contestadventur,ronaldgrealtor,Mentions,26/01/2017 11:15,"Join in
@thexoxoday
@Russo12RUSSO
@komaramusic
@smmmack
@Latvia1945
@denetra79
@newbarbarian
@CrystalUrrutia
@juw16555710
@RonaldGRealtor",,,,26/01/2017 11:15,https://twitter.com/#!/contestadventur/status/824576615480848385,,,8.24577E+17,8.24217E+17
contestadventur,juw16555710,Mentions,26/01/2017 11:15,"Join in
@thexoxoday
@Russo12RUSSO
@komaramusic
@smmmack
@Latvia1945
@denetra79
@newbarbarian
@CrystalUrrutia
@juw16555710
@RonaldGRealtor",,,,26/01/2017 11:15,https://twitter.com/#!/contestadventur/status/824576615480848385,,,8.24577E+17,8.24217E+17
contestadventur,crystalurrutia,Mentions,26/01/2017 11:15,"Join in
@thexoxoday
@Russo12RUSSO
@komaramusic
@smmmack
@Latvia1945
@denetra79
@newbarbarian
@CrystalUrrutia
@juw16555710
@RonaldGRealtor",,,,26/01/2017 11:15,https://twitter.com/#!/contestadventur/status/824576615480848385,,,8.24577E+17,8.24217E+17
contestadventur,newbarbarian,Mentions,26/01/2017 11:15,"Join in
@thexoxoday
@Russo12RUSSO
@komaramusic
@smmmack
@Latvia1945
@denetra79
@newbarbarian
@CrystalUrrutia
@juw16555710
@RonaldGRealtor",,,,26/01/2017 11:15,https://twitter.com/#!/contestadventur/status/824576615480848385,,,8.24577E+17,8.24217E+17
contestadventur,denetra79,Mentions,26/01/2017 11:15,"Join in
@thexoxoday
@Russo12RUSSO
@komaramusic
@smmmack
@Latvia1945
@denetra79
@newbarbarian
@CrystalUrrutia
@juw16555710
@RonaldGRealtor",,,,26/01/2017 11:15,https://twitter.com/#!/contestadventur/status/824576615480848385,,,8.24577E+17,8.24217E+17
contestadventur,latvia1945,Mentions,26/01/2017 11:15,"Join in
@thexoxoday
@Russo12RUSSO
@komaramusic
@smmmack
@Latvia1945
@denetra79
@newbarbarian
@CrystalUrrutia
@juw16555710
@RonaldGRealtor",,,,26/01/2017 11:15,https://twitter.com/#!/contestadventur/status/824576615480848385,,,8.24577E+17,8.24217E+17
contestadventur,smmmack,Mentions,26/01/2017 11:15,"Join in
@thexoxoday
@Russo12RUSSO
@komaramusic
@smmmack
@Latvia1945
@denetra79
@newbarbarian
@CrystalUrrutia
@juw16555710
@RonaldGRealtor",,,,26/01/2017 11:15,https://twitter.com/#!/contestadventur/status/824576615480848385,,,8.24577E+17,8.24217E+17
contestadventur,komaramusic,Mentions,26/01/2017 11:15,"Join in
@thexoxoday
@Russo12RUSSO
@komaramusic
@smmmack
@Latvia1945
@denetra79
@newbarbarian
@CrystalUrrutia
@juw16555710
@RonaldGRealtor",,,,26/01/2017 11:15,https://twitter.com/#!/contestadventur/status/824576615480848385,,,8.24577E+17,8.24217E+17
contestadventur,russo12russo,Mentions,26/01/2017 11:15,"Join in
@thexoxoday
@Russo12RUSSO
@komaramusic
@smmmack
@Latvia1945
@denetra79
@newbarbarian
@CrystalUrrutia
@juw16555710
@RonaldGRealtor",,,,26/01/2017 11:15,https://twitter.com/#!/contestadventur/status/824576615480848385,,,8.24577E+17,8.24217E+17
contestadventur,pleathe,Mentions,26/01/2017 11:16,"Join in
@thexoxoday
@Jesusdisciple77
@herkcarol
@MMHAQUE2014
@AdeleRaemer
@Quindaro5
@serpentskiss3
@jejameson49
@itispresu_mable
@pleathe",,,,26/01/2017 11:16,https://twitter.com/#!/contestadventur/status/824576717557673984,,,8.24577E+17,8.24217E+17
contestadventur,itispresu_mable,Mentions,26/01/2017 11:16,"Join in
@thexoxoday
@Jesusdisciple77
@herkcarol
@MMHAQUE2014
@AdeleRaemer
@Quindaro5
@serpentskiss3
@jejameson49
@itispresu_mable
@pleathe",,,,26/01/2017 11:16,https://twitter.com/#!/contestadventur/status/824576717557673984,,,8.24577E+17,8.24217E+17
contestadventur,jejameson49,Mentions,26/01/2017 11:16,"Join in
@thexoxoday
@Jesusdisciple77
@herkcarol
@MMHAQUE2014
@AdeleRaemer
@Quindaro5
@serpentskiss3
@jejameson49
@itispresu_mable
@pleathe",,,,26/01/2017 11:16,https://twitter.com/#!/contestadventur/status/824576717557673984,,,8.24577E+17,8.24217E+17
contestadventur,serpentskiss3,Mentions,26/01/2017 11:16,"Join in
@thexoxoday
@Jesusdisciple77
@herkcarol
@MMHAQUE2014
@AdeleRaemer
@Quindaro5
@serpentskiss3
@jejameson49
@itispresu_mable
@pleathe",,,,26/01/2017 11:16,https://twitter.com/#!/contestadventur/status/824576717557673984,,,8.24577E+17,8.24217E+17
contestadventur,quindaro5,Mentions,26/01/2017 11:16,"Join in
@thexoxoday
@Jesusdisciple77
@herkcarol
@MMHAQUE2014
@AdeleRaemer
@Quindaro5
@serpentskiss3
@jejameson49
@itispresu_mable
@pleathe",,,,26/01/2017 11:16,https://twitter.com/#!/contestadventur/status/824576717557673984,,,8.24577E+17,8.24217E+17
contestadventur,adeleraemer,Mentions,26/01/2017 11:16,"Join in
@thexoxoday
@Jesusdisciple77
@herkcarol
@MMHAQUE2014
@AdeleRaemer
@Quindaro5
@serpentskiss3
@jejameson49
@itispresu_mable
@pleathe",,,,26/01/2017 11:16,https://twitter.com/#!/contestadventur/status/824576717557673984,,,8.24577E+17,8.24217E+17
contestadventur,mmhaque2014,Mentions,26/01/2017 11:16,"Join in
@thexoxoday
@Jesusdisciple77
@herkcarol
@MMHAQUE2014
@AdeleRaemer
@Quindaro5
@serpentskiss3
@jejameson49
@itispresu_mable
@pleathe",,,,26/01/2017 11:16,https://twitter.com/#!/contestadventur/status/824576717557673984,,,8.24577E+17,8.24217E+17
contestadventur,herkcarol,Mentions,26/01/2017 11:16,"Join in
@thexoxoday
@Jesusdisciple77
@herkcarol
@MMHAQUE2014
@AdeleRaemer
@Quindaro5
@serpentskiss3
@jejameson49
@itispresu_mable
@pleathe",,,,26/01/2017 11:16,https://twitter.com/#!/contestadventur/status/824576717557673984,,,8.24577E+17,8.24217E+17
contestadventur,jesusdisciple77,Mentions,26/01/2017 11:16,"Join in
@thexoxoday
@Jesusdisciple77
@herkcarol
@MMHAQUE2014
@AdeleRaemer
@Quindaro5
@serpentskiss3
@jejameson49
@itispresu_mable
@pleathe",,,,26/01/2017 11:16,https://twitter.com/#!/contestadventur/status/824576717557673984,,,8.24577E+17,8.24217E+17
contestadventur,marabelligp,Mentions,26/01/2017 11:24,"Join in
@thexoxoday
@Tato1979
@CivicSi1992
@Cosito1Horacio 
@LeahRebeccaUK
@PrestigeDiesels
@11_Porsche
@BCJr
@MarabelliGp",,,,26/01/2017 11:24,https://twitter.com/#!/contestadventur/status/824578795571027968,,,8.24579E+17,8.24217E+17
contestadventur,bcjr,Mentions,26/01/2017 11:24,"Join in
@thexoxoday
@Tato1979
@CivicSi1992
@Cosito1Horacio 
@LeahRebeccaUK
@PrestigeDiesels
@11_Porsche
@BCJr
@MarabelliGp",,,,26/01/2017 11:24,https://twitter.com/#!/contestadventur/status/824578795571027968,,,8.24579E+17,8.24217E+17
contestadventur,11_porsche,Mentions,26/01/2017 11:24,"Join in
@thexoxoday
@Tato1979
@CivicSi1992
@Cosito1Horacio 
@LeahRebeccaUK
@PrestigeDiesels
@11_Porsche
@BCJr
@MarabelliGp",,,,26/01/2017 11:24,https://twitter.com/#!/contestadventur/status/824578795571027968,,,8.24579E+17,8.24217E+17
contestadventur,prestigediesels,Mentions,26/01/2017 11:24,"Join in
@thexoxoday
@Tato1979
@CivicSi1992
@Cosito1Horacio 
@LeahRebeccaUK
@PrestigeDiesels
@11_Porsche
@BCJr
@MarabelliGp",,,,26/01/2017 11:24,https://twitter.com/#!/contestadventur/status/824578795571027968,,,8.24579E+17,8.24217E+17
contestadventur,leahrebeccauk,Mentions,26/01/2017 11:24,"Join in
@thexoxoday
@Tato1979
@CivicSi1992
@Cosito1Horacio 
@LeahRebeccaUK
@PrestigeDiesels
@11_Porsche
@BCJr
@MarabelliGp",,,,26/01/2017 11:24,https://twitter.com/#!/contestadventur/status/824578795571027968,,,8.24579E+17,8.24217E+17
contestadventur,tato1979,Mentions,26/01/2017 11:24,"Join in
@thexoxoday
@Tato1979
@CivicSi1992
@Cosito1Horacio 
@LeahRebeccaUK
@PrestigeDiesels
@11_Porsche
@BCJr
@MarabelliGp",,,,26/01/2017 11:24,https://twitter.com/#!/contestadventur/status/824578795571027968,,,8.24579E+17,8.24217E+17
contestadventur,monica_dep,Mentions,26/01/2017 11:25,"Join in
@thexoxoday
@lcbernalo
@no1_alex
@carrera4it
@simonshieldcars
@N13lCl
@FAFBullDog
@DP_Grouch
@fokkerdude
@Monica_dep",,,,26/01/2017 11:25,https://twitter.com/#!/contestadventur/status/824578935249711105,,,8.24579E+17,8.24217E+17
contestadventur,fokkerdude,Mentions,26/01/2017 11:25,"Join in
@thexoxoday
@lcbernalo
@no1_alex
@carrera4it
@simonshieldcars
@N13lCl
@FAFBullDog
@DP_Grouch
@fokkerdude
@Monica_dep",,,,26/01/2017 11:25,https://twitter.com/#!/contestadventur/status/824578935249711105,,,8.24579E+17,8.24217E+17
contestadventur,dp_grouch,Mentions,26/01/2017 11:25,"Join in
@thexoxoday
@lcbernalo
@no1_alex
@carrera4it
@simonshieldcars
@N13lCl
@FAFBullDog
@DP_Grouch
@fokkerdude
@Monica_dep",,,,26/01/2017 11:25,https://twitter.com/#!/contestadventur/status/824578935249711105,,,8.24579E+17,8.24217E+17
contestadventur,fafbulldog,Mentions,26/01/2017 11:25,"Join in
@thexoxoday
@lcbernalo
@no1_alex
@carrera4it
@simonshieldcars
@N13lCl
@FAFBullDog
@DP_Grouch
@fokkerdude
@Monica_dep",,,,26/01/2017 11:25,https://twitter.com/#!/contestadventur/status/824578935249711105,,,8.24579E+17,8.24217E+17
contestadventur,n13lcl,Mentions,26/01/2017 11:25,"Join in
@thexoxoday
@lcbernalo
@no1_alex
@carrera4it
@simonshieldcars
@N13lCl
@FAFBullDog
@DP_Grouch
@fokkerdude
@Monica_dep",,,,26/01/2017 11:25,https://twitter.com/#!/contestadventur/status/824578935249711105,,,8.24579E+17,8.24217E+17
contestadventur,simonshieldcars,Mentions,26/01/2017 11:25,"Join in
@thexoxoday
@lcbernalo
@no1_alex
@carrera4it
@simonshieldcars
@N13lCl
@FAFBullDog
@DP_Grouch
@fokkerdude
@Monica_dep",,,,26/01/2017 11:25,https://twitter.com/#!/contestadventur/status/824578935249711105,,,8.24579E+17,8.24217E+17
contestadventur,carrera4it,Mentions,26/01/2017 11:25,"Join in
@thexoxoday
@lcbernalo
@no1_alex
@carrera4it
@simonshieldcars
@N13lCl
@FAFBullDog
@DP_Grouch
@fokkerdude
@Monica_dep",,,,26/01/2017 11:25,https://twitter.com/#!/contestadventur/status/824578935249711105,,,8.24579E+17,8.24217E+17
contestadventur,no1_alex,Mentions,26/01/2017 11:25,"Join in
@thexoxoday
@lcbernalo
@no1_alex
@carrera4it
@simonshieldcars
@N13lCl
@FAFBullDog
@DP_Grouch
@fokkerdude
@Monica_dep",,,,26/01/2017 11:25,https://twitter.com/#!/contestadventur/status/824578935249711105,,,8.24579E+17,8.24217E+17
contestadventur,lcbernalo,Mentions,26/01/2017 11:25,"Join in
@thexoxoday
@lcbernalo
@no1_alex
@carrera4it
@simonshieldcars
@N13lCl
@FAFBullDog
@DP_Grouch
@fokkerdude
@Monica_dep",,,,26/01/2017 11:25,https://twitter.com/#!/contestadventur/status/824578935249711105,,,8.24579E+17,8.24217E+17
contestadventur,stephen20980378,Mentions,26/01/2017 11:25,"Join in
@thexoxoday
@PeterPtur9421
@Autoclassique
@LANBO7777
@matzke40
@carloooove1000
@CarDealerMag
@Cosito1Horacio
@stephen20980378",,,,26/01/2017 11:25,https://twitter.com/#!/contestadventur/status/824579038190579712,,,8.24579E+17,8.24217E+17
contestadventur,cosito1horacio,Mentions,26/01/2017 11:24,"Join in
@thexoxoday
@Tato1979
@CivicSi1992
@Cosito1Horacio 
@LeahRebeccaUK
@PrestigeDiesels
@11_Porsche
@BCJr
@MarabelliGp",,,,26/01/2017 11:24,https://twitter.com/#!/contestadventur/status/824578795571027968,,,8.24579E+17,8.24217E+17
contestadventur,cosito1horacio,Mentions,26/01/2017 11:25,"Join in
@thexoxoday
@PeterPtur9421
@Autoclassique
@LANBO7777
@matzke40
@carloooove1000
@CarDealerMag
@Cosito1Horacio
@stephen20980378",,,,26/01/2017 11:25,https://twitter.com/#!/contestadventur/status/824579038190579712,,,8.24579E+17,8.24217E+17
contestadventur,cardealermag,Mentions,26/01/2017 11:25,"Join in
@thexoxoday
@PeterPtur9421
@Autoclassique
@LANBO7777
@matzke40
@carloooove1000
@CarDealerMag
@Cosito1Horacio
@stephen20980378",,,,26/01/2017 11:25,https://twitter.com/#!/contestadventur/status/824579038190579712,,,8.24579E+17,8.24217E+17
contestadventur,carloooove1000,Mentions,26/01/2017 11:25,"Join in
@thexoxoday
@PeterPtur9421
@Autoclassique
@LANBO7777
@matzke40
@carloooove1000
@CarDealerMag
@Cosito1Horacio
@stephen20980378",,,,26/01/2017 11:25,https://twitter.com/#!/contestadventur/status/824579038190579712,,,8.24579E+17,8.24217E+17
contestadventur,matzke40,Mentions,26/01/2017 11:25,"Join in
@thexoxoday
@PeterPtur9421
@Autoclassique
@LANBO7777
@matzke40
@carloooove1000
@CarDealerMag
@Cosito1Horacio
@stephen20980378",,,,26/01/2017 11:25,https://twitter.com/#!/contestadventur/status/824579038190579712,,,8.24579E+17,8.24217E+17
contestadventur,lanbo7777,Mentions,26/01/2017 11:25,"Join in
@thexoxoday
@PeterPtur9421
@Autoclassique
@LANBO7777
@matzke40
@carloooove1000
@CarDealerMag
@Cosito1Horacio
@stephen20980378",,,,26/01/2017 11:25,https://twitter.com/#!/contestadventur/status/824579038190579712,,,8.24579E+17,8.24217E+17
contestadventur,autoclassique,Mentions,26/01/2017 11:25,"Join in
@thexoxoday
@PeterPtur9421
@Autoclassique
@LANBO7777
@matzke40
@carloooove1000
@CarDealerMag
@Cosito1Horacio
@stephen20980378",,,,26/01/2017 11:25,https://twitter.com/#!/contestadventur/status/824579038190579712,,,8.24579E+17,8.24217E+17
contestadventur,peterptur9421,Mentions,26/01/2017 11:25,"Join in
@thexoxoday
@PeterPtur9421
@Autoclassique
@LANBO7777
@matzke40
@carloooove1000
@CarDealerMag
@Cosito1Horacio
@stephen20980378",,,,26/01/2017 11:25,https://twitter.com/#!/contestadventur/status/824579038190579712,,,8.24579E+17,8.24217E+17
contestadventur,francine54190,Mentions,26/01/2017 11:25,"Join in
@thexoxoday
@Elhesh
@LienhardRacing
@robertthomas493
@CraftyCreator45
@Fabretto
@michelefse
@EgLhwFvIcDAceFA
@francine54190",,,,26/01/2017 11:25,https://twitter.com/#!/contestadventur/status/824579115969761284,,,8.24579E+17,8.24217E+17
contestadventur,michelefse,Mentions,26/01/2017 11:25,"Join in
@thexoxoday
@Elhesh
@LienhardRacing
@robertthomas493
@CraftyCreator45
@Fabretto
@michelefse
@EgLhwFvIcDAceFA
@francine54190",,,,26/01/2017 11:25,https://twitter.com/#!/contestadventur/status/824579115969761284,,,8.24579E+17,8.24217E+17
contestadventur,fabretto,Mentions,26/01/2017 11:25,"Join in
@thexoxoday
@Elhesh
@LienhardRacing
@robertthomas493
@CraftyCreator45
@Fabretto
@michelefse
@EgLhwFvIcDAceFA
@francine54190",,,,26/01/2017 11:25,https://twitter.com/#!/contestadventur/status/824579115969761284,,,8.24579E+17,8.24217E+17
contestadventur,craftycreator45,Mentions,26/01/2017 11:25,"Join in
@thexoxoday
@Elhesh
@LienhardRacing
@robertthomas493
@CraftyCreator45
@Fabretto
@michelefse
@EgLhwFvIcDAceFA
@francine54190",,,,26/01/2017 11:25,https://twitter.com/#!/contestadventur/status/824579115969761284,,,8.24579E+17,8.24217E+17
contestadventur,robertthomas493,Mentions,26/01/2017 11:25,"Join in
@thexoxoday
@Elhesh
@LienhardRacing
@robertthomas493
@CraftyCreator45
@Fabretto
@michelefse
@EgLhwFvIcDAceFA
@francine54190",,,,26/01/2017 11:25,https://twitter.com/#!/contestadventur/status/824579115969761284,,,8.24579E+17,8.24217E+17
contestadventur,lienhardracing,Mentions,26/01/2017 11:25,"Join in
@thexoxoday
@Elhesh
@LienhardRacing
@robertthomas493
@CraftyCreator45
@Fabretto
@michelefse
@EgLhwFvIcDAceFA
@francine54190",,,,26/01/2017 11:25,https://twitter.com/#!/contestadventur/status/824579115969761284,,,8.24579E+17,8.24217E+17
contestadventur,elhesh,Mentions,26/01/2017 11:25,"Join in
@thexoxoday
@Elhesh
@LienhardRacing
@robertthomas493
@CraftyCreator45
@Fabretto
@michelefse
@EgLhwFvIcDAceFA
@francine54190",,,,26/01/2017 11:25,https://twitter.com/#!/contestadventur/status/824579115969761284,,,8.24579E+17,8.24217E+17
contestadventur,dimbarlas,Mentions,26/01/2017 11:26,"Join in
@thexoxoday
@Davidtaylor0802
@VengefulOne15
@Xbox
@utamaroR
@thewobblythong
@MoGPFan
@isabeltalens
@Storm0_Star
@dimbarlas",,,,26/01/2017 11:26,https://twitter.com/#!/contestadventur/status/824579298283581440,,,8.24579E+17,8.24217E+17
contestadventur,storm0_star,Mentions,26/01/2017 11:26,"Join in
@thexoxoday
@Davidtaylor0802
@VengefulOne15
@Xbox
@utamaroR
@thewobblythong
@MoGPFan
@isabeltalens
@Storm0_Star
@dimbarlas",,,,26/01/2017 11:26,https://twitter.com/#!/contestadventur/status/824579298283581440,,,8.24579E+17,8.24217E+17
contestadventur,isabeltalens,Mentions,26/01/2017 11:26,"Join in
@thexoxoday
@Davidtaylor0802
@VengefulOne15
@Xbox
@utamaroR
@thewobblythong
@MoGPFan
@isabeltalens
@Storm0_Star
@dimbarlas",,,,26/01/2017 11:26,https://twitter.com/#!/contestadventur/status/824579298283581440,,,8.24579E+17,8.24217E+17
contestadventur,mogpfan,Mentions,26/01/2017 11:26,"Join in
@thexoxoday
@Davidtaylor0802
@VengefulOne15
@Xbox
@utamaroR
@thewobblythong
@MoGPFan
@isabeltalens
@Storm0_Star
@dimbarlas",,,,26/01/2017 11:26,https://twitter.com/#!/contestadventur/status/824579298283581440,,,8.24579E+17,8.24217E+17
contestadventur,thewobblythong,Mentions,26/01/2017 11:26,"Join in
@thexoxoday
@Davidtaylor0802
@VengefulOne15
@Xbox
@utamaroR
@thewobblythong
@MoGPFan
@isabeltalens
@Storm0_Star
@dimbarlas",,,,26/01/2017 11:26,https://twitter.com/#!/contestadventur/status/824579298283581440,,,8.24579E+17,8.24217E+17
contestadventur,utamaror,Mentions,26/01/2017 11:26,"Join in
@thexoxoday
@Davidtaylor0802
@VengefulOne15
@Xbox
@utamaroR
@thewobblythong
@MoGPFan
@isabeltalens
@Storm0_Star
@dimbarlas",,,,26/01/2017 11:26,https://twitter.com/#!/contestadventur/status/824579298283581440,,,8.24579E+17,8.24217E+17
contestadventur,xbox,Mentions,26/01/2017 11:26,"Join in
@thexoxoday
@Davidtaylor0802
@VengefulOne15
@Xbox
@utamaroR
@thewobblythong
@MoGPFan
@isabeltalens
@Storm0_Star
@dimbarlas",,,,26/01/2017 11:26,https://twitter.com/#!/contestadventur/status/824579298283581440,,,8.24579E+17,8.24217E+17
contestadventur,vengefulone15,Mentions,26/01/2017 11:26,"Join in
@thexoxoday
@Davidtaylor0802
@VengefulOne15
@Xbox
@utamaroR
@thewobblythong
@MoGPFan
@isabeltalens
@Storm0_Star
@dimbarlas",,,,26/01/2017 11:26,https://twitter.com/#!/contestadventur/status/824579298283581440,,,8.24579E+17,8.24217E+17
contestadventur,davidtaylor0802,Mentions,26/01/2017 11:26,"Join in
@thexoxoday
@Davidtaylor0802
@VengefulOne15
@Xbox
@utamaroR
@thewobblythong
@MoGPFan
@isabeltalens
@Storm0_Star
@dimbarlas",,,,26/01/2017 11:26,https://twitter.com/#!/contestadventur/status/824579298283581440,,,8.24579E+17,8.24217E+17
contestadventur,jbwell77,Mentions,26/01/2017 11:26,"Join in
@thexoxoday
@steedmrspeel
@cubasteve57
@kirryas
@KWigardt
@man14_14
@FernandoImendia
@MamerLeyla
@hanatchinagu
@jbwell77",,,,26/01/2017 11:26,https://twitter.com/#!/contestadventur/status/824579363525922816,,,8.24579E+17,8.24217E+17
contestadventur,hanatchinagu,Mentions,26/01/2017 11:26,"Join in
@thexoxoday
@steedmrspeel
@cubasteve57
@kirryas
@KWigardt
@man14_14
@FernandoImendia
@MamerLeyla
@hanatchinagu
@jbwell77",,,,26/01/2017 11:26,https://twitter.com/#!/contestadventur/status/824579363525922816,,,8.24579E+17,8.24217E+17
contestadventur,mamerleyla,Mentions,26/01/2017 11:26,"Join in
@thexoxoday
@steedmrspeel
@cubasteve57
@kirryas
@KWigardt
@man14_14
@FernandoImendia
@MamerLeyla
@hanatchinagu
@jbwell77",,,,26/01/2017 11:26,https://twitter.com/#!/contestadventur/status/824579363525922816,,,8.24579E+17,8.24217E+17
contestadventur,fernandoimendia,Mentions,26/01/2017 11:26,"Join in
@thexoxoday
@steedmrspeel
@cubasteve57
@kirryas
@KWigardt
@man14_14
@FernandoImendia
@MamerLeyla
@hanatchinagu
@jbwell77",,,,26/01/2017 11:26,https://twitter.com/#!/contestadventur/status/824579363525922816,,,8.24579E+17,8.24217E+17
contestadventur,man14_14,Mentions,26/01/2017 11:26,"Join in
@thexoxoday
@steedmrspeel
@cubasteve57
@kirryas
@KWigardt
@man14_14
@FernandoImendia
@MamerLeyla
@hanatchinagu
@jbwell77",,,,26/01/2017 11:26,https://twitter.com/#!/contestadventur/status/824579363525922816,,,8.24579E+17,8.24217E+17
contestadventur,kwigardt,Mentions,26/01/2017 11:26,"Join in
@thexoxoday
@steedmrspeel
@cubasteve57
@kirryas
@KWigardt
@man14_14
@FernandoImendia
@MamerLeyla
@hanatchinagu
@jbwell77",,,,26/01/2017 11:26,https://twitter.com/#!/contestadventur/status/824579363525922816,,,8.24579E+17,8.24217E+17
contestadventur,kirryas,Mentions,26/01/2017 11:26,"Join in
@thexoxoday
@steedmrspeel
@cubasteve57
@kirryas
@KWigardt
@man14_14
@FernandoImendia
@MamerLeyla
@hanatchinagu
@jbwell77",,,,26/01/2017 11:26,https://twitter.com/#!/contestadventur/status/824579363525922816,,,8.24579E+17,8.24217E+17
contestadventur,cubasteve57,Mentions,26/01/2017 11:26,"Join in
@thexoxoday
@steedmrspeel
@cubasteve57
@kirryas
@KWigardt
@man14_14
@FernandoImendia
@MamerLeyla
@hanatchinagu
@jbwell77",,,,26/01/2017 11:26,https://twitter.com/#!/contestadventur/status/824579363525922816,,,8.24579E+17,8.24217E+17
contestadventur,steedmrspeel,Mentions,26/01/2017 11:26,"Join in
@thexoxoday
@steedmrspeel
@cubasteve57
@kirryas
@KWigardt
@man14_14
@FernandoImendia
@MamerLeyla
@hanatchinagu
@jbwell77",,,,26/01/2017 11:26,https://twitter.com/#!/contestadventur/status/824579363525922816,,,8.24579E+17,8.24217E+17
contestadventur,tomkun068,Mentions,26/01/2017 11:27,"Join in
@thexoxoday
@PTeN4G4h6iXVE4S
@MrNaassir
@Warrior_NEPAL
@AlkhayariAmor
@rankonagihinata
@DanutaNowak5
@WMASLAM63323693
@tomkun068",,,,26/01/2017 11:27,https://twitter.com/#!/contestadventur/status/824579442760568832,,,8.24579E+17,8.24217E+17
contestadventur,wmaslam63323693,Mentions,26/01/2017 11:27,"Join in
@thexoxoday
@PTeN4G4h6iXVE4S
@MrNaassir
@Warrior_NEPAL
@AlkhayariAmor
@rankonagihinata
@DanutaNowak5
@WMASLAM63323693
@tomkun068",,,,26/01/2017 11:27,https://twitter.com/#!/contestadventur/status/824579442760568832,,,8.24579E+17,8.24217E+17
contestadventur,danutanowak5,Mentions,26/01/2017 11:27,"Join in
@thexoxoday
@PTeN4G4h6iXVE4S
@MrNaassir
@Warrior_NEPAL
@AlkhayariAmor
@rankonagihinata
@DanutaNowak5
@WMASLAM63323693
@tomkun068",,,,26/01/2017 11:27,https://twitter.com/#!/contestadventur/status/824579442760568832,,,8.24579E+17,8.24217E+17
contestadventur,rankonagihinata,Mentions,26/01/2017 11:27,"Join in
@thexoxoday
@PTeN4G4h6iXVE4S
@MrNaassir
@Warrior_NEPAL
@AlkhayariAmor
@rankonagihinata
@DanutaNowak5
@WMASLAM63323693
@tomkun068",,,,26/01/2017 11:27,https://twitter.com/#!/contestadventur/status/824579442760568832,,,8.24579E+17,8.24217E+17
contestadventur,alkhayariamor,Mentions,26/01/2017 11:27,"Join in
@thexoxoday
@PTeN4G4h6iXVE4S
@MrNaassir
@Warrior_NEPAL
@AlkhayariAmor
@rankonagihinata
@DanutaNowak5
@WMASLAM63323693
@tomkun068",,,,26/01/2017 11:27,https://twitter.com/#!/contestadventur/status/824579442760568832,,,8.24579E+17,8.24217E+17
contestadventur,warrior_nepal,Mentions,26/01/2017 11:27,"Join in
@thexoxoday
@PTeN4G4h6iXVE4S
@MrNaassir
@Warrior_NEPAL
@AlkhayariAmor
@rankonagihinata
@DanutaNowak5
@WMASLAM63323693
@tomkun068",,,,26/01/2017 11:27,https://twitter.com/#!/contestadventur/status/824579442760568832,,,8.24579E+17,8.24217E+17
contestadventur,mrnaassir,Mentions,26/01/2017 11:27,"Join in
@thexoxoday
@PTeN4G4h6iXVE4S
@MrNaassir
@Warrior_NEPAL
@AlkhayariAmor
@rankonagihinata
@DanutaNowak5
@WMASLAM63323693
@tomkun068",,,,26/01/2017 11:27,https://twitter.com/#!/contestadventur/status/824579442760568832,,,8.24579E+17,8.24217E+17
contestadventur,pten4g4h6ixve4s,Mentions,26/01/2017 11:27,"Join in
@thexoxoday
@PTeN4G4h6iXVE4S
@MrNaassir
@Warrior_NEPAL
@AlkhayariAmor
@rankonagihinata
@DanutaNowak5
@WMASLAM63323693
@tomkun068",,,,26/01/2017 11:27,https://twitter.com/#!/contestadventur/status/824579442760568832,,,8.24579E+17,8.24217E+17
contestadventur,mohammad_sadiqq,Mentions,26/01/2017 11:27,"Join in
@thexoxoday
@taxitehran2008
@ramashankarbk
@Reneta_Isin
@Flair_cihiro
@natsumin_cat
@zaiotan
@noortariq21
@Mohammad_sadiqq",,,,26/01/2017 11:27,https://twitter.com/#!/contestadventur/status/824579503724769282,,,8.2458E+17,8.24217E+17
contestadventur,noortariq21,Mentions,26/01/2017 11:27,"Join in
@thexoxoday
@taxitehran2008
@ramashankarbk
@Reneta_Isin
@Flair_cihiro
@natsumin_cat
@zaiotan
@noortariq21
@Mohammad_sadiqq",,,,26/01/2017 11:27,https://twitter.com/#!/contestadventur/status/824579503724769282,,,8.2458E+17,8.24217E+17
contestadventur,natsumin_cat,Mentions,26/01/2017 11:27,"Join in
@thexoxoday
@taxitehran2008
@ramashankarbk
@Reneta_Isin
@Flair_cihiro
@natsumin_cat
@zaiotan
@noortariq21
@Mohammad_sadiqq",,,,26/01/2017 11:27,https://twitter.com/#!/contestadventur/status/824579503724769282,,,8.2458E+17,8.24217E+17
contestadventur,flair_cihiro,Mentions,26/01/2017 11:27,"Join in
@thexoxoday
@taxitehran2008
@ramashankarbk
@Reneta_Isin
@Flair_cihiro
@natsumin_cat
@zaiotan
@noortariq21
@Mohammad_sadiqq",,,,26/01/2017 11:27,https://twitter.com/#!/contestadventur/status/824579503724769282,,,8.2458E+17,8.24217E+17
contestadventur,reneta_isin,Mentions,26/01/2017 11:27,"Join in
@thexoxoday
@taxitehran2008
@ramashankarbk
@Reneta_Isin
@Flair_cihiro
@natsumin_cat
@zaiotan
@noortariq21
@Mohammad_sadiqq",,,,26/01/2017 11:27,https://twitter.com/#!/contestadventur/status/824579503724769282,,,8.2458E+17,8.24217E+17
contestadventur,ramashankarbk,Mentions,26/01/2017 11:27,"Join in
@thexoxoday
@taxitehran2008
@ramashankarbk
@Reneta_Isin
@Flair_cihiro
@natsumin_cat
@zaiotan
@noortariq21
@Mohammad_sadiqq",,,,26/01/2017 11:27,https://twitter.com/#!/contestadventur/status/824579503724769282,,,8.2458E+17,8.24217E+17
contestadventur,taxitehran2008,Mentions,26/01/2017 11:27,"Join in
@thexoxoday
@taxitehran2008
@ramashankarbk
@Reneta_Isin
@Flair_cihiro
@natsumin_cat
@zaiotan
@noortariq21
@Mohammad_sadiqq",,,,26/01/2017 11:27,https://twitter.com/#!/contestadventur/status/824579503724769282,,,8.2458E+17,8.24217E+17
contestadventur,mrkevinabbott,Mentions,26/01/2017 11:27,"Join in
@thexoxoday
@Cecifreire2012
@DemriEml
@Audiolion1
@Chtylmz35
@CarSnapped
@Bertieschip
@AntonioPolizzi
@uchuta_m
@MrKevinAbbott",,,,26/01/2017 11:27,https://twitter.com/#!/contestadventur/status/824579593264705536,,,8.2458E+17,8.24217E+17
contestadventur,uchuta_m,Mentions,26/01/2017 11:27,"Join in
@thexoxoday
@Cecifreire2012
@DemriEml
@Audiolion1
@Chtylmz35
@CarSnapped
@Bertieschip
@AntonioPolizzi
@uchuta_m
@MrKevinAbbott",,,,26/01/2017 11:27,https://twitter.com/#!/contestadventur/status/824579593264705536,,,8.2458E+17,8.24217E+17
contestadventur,antoniopolizzi,Mentions,26/01/2017 11:27,"Join in
@thexoxoday
@Cecifreire2012
@DemriEml
@Audiolion1
@Chtylmz35
@CarSnapped
@Bertieschip
@AntonioPolizzi
@uchuta_m
@MrKevinAbbott",,,,26/01/2017 11:27,https://twitter.com/#!/contestadventur/status/824579593264705536,,,8.2458E+17,8.24217E+17
contestadventur,bertieschip,Mentions,26/01/2017 11:27,"Join in
@thexoxoday
@Cecifreire2012
@DemriEml
@Audiolion1
@Chtylmz35
@CarSnapped
@Bertieschip
@AntonioPolizzi
@uchuta_m
@MrKevinAbbott",,,,26/01/2017 11:27,https://twitter.com/#!/contestadventur/status/824579593264705536,,,8.2458E+17,8.24217E+17
contestadventur,carsnapped,Mentions,26/01/2017 11:27,"Join in
@thexoxoday
@Cecifreire2012
@DemriEml
@Audiolion1
@Chtylmz35
@CarSnapped
@Bertieschip
@AntonioPolizzi
@uchuta_m
@MrKevinAbbott",,,,26/01/2017 11:27,https://twitter.com/#!/contestadventur/status/824579593264705536,,,8.2458E+17,8.24217E+17
contestadventur,audiolion1,Mentions,26/01/2017 11:27,"Join in
@thexoxoday
@Cecifreire2012
@DemriEml
@Audiolion1
@Chtylmz35
@CarSnapped
@Bertieschip
@AntonioPolizzi
@uchuta_m
@MrKevinAbbott",,,,26/01/2017 11:27,https://twitter.com/#!/contestadventur/status/824579593264705536,,,8.2458E+17,8.24217E+17
contestadventur,demrieml,Mentions,26/01/2017 11:27,"Join in
@thexoxoday
@Cecifreire2012
@DemriEml
@Audiolion1
@Chtylmz35
@CarSnapped
@Bertieschip
@AntonioPolizzi
@uchuta_m
@MrKevinAbbott",,,,26/01/2017 11:27,https://twitter.com/#!/contestadventur/status/824579593264705536,,,8.2458E+17,8.24217E+17
contestadventur,cecifreire2012,Mentions,26/01/2017 11:27,"Join in
@thexoxoday
@Cecifreire2012
@DemriEml
@Audiolion1
@Chtylmz35
@CarSnapped
@Bertieschip
@AntonioPolizzi
@uchuta_m
@MrKevinAbbott",,,,26/01/2017 11:27,https://twitter.com/#!/contestadventur/status/824579593264705536,,,8.2458E+17,8.24217E+17
contestadventur,corozco7872,Mentions,26/01/2017 11:28,"Join in
@thexoxoday
@VWGTIPassion
@StarsStanced
@TamburelloF1
@ryutakurata
@Christopherkn26
@junjokerando
@joshuabird30
@corozco7872",,,,26/01/2017 11:28,https://twitter.com/#!/contestadventur/status/824579705172955136,,,8.2458E+17,8.24217E+17
contestadventur,joshuabird30,Mentions,26/01/2017 11:28,"Join in
@thexoxoday
@VWGTIPassion
@StarsStanced
@TamburelloF1
@ryutakurata
@Christopherkn26
@junjokerando
@joshuabird30
@corozco7872",,,,26/01/2017 11:28,https://twitter.com/#!/contestadventur/status/824579705172955136,,,8.2458E+17,8.24217E+17
contestadventur,junjokerando,Mentions,26/01/2017 11:28,"Join in
@thexoxoday
@VWGTIPassion
@StarsStanced
@TamburelloF1
@ryutakurata
@Christopherkn26
@junjokerando
@joshuabird30
@corozco7872",,,,26/01/2017 11:28,https://twitter.com/#!/contestadventur/status/824579705172955136,,,8.2458E+17,8.24217E+17
contestadventur,christopherkn26,Mentions,26/01/2017 11:28,"Join in
@thexoxoday
@VWGTIPassion
@StarsStanced
@TamburelloF1
@ryutakurata
@Christopherkn26
@junjokerando
@joshuabird30
@corozco7872",,,,26/01/2017 11:28,https://twitter.com/#!/contestadventur/status/824579705172955136,,,8.2458E+17,8.24217E+17
contestadventur,tamburellof1,Mentions,26/01/2017 11:28,"Join in
@thexoxoday
@VWGTIPassion
@StarsStanced
@TamburelloF1
@ryutakurata
@Christopherkn26
@junjokerando
@joshuabird30
@corozco7872",,,,26/01/2017 11:28,https://twitter.com/#!/contestadventur/status/824579705172955136,,,8.2458E+17,8.24217E+17
contestadventur,starsstanced,Mentions,26/01/2017 11:28,"Join in
@thexoxoday
@VWGTIPassion
@StarsStanced
@TamburelloF1
@ryutakurata
@Christopherkn26
@junjokerando
@joshuabird30
@corozco7872",,,,26/01/2017 11:28,https://twitter.com/#!/contestadventur/status/824579705172955136,,,8.2458E+17,8.24217E+17
contestadventur,vwgtipassion,Mentions,26/01/2017 11:28,"Join in
@thexoxoday
@VWGTIPassion
@StarsStanced
@TamburelloF1
@ryutakurata
@Christopherkn26
@junjokerando
@joshuabird30
@corozco7872",,,,26/01/2017 11:28,https://twitter.com/#!/contestadventur/status/824579705172955136,,,8.2458E+17,8.24217E+17
contestadventur,yeeea66,Mentions,26/01/2017 11:28,"Join in
@thexoxoday
@Shegueyyz57
@porsche911money
@BDGAutomotive
@dovez0
@elena_ness
@Gordon_Duguid
@grimaudogiusepp
@S7500P
@yeeea66",,,,26/01/2017 11:28,https://twitter.com/#!/contestadventur/status/824579805626535936,,,8.2458E+17,8.24217E+17
contestadventur,s7500p,Mentions,26/01/2017 11:28,"Join in
@thexoxoday
@Shegueyyz57
@porsche911money
@BDGAutomotive
@dovez0
@elena_ness
@Gordon_Duguid
@grimaudogiusepp
@S7500P
@yeeea66",,,,26/01/2017 11:28,https://twitter.com/#!/contestadventur/status/824579805626535936,,,8.2458E+17,8.24217E+17
contestadventur,grimaudogiusepp,Mentions,26/01/2017 11:28,"Join in
@thexoxoday
@Shegueyyz57
@porsche911money
@BDGAutomotive
@dovez0
@elena_ness
@Gordon_Duguid
@grimaudogiusepp
@S7500P
@yeeea66",,,,26/01/2017 11:28,https://twitter.com/#!/contestadventur/status/824579805626535936,,,8.2458E+17,8.24217E+17
contestadventur,gordon_duguid,Mentions,26/01/2017 11:28,"Join in
@thexoxoday
@Shegueyyz57
@porsche911money
@BDGAutomotive
@dovez0
@elena_ness
@Gordon_Duguid
@grimaudogiusepp
@S7500P
@yeeea66",,,,26/01/2017 11:28,https://twitter.com/#!/contestadventur/status/824579805626535936,,,8.2458E+17,8.24217E+17
contestadventur,elena_ness,Mentions,26/01/2017 11:28,"Join in
@thexoxoday
@Shegueyyz57
@porsche911money
@BDGAutomotive
@dovez0
@elena_ness
@Gordon_Duguid
@grimaudogiusepp
@S7500P
@yeeea66",,,,26/01/2017 11:28,https://twitter.com/#!/contestadventur/status/824579805626535936,,,8.2458E+17,8.24217E+17
contestadventur,dovez0,Mentions,26/01/2017 11:28,"Join in
@thexoxoday
@Shegueyyz57
@porsche911money
@BDGAutomotive
@dovez0
@elena_ness
@Gordon_Duguid
@grimaudogiusepp
@S7500P
@yeeea66",,,,26/01/2017 11:28,https://twitter.com/#!/contestadventur/status/824579805626535936,,,8.2458E+17,8.24217E+17
contestadventur,bdgautomotive,Mentions,26/01/2017 11:28,"Join in
@thexoxoday
@Shegueyyz57
@porsche911money
@BDGAutomotive
@dovez0
@elena_ness
@Gordon_Duguid
@grimaudogiusepp
@S7500P
@yeeea66",,,,26/01/2017 11:28,https://twitter.com/#!/contestadventur/status/824579805626535936,,,8.2458E+17,8.24217E+17
contestadventur,porsche911money,Mentions,26/01/2017 11:28,"Join in
@thexoxoday
@Shegueyyz57
@porsche911money
@BDGAutomotive
@dovez0
@elena_ness
@Gordon_Duguid
@grimaudogiusepp
@S7500P
@yeeea66",,,,26/01/2017 11:28,https://twitter.com/#!/contestadventur/status/824579805626535936,,,8.2458E+17,8.24217E+17
contestadventur,shegueyyz57,Mentions,26/01/2017 11:28,"Join in
@thexoxoday
@Shegueyyz57
@porsche911money
@BDGAutomotive
@dovez0
@elena_ness
@Gordon_Duguid
@grimaudogiusepp
@S7500P
@yeeea66",,,,26/01/2017 11:28,https://twitter.com/#!/contestadventur/status/824579805626535936,,,8.2458E+17,8.24217E+17
contestadventur,gaurang321,Mentions,26/01/2017 11:29,"Join in
@thexoxoday
@youssifalshaib2
@SalamoneDawnna
@nunzitiziana
@juk5252
@bobby17978541
@udeziul
@ramonruizd
@Only4Wheels
@Gaurang321",,,,26/01/2017 11:29,https://twitter.com/#!/contestadventur/status/824579898706518016,,,8.2458E+17,8.24217E+17
contestadventur,only4wheels,Mentions,26/01/2017 11:29,"Join in
@thexoxoday
@youssifalshaib2
@SalamoneDawnna
@nunzitiziana
@juk5252
@bobby17978541
@udeziul
@ramonruizd
@Only4Wheels
@Gaurang321",,,,26/01/2017 11:29,https://twitter.com/#!/contestadventur/status/824579898706518016,,,8.2458E+17,8.24217E+17
contestadventur,ramonruizd,Mentions,26/01/2017 11:29,"Join in
@thexoxoday
@youssifalshaib2
@SalamoneDawnna
@nunzitiziana
@juk5252
@bobby17978541
@udeziul
@ramonruizd
@Only4Wheels
@Gaurang321",,,,26/01/2017 11:29,https://twitter.com/#!/contestadventur/status/824579898706518016,,,8.2458E+17,8.24217E+17
contestadventur,udeziul,Mentions,26/01/2017 11:29,"Join in
@thexoxoday
@youssifalshaib2
@SalamoneDawnna
@nunzitiziana
@juk5252
@bobby17978541
@udeziul
@ramonruizd
@Only4Wheels
@Gaurang321",,,,26/01/2017 11:29,https://twitter.com/#!/contestadventur/status/824579898706518016,,,8.2458E+17,8.24217E+17
contestadventur,bobby17978541,Mentions,26/01/2017 11:29,"Join in
@thexoxoday
@youssifalshaib2
@SalamoneDawnna
@nunzitiziana
@juk5252
@bobby17978541
@udeziul
@ramonruizd
@Only4Wheels
@Gaurang321",,,,26/01/2017 11:29,https://twitter.com/#!/contestadventur/status/824579898706518016,,,8.2458E+17,8.24217E+17
contestadventur,juk5252,Mentions,26/01/2017 11:29,"Join in
@thexoxoday
@youssifalshaib2
@SalamoneDawnna
@nunzitiziana
@juk5252
@bobby17978541
@udeziul
@ramonruizd
@Only4Wheels
@Gaurang321",,,,26/01/2017 11:29,https://twitter.com/#!/contestadventur/status/824579898706518016,,,8.2458E+17,8.24217E+17
contestadventur,nunzitiziana,Mentions,26/01/2017 11:29,"Join in
@thexoxoday
@youssifalshaib2
@SalamoneDawnna
@nunzitiziana
@juk5252
@bobby17978541
@udeziul
@ramonruizd
@Only4Wheels
@Gaurang321",,,,26/01/2017 11:29,https://twitter.com/#!/contestadventur/status/824579898706518016,,,8.2458E+17,8.24217E+17
contestadventur,salamonedawnna,Mentions,26/01/2017 11:29,"Join in
@thexoxoday
@youssifalshaib2
@SalamoneDawnna
@nunzitiziana
@juk5252
@bobby17978541
@udeziul
@ramonruizd
@Only4Wheels
@Gaurang321",,,,26/01/2017 11:29,https://twitter.com/#!/contestadventur/status/824579898706518016,,,8.2458E+17,8.24217E+17
contestadventur,youssifalshaib2,Mentions,26/01/2017 11:29,"Join in
@thexoxoday
@youssifalshaib2
@SalamoneDawnna
@nunzitiziana
@juk5252
@bobby17978541
@udeziul
@ramonruizd
@Only4Wheels
@Gaurang321",,,,26/01/2017 11:29,https://twitter.com/#!/contestadventur/status/824579898706518016,,,8.2458E+17,8.24217E+17
contestadventur,hemantzrdsingh,Mentions,26/01/2017 11:29,"Join in
@thexoxoday
@rajatrisha1
@bBbBlasei
@ravikmalhotra
@Narendra7171
@AnkurMalviya6
@ManjariRaninga
@Fesek2
@LilyB1829
@HemantzrdSingh",,,,26/01/2017 11:29,https://twitter.com/#!/contestadventur/status/824579986023542785,,,8.2458E+17,8.24217E+17
contestadventur,lilyb1829,Mentions,26/01/2017 11:29,"Join in
@thexoxoday
@rajatrisha1
@bBbBlasei
@ravikmalhotra
@Narendra7171
@AnkurMalviya6
@ManjariRaninga
@Fesek2
@LilyB1829
@HemantzrdSingh",,,,26/01/2017 11:29,https://twitter.com/#!/contestadventur/status/824579986023542785,,,8.2458E+17,8.24217E+17
contestadventur,fesek2,Mentions,26/01/2017 11:29,"Join in
@thexoxoday
@rajatrisha1
@bBbBlasei
@ravikmalhotra
@Narendra7171
@AnkurMalviya6
@ManjariRaninga
@Fesek2
@LilyB1829
@HemantzrdSingh",,,,26/01/2017 11:29,https://twitter.com/#!/contestadventur/status/824579986023542785,,,8.2458E+17,8.24217E+17
contestadventur,manjariraninga,Mentions,26/01/2017 11:29,"Join in
@thexoxoday
@rajatrisha1
@bBbBlasei
@ravikmalhotra
@Narendra7171
@AnkurMalviya6
@ManjariRaninga
@Fesek2
@LilyB1829
@HemantzrdSingh",,,,26/01/2017 11:29,https://twitter.com/#!/contestadventur/status/824579986023542785,,,8.2458E+17,8.24217E+17
contestadventur,ankurmalviya6,Mentions,26/01/2017 11:29,"Join in
@thexoxoday
@rajatrisha1
@bBbBlasei
@ravikmalhotra
@Narendra7171
@AnkurMalviya6
@ManjariRaninga
@Fesek2
@LilyB1829
@HemantzrdSingh",,,,26/01/2017 11:29,https://twitter.com/#!/contestadventur/status/824579986023542785,,,8.2458E+17,8.24217E+17
contestadventur,narendra7171,Mentions,26/01/2017 11:29,"Join in
@thexoxoday
@rajatrisha1
@bBbBlasei
@ravikmalhotra
@Narendra7171
@AnkurMalviya6
@ManjariRaninga
@Fesek2
@LilyB1829
@HemantzrdSingh",,,,26/01/2017 11:29,https://twitter.com/#!/contestadventur/status/824579986023542785,,,8.2458E+17,8.24217E+17
contestadventur,ravikmalhotra,Mentions,26/01/2017 11:29,"Join in
@thexoxoday
@rajatrisha1
@bBbBlasei
@ravikmalhotra
@Narendra7171
@AnkurMalviya6
@ManjariRaninga
@Fesek2
@LilyB1829
@HemantzrdSingh",,,,26/01/2017 11:29,https://twitter.com/#!/contestadventur/status/824579986023542785,,,8.2458E+17,8.24217E+17
contestadventur,bbbblasei,Mentions,26/01/2017 11:29,"Join in
@thexoxoday
@rajatrisha1
@bBbBlasei
@ravikmalhotra
@Narendra7171
@AnkurMalviya6
@ManjariRaninga
@Fesek2
@LilyB1829
@HemantzrdSingh",,,,26/01/2017 11:29,https://twitter.com/#!/contestadventur/status/824579986023542785,,,8.2458E+17,8.24217E+17
contestadventur,rajatrisha1,Mentions,26/01/2017 11:29,"Join in
@thexoxoday
@rajatrisha1
@bBbBlasei
@ravikmalhotra
@Narendra7171
@AnkurMalviya6
@ManjariRaninga
@Fesek2
@LilyB1829
@HemantzrdSingh",,,,26/01/2017 11:29,https://twitter.com/#!/contestadventur/status/824579986023542785,,,8.2458E+17,8.24217E+17
contestadventur,radianttabby,Mentions,26/01/2017 11:29,"Join in
@thexoxoday
@anjumahendroo
@Appandaraj_jain
@MotherOfYA
@KanodiaHarshit
@Optimist_Rajeev
@moxie_knoxm
@Lunaberry31
@radianttabby",,,,26/01/2017 11:29,https://twitter.com/#!/contestadventur/status/824580062179577856,,,8.2458E+17,8.24217E+17
contestadventur,lunaberry31,Mentions,26/01/2017 11:29,"Join in
@thexoxoday
@anjumahendroo
@Appandaraj_jain
@MotherOfYA
@KanodiaHarshit
@Optimist_Rajeev
@moxie_knoxm
@Lunaberry31
@radianttabby",,,,26/01/2017 11:29,https://twitter.com/#!/contestadventur/status/824580062179577856,,,8.2458E+17,8.24217E+17
contestadventur,moxie_knoxm,Mentions,26/01/2017 11:29,"Join in
@thexoxoday
@anjumahendroo
@Appandaraj_jain
@MotherOfYA
@KanodiaHarshit
@Optimist_Rajeev
@moxie_knoxm
@Lunaberry31
@radianttabby",,,,26/01/2017 11:29,https://twitter.com/#!/contestadventur/status/824580062179577856,,,8.2458E+17,8.24217E+17
contestadventur,optimist_rajeev,Mentions,26/01/2017 11:29,"Join in
@thexoxoday
@anjumahendroo
@Appandaraj_jain
@MotherOfYA
@KanodiaHarshit
@Optimist_Rajeev
@moxie_knoxm
@Lunaberry31
@radianttabby",,,,26/01/2017 11:29,https://twitter.com/#!/contestadventur/status/824580062179577856,,,8.2458E+17,8.24217E+17
contestadventur,kanodiaharshit,Mentions,26/01/2017 11:29,"Join in
@thexoxoday
@anjumahendroo
@Appandaraj_jain
@MotherOfYA
@KanodiaHarshit
@Optimist_Rajeev
@moxie_knoxm
@Lunaberry31
@radianttabby",,,,26/01/2017 11:29,https://twitter.com/#!/contestadventur/status/824580062179577856,,,8.2458E+17,8.24217E+17
contestadventur,motherofya,Mentions,26/01/2017 11:29,"Join in
@thexoxoday
@anjumahendroo
@Appandaraj_jain
@MotherOfYA
@KanodiaHarshit
@Optimist_Rajeev
@moxie_knoxm
@Lunaberry31
@radianttabby",,,,26/01/2017 11:29,https://twitter.com/#!/contestadventur/status/824580062179577856,,,8.2458E+17,8.24217E+17
contestadventur,appandaraj_jain,Mentions,26/01/2017 11:29,"Join in
@thexoxoday
@anjumahendroo
@Appandaraj_jain
@MotherOfYA
@KanodiaHarshit
@Optimist_Rajeev
@moxie_knoxm
@Lunaberry31
@radianttabby",,,,26/01/2017 11:29,https://twitter.com/#!/contestadventur/status/824580062179577856,,,8.2458E+17,8.24217E+17
contestadventur,anjumahendroo,Mentions,26/01/2017 11:29,"Join in
@thexoxoday
@anjumahendroo
@Appandaraj_jain
@MotherOfYA
@KanodiaHarshit
@Optimist_Rajeev
@moxie_knoxm
@Lunaberry31
@radianttabby",,,,26/01/2017 11:29,https://twitter.com/#!/contestadventur/status/824580062179577856,,,8.2458E+17,8.24217E+17
contestadventur,rierieducks,Mentions,26/01/2017 11:30,"Join in
@thexoxoday
@JoJoLongIsland
@911_Veterans
@infanciabcn
@Fira_Barcelona
@porta_roger
@CRPHospitalet
@cavallfort
@mk_inwa
@rierieducks",,,,26/01/2017 11:30,https://twitter.com/#!/contestadventur/status/824580178663788545,,,8.2458E+17,8.24217E+17
contestadventur,mk_inwa,Mentions,26/01/2017 11:30,"Join in
@thexoxoday
@JoJoLongIsland
@911_Veterans
@infanciabcn
@Fira_Barcelona
@porta_roger
@CRPHospitalet
@cavallfort
@mk_inwa
@rierieducks",,,,26/01/2017 11:30,https://twitter.com/#!/contestadventur/status/824580178663788545,,,8.2458E+17,8.24217E+17
contestadventur,cavallfort,Mentions,26/01/2017 11:30,"Join in
@thexoxoday
@JoJoLongIsland
@911_Veterans
@infanciabcn
@Fira_Barcelona
@porta_roger
@CRPHospitalet
@cavallfort
@mk_inwa
@rierieducks",,,,26/01/2017 11:30,https://twitter.com/#!/contestadventur/status/824580178663788545,,,8.2458E+17,8.24217E+17
contestadventur,crphospitalet,Mentions,26/01/2017 11:30,"Join in
@thexoxoday
@JoJoLongIsland
@911_Veterans
@infanciabcn
@Fira_Barcelona
@porta_roger
@CRPHospitalet
@cavallfort
@mk_inwa
@rierieducks",,,,26/01/2017 11:30,https://twitter.com/#!/contestadventur/status/824580178663788545,,,8.2458E+17,8.24217E+17
contestadventur,porta_roger,Mentions,26/01/2017 11:30,"Join in
@thexoxoday
@JoJoLongIsland
@911_Veterans
@infanciabcn
@Fira_Barcelona
@porta_roger
@CRPHospitalet
@cavallfort
@mk_inwa
@rierieducks",,,,26/01/2017 11:30,https://twitter.com/#!/contestadventur/status/824580178663788545,,,8.2458E+17,8.24217E+17
contestadventur,fira_barcelona,Mentions,26/01/2017 11:30,"Join in
@thexoxoday
@JoJoLongIsland
@911_Veterans
@infanciabcn
@Fira_Barcelona
@porta_roger
@CRPHospitalet
@cavallfort
@mk_inwa
@rierieducks",,,,26/01/2017 11:30,https://twitter.com/#!/contestadventur/status/824580178663788545,,,8.2458E+17,8.24217E+17
contestadventur,infanciabcn,Mentions,26/01/2017 11:30,"Join in
@thexoxoday
@JoJoLongIsland
@911_Veterans
@infanciabcn
@Fira_Barcelona
@porta_roger
@CRPHospitalet
@cavallfort
@mk_inwa
@rierieducks",,,,26/01/2017 11:30,https://twitter.com/#!/contestadventur/status/824580178663788545,,,8.2458E+17,8.24217E+17
contestadventur,911_veterans,Mentions,26/01/2017 11:30,"Join in
@thexoxoday
@JoJoLongIsland
@911_Veterans
@infanciabcn
@Fira_Barcelona
@porta_roger
@CRPHospitalet
@cavallfort
@mk_inwa
@rierieducks",,,,26/01/2017 11:30,https://twitter.com/#!/contestadventur/status/824580178663788545,,,8.2458E+17,8.24217E+17
contestadventur,jojolongisland,Mentions,26/01/2017 11:30,"Join in
@thexoxoday
@JoJoLongIsland
@911_Veterans
@infanciabcn
@Fira_Barcelona
@porta_roger
@CRPHospitalet
@cavallfort
@mk_inwa
@rierieducks",,,,26/01/2017 11:30,https://twitter.com/#!/contestadventur/status/824580178663788545,,,8.2458E+17,8.24217E+17
contestadventur,leenapilviniemi,Mentions,26/01/2017 11:30,"Join in
@thexoxoday
@barkslingers
@Iweartheshield
@pharmistchris
@ravenalexs99
@TwocentsTweets
@BruceNarons
@LeenaPilviniemi
@LuuvMooch",,,,26/01/2017 11:30,https://twitter.com/#!/contestadventur/status/824580286818103296,,,8.2458E+17,8.24217E+17
contestadventur,brucenarons,Mentions,26/01/2017 11:30,"Join in
@thexoxoday
@barkslingers
@Iweartheshield
@pharmistchris
@ravenalexs99
@TwocentsTweets
@BruceNarons
@LeenaPilviniemi
@LuuvMooch",,,,26/01/2017 11:30,https://twitter.com/#!/contestadventur/status/824580286818103296,,,8.2458E+17,8.24217E+17
contestadventur,twocentstweets,Mentions,26/01/2017 11:30,"Join in
@thexoxoday
@barkslingers
@Iweartheshield
@pharmistchris
@ravenalexs99
@TwocentsTweets
@BruceNarons
@LeenaPilviniemi
@LuuvMooch",,,,26/01/2017 11:30,https://twitter.com/#!/contestadventur/status/824580286818103296,,,8.2458E+17,8.24217E+17
contestadventur,ravenalexs99,Mentions,26/01/2017 11:30,"Join in
@thexoxoday
@barkslingers
@Iweartheshield
@pharmistchris
@ravenalexs99
@TwocentsTweets
@BruceNarons
@LeenaPilviniemi
@LuuvMooch",,,,26/01/2017 11:30,https://twitter.com/#!/contestadventur/status/824580286818103296,,,8.2458E+17,8.24217E+17
contestadventur,pharmistchris,Mentions,26/01/2017 11:30,"Join in
@thexoxoday
@barkslingers
@Iweartheshield
@pharmistchris
@ravenalexs99
@TwocentsTweets
@BruceNarons
@LeenaPilviniemi
@LuuvMooch",,,,26/01/2017 11:30,https://twitter.com/#!/contestadventur/status/824580286818103296,,,8.2458E+17,8.24217E+17
contestadventur,iweartheshield,Mentions,26/01/2017 11:30,"Join in
@thexoxoday
@barkslingers
@Iweartheshield
@pharmistchris
@ravenalexs99
@TwocentsTweets
@BruceNarons
@LeenaPilviniemi
@LuuvMooch",,,,26/01/2017 11:30,https://twitter.com/#!/contestadventur/status/824580286818103296,,,8.2458E+17,8.24217E+17
contestadventur,barkslingers,Mentions,26/01/2017 11:30,"Join in
@thexoxoday
@barkslingers
@Iweartheshield
@pharmistchris
@ravenalexs99
@TwocentsTweets
@BruceNarons
@LeenaPilviniemi
@LuuvMooch",,,,26/01/2017 11:30,https://twitter.com/#!/contestadventur/status/824580286818103296,,,8.2458E+17,8.24217E+17
contestadventur,peacefuldog,Mentions,26/01/2017 11:31,"Join in
@thexoxoday
@ralphmillero
@jbecardenas
@westieTX
@Loveofxena
@Annepiir
@Isota
@origamikitti
@emilystudio61
@lert410
@Peacefuldog",,,,26/01/2017 11:31,https://twitter.com/#!/contestadventur/status/824580416950538240,,,8.2458E+17,8.24217E+17
contestadventur,lert410,Mentions,26/01/2017 11:31,"Join in
@thexoxoday
@ralphmillero
@jbecardenas
@westieTX
@Loveofxena
@Annepiir
@Isota
@origamikitti
@emilystudio61
@lert410
@Peacefuldog",,,,26/01/2017 11:31,https://twitter.com/#!/contestadventur/status/824580416950538240,,,8.2458E+17,8.24217E+17
contestadventur,emilystudio61,Mentions,26/01/2017 11:31,"Join in
@thexoxoday
@ralphmillero
@jbecardenas
@westieTX
@Loveofxena
@Annepiir
@Isota
@origamikitti
@emilystudio61
@lert410
@Peacefuldog",,,,26/01/2017 11:31,https://twitter.com/#!/contestadventur/status/824580416950538240,,,8.2458E+17,8.24217E+17
contestadventur,origamikitti,Mentions,26/01/2017 11:31,"Join in
@thexoxoday
@ralphmillero
@jbecardenas
@westieTX
@Loveofxena
@Annepiir
@Isota
@origamikitti
@emilystudio61
@lert410
@Peacefuldog",,,,26/01/2017 11:31,https://twitter.com/#!/contestadventur/status/824580416950538240,,,8.2458E+17,8.24217E+17
contestadventur,isota,Mentions,26/01/2017 11:31,"Join in
@thexoxoday
@ralphmillero
@jbecardenas
@westieTX
@Loveofxena
@Annepiir
@Isota
@origamikitti
@emilystudio61
@lert410
@Peacefuldog",,,,26/01/2017 11:31,https://twitter.com/#!/contestadventur/status/824580416950538240,,,8.2458E+17,8.24217E+17
contestadventur,annepiir,Mentions,26/01/2017 11:31,"Join in
@thexoxoday
@ralphmillero
@jbecardenas
@westieTX
@Loveofxena
@Annepiir
@Isota
@origamikitti
@emilystudio61
@lert410
@Peacefuldog",,,,26/01/2017 11:31,https://twitter.com/#!/contestadventur/status/824580416950538240,,,8.2458E+17,8.24217E+17
contestadventur,loveofxena,Mentions,26/01/2017 11:31,"Join in
@thexoxoday
@ralphmillero
@jbecardenas
@westieTX
@Loveofxena
@Annepiir
@Isota
@origamikitti
@emilystudio61
@lert410
@Peacefuldog",,,,26/01/2017 11:31,https://twitter.com/#!/contestadventur/status/824580416950538240,,,8.2458E+17,8.24217E+17
contestadventur,westietx,Mentions,26/01/2017 11:31,"Join in
@thexoxoday
@ralphmillero
@jbecardenas
@westieTX
@Loveofxena
@Annepiir
@Isota
@origamikitti
@emilystudio61
@lert410
@Peacefuldog",,,,26/01/2017 11:31,https://twitter.com/#!/contestadventur/status/824580416950538240,,,8.2458E+17,8.24217E+17
contestadventur,jbecardenas,Mentions,26/01/2017 11:31,"Join in
@thexoxoday
@ralphmillero
@jbecardenas
@westieTX
@Loveofxena
@Annepiir
@Isota
@origamikitti
@emilystudio61
@lert410
@Peacefuldog",,,,26/01/2017 11:31,https://twitter.com/#!/contestadventur/status/824580416950538240,,,8.2458E+17,8.24217E+17
contestadventur,ralphmillero,Mentions,26/01/2017 11:31,"Join in
@thexoxoday
@ralphmillero
@jbecardenas
@westieTX
@Loveofxena
@Annepiir
@Isota
@origamikitti
@emilystudio61
@lert410
@Peacefuldog",,,,26/01/2017 11:31,https://twitter.com/#!/contestadventur/status/824580416950538240,,,8.2458E+17,8.24217E+17
contestadventur,injeanius,Mentions,26/01/2017 11:31,"Join in
@thexoxoday
@NatySerres
@GraciHeart
@SIEGMUNDRITA
@chilakilmex
@G_netP
@reshapewithape
@MartaRibera3
@theJGFoundation
@injeanius",,,,26/01/2017 11:31,https://twitter.com/#!/contestadventur/status/824580524198940672,,,8.24581E+17,8.24217E+17
contestadventur,thejgfoundation,Mentions,26/01/2017 11:31,"Join in
@thexoxoday
@NatySerres
@GraciHeart
@SIEGMUNDRITA
@chilakilmex
@G_netP
@reshapewithape
@MartaRibera3
@theJGFoundation
@injeanius",,,,26/01/2017 11:31,https://twitter.com/#!/contestadventur/status/824580524198940672,,,8.24581E+17,8.24217E+17
contestadventur,martaribera3,Mentions,26/01/2017 11:31,"Join in
@thexoxoday
@NatySerres
@GraciHeart
@SIEGMUNDRITA
@chilakilmex
@G_netP
@reshapewithape
@MartaRibera3
@theJGFoundation
@injeanius",,,,26/01/2017 11:31,https://twitter.com/#!/contestadventur/status/824580524198940672,,,8.24581E+17,8.24217E+17
contestadventur,reshapewithape,Mentions,26/01/2017 11:31,"Join in
@thexoxoday
@NatySerres
@GraciHeart
@SIEGMUNDRITA
@chilakilmex
@G_netP
@reshapewithape
@MartaRibera3
@theJGFoundation
@injeanius",,,,26/01/2017 11:31,https://twitter.com/#!/contestadventur/status/824580524198940672,,,8.24581E+17,8.24217E+17
contestadventur,g_netp,Mentions,26/01/2017 11:31,"Join in
@thexoxoday
@NatySerres
@GraciHeart
@SIEGMUNDRITA
@chilakilmex
@G_netP
@reshapewithape
@MartaRibera3
@theJGFoundation
@injeanius",,,,26/01/2017 11:31,https://twitter.com/#!/contestadventur/status/824580524198940672,,,8.24581E+17,8.24217E+17
contestadventur,chilakilmex,Mentions,26/01/2017 11:31,"Join in
@thexoxoday
@NatySerres
@GraciHeart
@SIEGMUNDRITA
@chilakilmex
@G_netP
@reshapewithape
@MartaRibera3
@theJGFoundation
@injeanius",,,,26/01/2017 11:31,https://twitter.com/#!/contestadventur/status/824580524198940672,,,8.24581E+17,8.24217E+17
contestadventur,siegmundrita,Mentions,26/01/2017 11:31,"Join in
@thexoxoday
@NatySerres
@GraciHeart
@SIEGMUNDRITA
@chilakilmex
@G_netP
@reshapewithape
@MartaRibera3
@theJGFoundation
@injeanius",,,,26/01/2017 11:31,https://twitter.com/#!/contestadventur/status/824580524198940672,,,8.24581E+17,8.24217E+17
contestadventur,graciheart,Mentions,26/01/2017 11:31,"Join in
@thexoxoday
@NatySerres
@GraciHeart
@SIEGMUNDRITA
@chilakilmex
@G_netP
@reshapewithape
@MartaRibera3
@theJGFoundation
@injeanius",,,,26/01/2017 11:31,https://twitter.com/#!/contestadventur/status/824580524198940672,,,8.24581E+17,8.24217E+17
contestadventur,natyserres,Mentions,26/01/2017 11:31,"Join in
@thexoxoday
@NatySerres
@GraciHeart
@SIEGMUNDRITA
@chilakilmex
@G_netP
@reshapewithape
@MartaRibera3
@theJGFoundation
@injeanius",,,,26/01/2017 11:31,https://twitter.com/#!/contestadventur/status/824580524198940672,,,8.24581E+17,8.24217E+17
contestadventur,jenniferannhatc,Mentions,26/01/2017 11:31,"Join in
@thexoxoday
@Lydsterishere
@SallyBa611
@zoryu2
@GACGenMgr
@NancyHorvath67
@jimmykeel61
@rach_animals
@joyofmom
@JenniferannHatc",,,,26/01/2017 11:31,https://twitter.com/#!/contestadventur/status/824580594877112320,,,8.24581E+17,8.24217E+17
contestadventur,joyofmom,Mentions,26/01/2017 11:31,"Join in
@thexoxoday
@Lydsterishere
@SallyBa611
@zoryu2
@GACGenMgr
@NancyHorvath67
@jimmykeel61
@rach_animals
@joyofmom
@JenniferannHatc",,,,26/01/2017 11:31,https://twitter.com/#!/contestadventur/status/824580594877112320,,,8.24581E+17,8.24217E+17
contestadventur,rach_animals,Mentions,26/01/2017 11:31,"Join in
@thexoxoday
@Lydsterishere
@SallyBa611
@zoryu2
@GACGenMgr
@NancyHorvath67
@jimmykeel61
@rach_animals
@joyofmom
@JenniferannHatc",,,,26/01/2017 11:31,https://twitter.com/#!/contestadventur/status/824580594877112320,,,8.24581E+17,8.24217E+17
contestadventur,jimmykeel61,Mentions,26/01/2017 11:31,"Join in
@thexoxoday
@Lydsterishere
@SallyBa611
@zoryu2
@GACGenMgr
@NancyHorvath67
@jimmykeel61
@rach_animals
@joyofmom
@JenniferannHatc",,,,26/01/2017 11:31,https://twitter.com/#!/contestadventur/status/824580594877112320,,,8.24581E+17,8.24217E+17
contestadventur,nancyhorvath67,Mentions,26/01/2017 11:31,"Join in
@thexoxoday
@Lydsterishere
@SallyBa611
@zoryu2
@GACGenMgr
@NancyHorvath67
@jimmykeel61
@rach_animals
@joyofmom
@JenniferannHatc",,,,26/01/2017 11:31,https://twitter.com/#!/contestadventur/status/824580594877112320,,,8.24581E+17,8.24217E+17
contestadventur,gacgenmgr,Mentions,26/01/2017 11:31,"Join in
@thexoxoday
@Lydsterishere
@SallyBa611
@zoryu2
@GACGenMgr
@NancyHorvath67
@jimmykeel61
@rach_animals
@joyofmom
@JenniferannHatc",,,,26/01/2017 11:31,https://twitter.com/#!/contestadventur/status/824580594877112320,,,8.24581E+17,8.24217E+17
contestadventur,zoryu2,Mentions,26/01/2017 11:31,"Join in
@thexoxoday
@Lydsterishere
@SallyBa611
@zoryu2
@GACGenMgr
@NancyHorvath67
@jimmykeel61
@rach_animals
@joyofmom
@JenniferannHatc",,,,26/01/2017 11:31,https://twitter.com/#!/contestadventur/status/824580594877112320,,,8.24581E+17,8.24217E+17
contestadventur,sallyba611,Mentions,26/01/2017 11:31,"Join in
@thexoxoday
@Lydsterishere
@SallyBa611
@zoryu2
@GACGenMgr
@NancyHorvath67
@jimmykeel61
@rach_animals
@joyofmom
@JenniferannHatc",,,,26/01/2017 11:31,https://twitter.com/#!/contestadventur/status/824580594877112320,,,8.24581E+17,8.24217E+17
contestadventur,noah_deeeeee,Mentions,26/01/2017 11:32,"Join in
@thexoxoday
@StellaMarisLife
@marys731
@SSSchwartz22
@rotcg33k
@toohey371
@tiffanycorbin
@GoKiteFly
@maryalice121
@Noah_Deeeeee",,,,26/01/2017 11:32,https://twitter.com/#!/contestadventur/status/824580735939981313,,,8.24581E+17,8.24217E+17
contestadventur,maryalice121,Mentions,26/01/2017 11:32,"Join in
@thexoxoday
@StellaMarisLife
@marys731
@SSSchwartz22
@rotcg33k
@toohey371
@tiffanycorbin
@GoKiteFly
@maryalice121
@Noah_Deeeeee",,,,26/01/2017 11:32,https://twitter.com/#!/contestadventur/status/824580735939981313,,,8.24581E+17,8.24217E+17
contestadventur,gokitefly,Mentions,26/01/2017 11:32,"Join in
@thexoxoday
@StellaMarisLife
@marys731
@SSSchwartz22
@rotcg33k
@toohey371
@tiffanycorbin
@GoKiteFly
@maryalice121
@Noah_Deeeeee",,,,26/01/2017 11:32,https://twitter.com/#!/contestadventur/status/824580735939981313,,,8.24581E+17,8.24217E+17
contestadventur,tiffanycorbin,Mentions,26/01/2017 11:32,"Join in
@thexoxoday
@StellaMarisLife
@marys731
@SSSchwartz22
@rotcg33k
@toohey371
@tiffanycorbin
@GoKiteFly
@maryalice121
@Noah_Deeeeee",,,,26/01/2017 11:32,https://twitter.com/#!/contestadventur/status/824580735939981313,,,8.24581E+17,8.24217E+17
contestadventur,toohey371,Mentions,26/01/2017 11:32,"Join in
@thexoxoday
@StellaMarisLife
@marys731
@SSSchwartz22
@rotcg33k
@toohey371
@tiffanycorbin
@GoKiteFly
@maryalice121
@Noah_Deeeeee",,,,26/01/2017 11:32,https://twitter.com/#!/contestadventur/status/824580735939981313,,,8.24581E+17,8.24217E+17
contestadventur,rotcg33k,Mentions,26/01/2017 11:32,"Join in
@thexoxoday
@StellaMarisLife
@marys731
@SSSchwartz22
@rotcg33k
@toohey371
@tiffanycorbin
@GoKiteFly
@maryalice121
@Noah_Deeeeee",,,,26/01/2017 11:32,https://twitter.com/#!/contestadventur/status/824580735939981313,,,8.24581E+17,8.24217E+17
contestadventur,ssschwartz22,Mentions,26/01/2017 11:32,"Join in
@thexoxoday
@StellaMarisLife
@marys731
@SSSchwartz22
@rotcg33k
@toohey371
@tiffanycorbin
@GoKiteFly
@maryalice121
@Noah_Deeeeee",,,,26/01/2017 11:32,https://twitter.com/#!/contestadventur/status/824580735939981313,,,8.24581E+17,8.24217E+17
contestadventur,marys731,Mentions,26/01/2017 11:32,"Join in
@thexoxoday
@StellaMarisLife
@marys731
@SSSchwartz22
@rotcg33k
@toohey371
@tiffanycorbin
@GoKiteFly
@maryalice121
@Noah_Deeeeee",,,,26/01/2017 11:32,https://twitter.com/#!/contestadventur/status/824580735939981313,,,8.24581E+17,8.24217E+17
contestadventur,julia_frederick,Mentions,26/01/2017 11:32,"Join in
@thexoxoday
@iAMjujuBEAN
@bbunchcentral
@StLKirk
@Kat4Obama
@FirstBookNYC
@MsBlakeEnglish6
@CCPLVA
@SHB6964
@Julia_Frederick",,,,26/01/2017 11:32,https://twitter.com/#!/contestadventur/status/824580892379144192,,,8.24581E+17,8.24217E+17
contestadventur,shb6964,Mentions,26/01/2017 11:32,"Join in
@thexoxoday
@iAMjujuBEAN
@bbunchcentral
@StLKirk
@Kat4Obama
@FirstBookNYC
@MsBlakeEnglish6
@CCPLVA
@SHB6964
@Julia_Frederick",,,,26/01/2017 11:32,https://twitter.com/#!/contestadventur/status/824580892379144192,,,8.24581E+17,8.24217E+17
contestadventur,ccplva,Mentions,26/01/2017 11:32,"Join in
@thexoxoday
@iAMjujuBEAN
@bbunchcentral
@StLKirk
@Kat4Obama
@FirstBookNYC
@MsBlakeEnglish6
@CCPLVA
@SHB6964
@Julia_Frederick",,,,26/01/2017 11:32,https://twitter.com/#!/contestadventur/status/824580892379144192,,,8.24581E+17,8.24217E+17
contestadventur,msblakeenglish6,Mentions,26/01/2017 11:32,"Join in
@thexoxoday
@iAMjujuBEAN
@bbunchcentral
@StLKirk
@Kat4Obama
@FirstBookNYC
@MsBlakeEnglish6
@CCPLVA
@SHB6964
@Julia_Frederick",,,,26/01/2017 11:32,https://twitter.com/#!/contestadventur/status/824580892379144192,,,8.24581E+17,8.24217E+17
contestadventur,firstbooknyc,Mentions,26/01/2017 11:32,"Join in
@thexoxoday
@iAMjujuBEAN
@bbunchcentral
@StLKirk
@Kat4Obama
@FirstBookNYC
@MsBlakeEnglish6
@CCPLVA
@SHB6964
@Julia_Frederick",,,,26/01/2017 11:32,https://twitter.com/#!/contestadventur/status/824580892379144192,,,8.24581E+17,8.24217E+17
contestadventur,kat4obama,Mentions,26/01/2017 11:32,"Join in
@thexoxoday
@iAMjujuBEAN
@bbunchcentral
@StLKirk
@Kat4Obama
@FirstBookNYC
@MsBlakeEnglish6
@CCPLVA
@SHB6964
@Julia_Frederick",,,,26/01/2017 11:32,https://twitter.com/#!/contestadventur/status/824580892379144192,,,8.24581E+17,8.24217E+17
contestadventur,stlkirk,Mentions,26/01/2017 11:32,"Join in
@thexoxoday
@iAMjujuBEAN
@bbunchcentral
@StLKirk
@Kat4Obama
@FirstBookNYC
@MsBlakeEnglish6
@CCPLVA
@SHB6964
@Julia_Frederick",,,,26/01/2017 11:32,https://twitter.com/#!/contestadventur/status/824580892379144192,,,8.24581E+17,8.24217E+17
contestadventur,bbunchcentral,Mentions,26/01/2017 11:32,"Join in
@thexoxoday
@iAMjujuBEAN
@bbunchcentral
@StLKirk
@Kat4Obama
@FirstBookNYC
@MsBlakeEnglish6
@CCPLVA
@SHB6964
@Julia_Frederick",,,,26/01/2017 11:32,https://twitter.com/#!/contestadventur/status/824580892379144192,,,8.24581E+17,8.24217E+17
contestadventur,iamjujubean,Mentions,26/01/2017 11:32,"Join in
@thexoxoday
@iAMjujuBEAN
@bbunchcentral
@StLKirk
@Kat4Obama
@FirstBookNYC
@MsBlakeEnglish6
@CCPLVA
@SHB6964
@Julia_Frederick",,,,26/01/2017 11:32,https://twitter.com/#!/contestadventur/status/824580892379144192,,,8.24581E+17,8.24217E+17
contestadventur,bigpapi40,Mentions,26/01/2017 11:33,"Join in
@thexoxoday
@molliekatie
@susanne_blumer
@ColoPublicTV
@Dr_LMR
@TPLWychwood
@torontolibrary
@carlemuseum
@FirstBook
@bigpapi40",,,,26/01/2017 11:33,https://twitter.com/#!/contestadventur/status/824581076097998848,,,8.24581E+17,8.24217E+17
contestadventur,firstbook,Mentions,26/01/2017 11:33,"Join in
@thexoxoday
@molliekatie
@susanne_blumer
@ColoPublicTV
@Dr_LMR
@TPLWychwood
@torontolibrary
@carlemuseum
@FirstBook
@bigpapi40",,,,26/01/2017 11:33,https://twitter.com/#!/contestadventur/status/824581076097998848,,,8.24581E+17,8.24217E+17
contestadventur,carlemuseum,Mentions,26/01/2017 11:33,"Join in
@thexoxoday
@molliekatie
@susanne_blumer
@ColoPublicTV
@Dr_LMR
@TPLWychwood
@torontolibrary
@carlemuseum
@FirstBook
@bigpapi40",,,,26/01/2017 11:33,https://twitter.com/#!/contestadventur/status/824581076097998848,,,8.24581E+17,8.24217E+17
contestadventur,torontolibrary,Mentions,26/01/2017 11:33,"Join in
@thexoxoday
@molliekatie
@susanne_blumer
@ColoPublicTV
@Dr_LMR
@TPLWychwood
@torontolibrary
@carlemuseum
@FirstBook
@bigpapi40",,,,26/01/2017 11:33,https://twitter.com/#!/contestadventur/status/824581076097998848,,,8.24581E+17,8.24217E+17
contestadventur,tplwychwood,Mentions,26/01/2017 11:33,"Join in
@thexoxoday
@molliekatie
@susanne_blumer
@ColoPublicTV
@Dr_LMR
@TPLWychwood
@torontolibrary
@carlemuseum
@FirstBook
@bigpapi40",,,,26/01/2017 11:33,https://twitter.com/#!/contestadventur/status/824581076097998848,,,8.24581E+17,8.24217E+17
contestadventur,dr_lmr,Mentions,26/01/2017 11:33,"Join in
@thexoxoday
@molliekatie
@susanne_blumer
@ColoPublicTV
@Dr_LMR
@TPLWychwood
@torontolibrary
@carlemuseum
@FirstBook
@bigpapi40",,,,26/01/2017 11:33,https://twitter.com/#!/contestadventur/status/824581076097998848,,,8.24581E+17,8.24217E+17
contestadventur,colopublictv,Mentions,26/01/2017 11:33,"Join in
@thexoxoday
@molliekatie
@susanne_blumer
@ColoPublicTV
@Dr_LMR
@TPLWychwood
@torontolibrary
@carlemuseum
@FirstBook
@bigpapi40",,,,26/01/2017 11:33,https://twitter.com/#!/contestadventur/status/824581076097998848,,,8.24581E+17,8.24217E+17
contestadventur,susanne_blumer,Mentions,26/01/2017 11:33,"Join in
@thexoxoday
@molliekatie
@susanne_blumer
@ColoPublicTV
@Dr_LMR
@TPLWychwood
@torontolibrary
@carlemuseum
@FirstBook
@bigpapi40",,,,26/01/2017 11:33,https://twitter.com/#!/contestadventur/status/824581076097998848,,,8.24581E+17,8.24217E+17
contestadventur,molliekatie,Mentions,26/01/2017 11:33,"Join in
@thexoxoday
@molliekatie
@susanne_blumer
@ColoPublicTV
@Dr_LMR
@TPLWychwood
@torontolibrary
@carlemuseum
@FirstBook
@bigpapi40",,,,26/01/2017 11:33,https://twitter.com/#!/contestadventur/status/824581076097998848,,,8.24581E+17,8.24217E+17
contestadventur,mliacce,Mentions,26/01/2017 11:34,"Join in
@thexoxoday
@LaDow
@tinypublishing
@charleypierrojr
@RobinCresci
@mamastraty
@GalariousGoods
@Page_Ahead_
@Readby4th
@mliaCCE",,,,26/01/2017 11:34,https://twitter.com/#!/contestadventur/status/824581169920348160,,,8.24581E+17,8.24217E+17
contestadventur,readby4th,Mentions,26/01/2017 11:34,"Join in
@thexoxoday
@LaDow
@tinypublishing
@charleypierrojr
@RobinCresci
@mamastraty
@GalariousGoods
@Page_Ahead_
@Readby4th
@mliaCCE",,,,26/01/2017 11:34,https://twitter.com/#!/contestadventur/status/824581169920348160,,,8.24581E+17,8.24217E+17
contestadventur,page_ahead_,Mentions,26/01/2017 11:34,"Join in
@thexoxoday
@LaDow
@tinypublishing
@charleypierrojr
@RobinCresci
@mamastraty
@GalariousGoods
@Page_Ahead_
@Readby4th
@mliaCCE",,,,26/01/2017 11:34,https://twitter.com/#!/contestadventur/status/824581169920348160,,,8.24581E+17,8.24217E+17
contestadventur,galariousgoods,Mentions,26/01/2017 11:34,"Join in
@thexoxoday
@LaDow
@tinypublishing
@charleypierrojr
@RobinCresci
@mamastraty
@GalariousGoods
@Page_Ahead_
@Readby4th
@mliaCCE",,,,26/01/2017 11:34,https://twitter.com/#!/contestadventur/status/824581169920348160,,,8.24581E+17,8.24217E+17
contestadventur,mamastraty,Mentions,26/01/2017 11:34,"Join in
@thexoxoday
@LaDow
@tinypublishing
@charleypierrojr
@RobinCresci
@mamastraty
@GalariousGoods
@Page_Ahead_
@Readby4th
@mliaCCE",,,,26/01/2017 11:34,https://twitter.com/#!/contestadventur/status/824581169920348160,,,8.24581E+17,8.24217E+17
contestadventur,robincresci,Mentions,26/01/2017 11:34,"Join in
@thexoxoday
@LaDow
@tinypublishing
@charleypierrojr
@RobinCresci
@mamastraty
@GalariousGoods
@Page_Ahead_
@Readby4th
@mliaCCE",,,,26/01/2017 11:34,https://twitter.com/#!/contestadventur/status/824581169920348160,,,8.24581E+17,8.24217E+17
contestadventur,charleypierrojr,Mentions,26/01/2017 11:34,"Join in
@thexoxoday
@LaDow
@tinypublishing
@charleypierrojr
@RobinCresci
@mamastraty
@GalariousGoods
@Page_Ahead_
@Readby4th
@mliaCCE",,,,26/01/2017 11:34,https://twitter.com/#!/contestadventur/status/824581169920348160,,,8.24581E+17,8.24217E+17
contestadventur,tinypublishing,Mentions,26/01/2017 11:34,"Join in
@thexoxoday
@LaDow
@tinypublishing
@charleypierrojr
@RobinCresci
@mamastraty
@GalariousGoods
@Page_Ahead_
@Readby4th
@mliaCCE",,,,26/01/2017 11:34,https://twitter.com/#!/contestadventur/status/824581169920348160,,,8.24581E+17,8.24217E+17
contestadventur,ladow,Mentions,26/01/2017 11:34,"Join in
@thexoxoday
@LaDow
@tinypublishing
@charleypierrojr
@RobinCresci
@mamastraty
@GalariousGoods
@Page_Ahead_
@Readby4th
@mliaCCE",,,,26/01/2017 11:34,https://twitter.com/#!/contestadventur/status/824581169920348160,,,8.24581E+17,8.24217E+17
contestadventur,punkin_pie21,Mentions,26/01/2017 11:34,"Join in
@thexoxoday
@GarswoodPrimary
@RiversoMaria
@lbikids
@shanzberg
@jekranzberg
@mizzou
@ET_Monster6
@punkin_pie21
@RoseyMizzou",,,,26/01/2017 11:34,https://twitter.com/#!/contestadventur/status/824581251658969088,,,8.24581E+17,8.24217E+17
contestadventur,et_monster6,Mentions,26/01/2017 11:34,"Join in
@thexoxoday
@GarswoodPrimary
@RiversoMaria
@lbikids
@shanzberg
@jekranzberg
@mizzou
@ET_Monster6
@punkin_pie21
@RoseyMizzou",,,,26/01/2017 11:34,https://twitter.com/#!/contestadventur/status/824581251658969088,,,8.24581E+17,8.24217E+17
contestadventur,mizzou,Mentions,26/01/2017 11:34,"Join in
@thexoxoday
@GarswoodPrimary
@RiversoMaria
@lbikids
@shanzberg
@jekranzberg
@mizzou
@ET_Monster6
@punkin_pie21
@RoseyMizzou",,,,26/01/2017 11:34,https://twitter.com/#!/contestadventur/status/824581251658969088,,,8.24581E+17,8.24217E+17
contestadventur,jekranzberg,Mentions,26/01/2017 11:34,"Join in
@thexoxoday
@GarswoodPrimary
@RiversoMaria
@lbikids
@shanzberg
@jekranzberg
@mizzou
@ET_Monster6
@punkin_pie21
@RoseyMizzou",,,,26/01/2017 11:34,https://twitter.com/#!/contestadventur/status/824581251658969088,,,8.24581E+17,8.24217E+17
contestadventur,shanzberg,Mentions,26/01/2017 11:34,"Join in
@thexoxoday
@GarswoodPrimary
@RiversoMaria
@lbikids
@shanzberg
@jekranzberg
@mizzou
@ET_Monster6
@punkin_pie21
@RoseyMizzou",,,,26/01/2017 11:34,https://twitter.com/#!/contestadventur/status/824581251658969088,,,8.24581E+17,8.24217E+17
contestadventur,lbikids,Mentions,26/01/2017 11:34,"Join in
@thexoxoday
@GarswoodPrimary
@RiversoMaria
@lbikids
@shanzberg
@jekranzberg
@mizzou
@ET_Monster6
@punkin_pie21
@RoseyMizzou",,,,26/01/2017 11:34,https://twitter.com/#!/contestadventur/status/824581251658969088,,,8.24581E+17,8.24217E+17
contestadventur,riversomaria,Mentions,26/01/2017 11:34,"Join in
@thexoxoday
@GarswoodPrimary
@RiversoMaria
@lbikids
@shanzberg
@jekranzberg
@mizzou
@ET_Monster6
@punkin_pie21
@RoseyMizzou",,,,26/01/2017 11:34,https://twitter.com/#!/contestadventur/status/824581251658969088,,,8.24581E+17,8.24217E+17
contestadventur,garswoodprimary,Mentions,26/01/2017 11:34,"Join in
@thexoxoday
@GarswoodPrimary
@RiversoMaria
@lbikids
@shanzberg
@jekranzberg
@mizzou
@ET_Monster6
@punkin_pie21
@RoseyMizzou",,,,26/01/2017 11:34,https://twitter.com/#!/contestadventur/status/824581251658969088,,,8.24581E+17,8.24217E+17
contestadventur,insta_frank,Mentions,26/01/2017 11:34,"Join in
@thexoxoday
@FunnyAlonso
@OMGhilariousLOL
@PineappleKC
@ZoieTheUnicorn
@skippingapp
@OMGdailyPIE
@insta_frank
@funny_dailyfun",,,,26/01/2017 11:34,https://twitter.com/#!/contestadventur/status/824581342704701441,,,8.24581E+17,8.24217E+17
contestadventur,omgdailypie,Mentions,26/01/2017 11:34,"Join in
@thexoxoday
@FunnyAlonso
@OMGhilariousLOL
@PineappleKC
@ZoieTheUnicorn
@skippingapp
@OMGdailyPIE
@insta_frank
@funny_dailyfun",,,,26/01/2017 11:34,https://twitter.com/#!/contestadventur/status/824581342704701441,,,8.24581E+17,8.24217E+17
contestadventur,skippingapp,Mentions,26/01/2017 11:34,"Join in
@thexoxoday
@FunnyAlonso
@OMGhilariousLOL
@PineappleKC
@ZoieTheUnicorn
@skippingapp
@OMGdailyPIE
@insta_frank
@funny_dailyfun",,,,26/01/2017 11:34,https://twitter.com/#!/contestadventur/status/824581342704701441,,,8.24581E+17,8.24217E+17
contestadventur,zoietheunicorn,Mentions,26/01/2017 11:34,"Join in
@thexoxoday
@FunnyAlonso
@OMGhilariousLOL
@PineappleKC
@ZoieTheUnicorn
@skippingapp
@OMGdailyPIE
@insta_frank
@funny_dailyfun",,,,26/01/2017 11:34,https://twitter.com/#!/contestadventur/status/824581342704701441,,,8.24581E+17,8.24217E+17
contestadventur,funnyalonso,Mentions,26/01/2017 11:34,"Join in
@thexoxoday
@FunnyAlonso
@OMGhilariousLOL
@PineappleKC
@ZoieTheUnicorn
@skippingapp
@OMGdailyPIE
@insta_frank
@funny_dailyfun",,,,26/01/2017 11:34,https://twitter.com/#!/contestadventur/status/824581342704701441,,,8.24581E+17,8.24217E+17
contestadventur,ahlawat_amit,Mentions,26/01/2017 11:35,"Join in
@thexoxoday
@CienRi
@gamergal123
@GiratinaKing
@Pastel_Sadness_
@KerraMJ1213
@MrKr4zzyKat
@Propolayer
@briapliergram
@ahlawat_amit",,,,26/01/2017 11:35,https://twitter.com/#!/contestadventur/status/824581405938241536,,,8.24581E+17,8.24217E+17
contestadventur,briapliergram,Mentions,26/01/2017 11:35,"Join in
@thexoxoday
@CienRi
@gamergal123
@GiratinaKing
@Pastel_Sadness_
@KerraMJ1213
@MrKr4zzyKat
@Propolayer
@briapliergram
@ahlawat_amit",,,,26/01/2017 11:35,https://twitter.com/#!/contestadventur/status/824581405938241536,,,8.24581E+17,8.24217E+17
contestadventur,propolayer,Mentions,26/01/2017 11:35,"Join in
@thexoxoday
@CienRi
@gamergal123
@GiratinaKing
@Pastel_Sadness_
@KerraMJ1213
@MrKr4zzyKat
@Propolayer
@briapliergram
@ahlawat_amit",,,,26/01/2017 11:35,https://twitter.com/#!/contestadventur/status/824581405938241536,,,8.24581E+17,8.24217E+17
contestadventur,mrkr4zzykat,Mentions,26/01/2017 11:35,"Join in
@thexoxoday
@CienRi
@gamergal123
@GiratinaKing
@Pastel_Sadness_
@KerraMJ1213
@MrKr4zzyKat
@Propolayer
@briapliergram
@ahlawat_amit",,,,26/01/2017 11:35,https://twitter.com/#!/contestadventur/status/824581405938241536,,,8.24581E+17,8.24217E+17
contestadventur,kerramj1213,Mentions,26/01/2017 11:35,"Join in
@thexoxoday
@CienRi
@gamergal123
@GiratinaKing
@Pastel_Sadness_
@KerraMJ1213
@MrKr4zzyKat
@Propolayer
@briapliergram
@ahlawat_amit",,,,26/01/2017 11:35,https://twitter.com/#!/contestadventur/status/824581405938241536,,,8.24581E+17,8.24217E+17
contestadventur,pastel_sadness_,Mentions,26/01/2017 11:35,"Join in
@thexoxoday
@CienRi
@gamergal123
@GiratinaKing
@Pastel_Sadness_
@KerraMJ1213
@MrKr4zzyKat
@Propolayer
@briapliergram
@ahlawat_amit",,,,26/01/2017 11:35,https://twitter.com/#!/contestadventur/status/824581405938241536,,,8.24581E+17,8.24217E+17
contestadventur,giratinaking,Mentions,26/01/2017 11:35,"Join in
@thexoxoday
@CienRi
@gamergal123
@GiratinaKing
@Pastel_Sadness_
@KerraMJ1213
@MrKr4zzyKat
@Propolayer
@briapliergram
@ahlawat_amit",,,,26/01/2017 11:35,https://twitter.com/#!/contestadventur/status/824581405938241536,,,8.24581E+17,8.24217E+17
contestadventur,gamergal123,Mentions,26/01/2017 11:35,"Join in
@thexoxoday
@CienRi
@gamergal123
@GiratinaKing
@Pastel_Sadness_
@KerraMJ1213
@MrKr4zzyKat
@Propolayer
@briapliergram
@ahlawat_amit",,,,26/01/2017 11:35,https://twitter.com/#!/contestadventur/status/824581405938241536,,,8.24581E+17,8.24217E+17
contestadventur,cienri,Mentions,26/01/2017 11:35,"Join in
@thexoxoday
@CienRi
@gamergal123
@GiratinaKing
@Pastel_Sadness_
@KerraMJ1213
@MrKr4zzyKat
@Propolayer
@briapliergram
@ahlawat_amit",,,,26/01/2017 11:35,https://twitter.com/#!/contestadventur/status/824581405938241536,,,8.24581E+17,8.24217E+17
contestadventur,dineout_india,Mentions,26/01/2017 11:35,"Join in
@thexoxoday
@sagarikavghatge
@TrendsBangalore
@devmalya123
@babitbest
@Friendshipday16
@Cashkarocom
@two_gud
@dineout_india",,,,26/01/2017 11:35,https://twitter.com/#!/contestadventur/status/824581478952562688,,,8.24581E+17,8.24217E+17
contestadventur,two_gud,Mentions,26/01/2017 11:35,"Join in
@thexoxoday
@sagarikavghatge
@TrendsBangalore
@devmalya123
@babitbest
@Friendshipday16
@Cashkarocom
@two_gud
@dineout_india",,,,26/01/2017 11:35,https://twitter.com/#!/contestadventur/status/824581478952562688,,,8.24581E+17,8.24217E+17
contestadventur,cashkarocom,Mentions,26/01/2017 11:35,"Join in
@thexoxoday
@sagarikavghatge
@TrendsBangalore
@devmalya123
@babitbest
@Friendshipday16
@Cashkarocom
@two_gud
@dineout_india",,,,26/01/2017 11:35,https://twitter.com/#!/contestadventur/status/824581478952562688,,,8.24581E+17,8.24217E+17
contestadventur,devmalya123,Mentions,26/01/2017 11:35,"Join in
@thexoxoday
@sagarikavghatge
@TrendsBangalore
@devmalya123
@babitbest
@Friendshipday16
@Cashkarocom
@two_gud
@dineout_india",,,,26/01/2017 11:35,https://twitter.com/#!/contestadventur/status/824581478952562688,,,8.24581E+17,8.24217E+17
contestadventur,trendsbangalore,Mentions,26/01/2017 11:35,"Join in
@thexoxoday
@sagarikavghatge
@TrendsBangalore
@devmalya123
@babitbest
@Friendshipday16
@Cashkarocom
@two_gud
@dineout_india",,,,26/01/2017 11:35,https://twitter.com/#!/contestadventur/status/824581478952562688,,,8.24581E+17,8.24217E+17
contestadventur,sagarikavghatge,Mentions,26/01/2017 11:35,"Join in
@thexoxoday
@sagarikavghatge
@TrendsBangalore
@devmalya123
@babitbest
@Friendshipday16
@Cashkarocom
@two_gud
@dineout_india",,,,26/01/2017 11:35,https://twitter.com/#!/contestadventur/status/824581478952562688,,,8.24581E+17,8.24217E+17
contestadventur,wingsnsky,Mentions,26/01/2017 11:35,"Join in
@thexoxoday
@Archies_Online
@MySocialTab
@National_Bank
@RitwikaDRitz
@DarshanRavalDZ
@suyyashrai
@sargamjassu
@TVDFRA
@wingsNsky",,,,26/01/2017 11:35,https://twitter.com/#!/contestadventur/status/824581622271877121,,,8.24582E+17,8.24217E+17
contestadventur,tvdfra,Mentions,26/01/2017 11:35,"Join in
@thexoxoday
@Archies_Online
@MySocialTab
@National_Bank
@RitwikaDRitz
@DarshanRavalDZ
@suyyashrai
@sargamjassu
@TVDFRA
@wingsNsky",,,,26/01/2017 11:35,https://twitter.com/#!/contestadventur/status/824581622271877121,,,8.24582E+17,8.24217E+17
contestadventur,sargamjassu,Mentions,26/01/2017 11:35,"Join in
@thexoxoday
@Archies_Online
@MySocialTab
@National_Bank
@RitwikaDRitz
@DarshanRavalDZ
@suyyashrai
@sargamjassu
@TVDFRA
@wingsNsky",,,,26/01/2017 11:35,https://twitter.com/#!/contestadventur/status/824581622271877121,,,8.24582E+17,8.24217E+17
contestadventur,suyyashrai,Mentions,26/01/2017 11:35,"Join in
@thexoxoday
@Archies_Online
@MySocialTab
@National_Bank
@RitwikaDRitz
@DarshanRavalDZ
@suyyashrai
@sargamjassu
@TVDFRA
@wingsNsky",,,,26/01/2017 11:35,https://twitter.com/#!/contestadventur/status/824581622271877121,,,8.24582E+17,8.24217E+17
contestadventur,darshanravaldz,Mentions,26/01/2017 11:35,"Join in
@thexoxoday
@Archies_Online
@MySocialTab
@National_Bank
@RitwikaDRitz
@DarshanRavalDZ
@suyyashrai
@sargamjassu
@TVDFRA
@wingsNsky",,,,26/01/2017 11:35,https://twitter.com/#!/contestadventur/status/824581622271877121,,,8.24582E+17,8.24217E+17
contestadventur,ritwikadritz,Mentions,26/01/2017 11:35,"Join in
@thexoxoday
@Archies_Online
@MySocialTab
@National_Bank
@RitwikaDRitz
@DarshanRavalDZ
@suyyashrai
@sargamjassu
@TVDFRA
@wingsNsky",,,,26/01/2017 11:35,https://twitter.com/#!/contestadventur/status/824581622271877121,,,8.24582E+17,8.24217E+17
contestadventur,national_bank,Mentions,26/01/2017 11:35,"Join in
@thexoxoday
@Archies_Online
@MySocialTab
@National_Bank
@RitwikaDRitz
@DarshanRavalDZ
@suyyashrai
@sargamjassu
@TVDFRA
@wingsNsky",,,,26/01/2017 11:35,https://twitter.com/#!/contestadventur/status/824581622271877121,,,8.24582E+17,8.24217E+17
contestadventur,mysocialtab,Mentions,26/01/2017 11:35,"Join in
@thexoxoday
@Archies_Online
@MySocialTab
@National_Bank
@RitwikaDRitz
@DarshanRavalDZ
@suyyashrai
@sargamjassu
@TVDFRA
@wingsNsky",,,,26/01/2017 11:35,https://twitter.com/#!/contestadventur/status/824581622271877121,,,8.24582E+17,8.24217E+17
contestadventur,archies_online,Mentions,26/01/2017 11:35,"Join in
@thexoxoday
@Archies_Online
@MySocialTab
@National_Bank
@RitwikaDRitz
@DarshanRavalDZ
@suyyashrai
@sargamjassu
@TVDFRA
@wingsNsky",,,,26/01/2017 11:35,https://twitter.com/#!/contestadventur/status/824581622271877121,,,8.24582E+17,8.24217E+17
contestadventur,junosplace2013,Mentions,26/01/2017 11:36,"Join in
@thexoxoday
@zazzle
@BESIDEUOFFICIAL
@Kaswitweetybird
@tamilsmsblog
@Rumplepimple
@bocker
@ScruffiesCrazy
@Junosplace2013",,,,26/01/2017 11:36,https://twitter.com/#!/contestadventur/status/824581705390383104,,,8.24582E+17,8.24217E+17
contestadventur,scruffiescrazy,Mentions,26/01/2017 11:36,"Join in
@thexoxoday
@zazzle
@BESIDEUOFFICIAL
@Kaswitweetybird
@tamilsmsblog
@Rumplepimple
@bocker
@ScruffiesCrazy
@Junosplace2013",,,,26/01/2017 11:36,https://twitter.com/#!/contestadventur/status/824581705390383104,,,8.24582E+17,8.24217E+17
contestadventur,bocker,Mentions,26/01/2017 11:36,"Join in
@thexoxoday
@zazzle
@BESIDEUOFFICIAL
@Kaswitweetybird
@tamilsmsblog
@Rumplepimple
@bocker
@ScruffiesCrazy
@Junosplace2013",,,,26/01/2017 11:36,https://twitter.com/#!/contestadventur/status/824581705390383104,,,8.24582E+17,8.24217E+17
contestadventur,rumplepimple,Mentions,26/01/2017 11:36,"Join in
@thexoxoday
@zazzle
@BESIDEUOFFICIAL
@Kaswitweetybird
@tamilsmsblog
@Rumplepimple
@bocker
@ScruffiesCrazy
@Junosplace2013",,,,26/01/2017 11:36,https://twitter.com/#!/contestadventur/status/824581705390383104,,,8.24582E+17,8.24217E+17
contestadventur,kaswitweetybird,Mentions,26/01/2017 11:36,"Join in
@thexoxoday
@zazzle
@BESIDEUOFFICIAL
@Kaswitweetybird
@tamilsmsblog
@Rumplepimple
@bocker
@ScruffiesCrazy
@Junosplace2013",,,,26/01/2017 11:36,https://twitter.com/#!/contestadventur/status/824581705390383104,,,8.24582E+17,8.24217E+17
contestadventur,besideuofficial,Mentions,26/01/2017 11:36,"Join in
@thexoxoday
@zazzle
@BESIDEUOFFICIAL
@Kaswitweetybird
@tamilsmsblog
@Rumplepimple
@bocker
@ScruffiesCrazy
@Junosplace2013",,,,26/01/2017 11:36,https://twitter.com/#!/contestadventur/status/824581705390383104,,,8.24582E+17,8.24217E+17
contestadventur,zazzle,Mentions,26/01/2017 11:36,"Join in
@thexoxoday
@zazzle
@BESIDEUOFFICIAL
@Kaswitweetybird
@tamilsmsblog
@Rumplepimple
@bocker
@ScruffiesCrazy
@Junosplace2013",,,,26/01/2017 11:36,https://twitter.com/#!/contestadventur/status/824581705390383104,,,8.24582E+17,8.24217E+17
contestadventur,kanerudo66,Mentions,26/01/2017 11:36,"Join in
@thexoxoday
@Applepiepets
@BlueberryBearBk
@WireFoxRescueMW
@AllThingsMamma
@PrintvenueIndia
@isatyendras
@Maurithus1
@Kanerudo66",,,,26/01/2017 11:36,https://twitter.com/#!/contestadventur/status/824581813473468418,,,8.24582E+17,8.24217E+17
contestadventur,maurithus1,Mentions,26/01/2017 11:36,"Join in
@thexoxoday
@Applepiepets
@BlueberryBearBk
@WireFoxRescueMW
@AllThingsMamma
@PrintvenueIndia
@isatyendras
@Maurithus1
@Kanerudo66",,,,26/01/2017 11:36,https://twitter.com/#!/contestadventur/status/824581813473468418,,,8.24582E+17,8.24217E+17
contestadventur,isatyendras,Mentions,26/01/2017 11:36,"Join in
@thexoxoday
@Applepiepets
@BlueberryBearBk
@WireFoxRescueMW
@AllThingsMamma
@PrintvenueIndia
@isatyendras
@Maurithus1
@Kanerudo66",,,,26/01/2017 11:36,https://twitter.com/#!/contestadventur/status/824581813473468418,,,8.24582E+17,8.24217E+17
contestadventur,printvenueindia,Mentions,26/01/2017 11:36,"Join in
@thexoxoday
@Applepiepets
@BlueberryBearBk
@WireFoxRescueMW
@AllThingsMamma
@PrintvenueIndia
@isatyendras
@Maurithus1
@Kanerudo66",,,,26/01/2017 11:36,https://twitter.com/#!/contestadventur/status/824581813473468418,,,8.24582E+17,8.24217E+17
contestadventur,allthingsmamma,Mentions,26/01/2017 11:36,"Join in
@thexoxoday
@Applepiepets
@BlueberryBearBk
@WireFoxRescueMW
@AllThingsMamma
@PrintvenueIndia
@isatyendras
@Maurithus1
@Kanerudo66",,,,26/01/2017 11:36,https://twitter.com/#!/contestadventur/status/824581813473468418,,,8.24582E+17,8.24217E+17
contestadventur,wirefoxrescuemw,Mentions,26/01/2017 11:36,"Join in
@thexoxoday
@Applepiepets
@BlueberryBearBk
@WireFoxRescueMW
@AllThingsMamma
@PrintvenueIndia
@isatyendras
@Maurithus1
@Kanerudo66",,,,26/01/2017 11:36,https://twitter.com/#!/contestadventur/status/824581813473468418,,,8.24582E+17,8.24217E+17
contestadventur,blueberrybearbk,Mentions,26/01/2017 11:36,"Join in
@thexoxoday
@Applepiepets
@BlueberryBearBk
@WireFoxRescueMW
@AllThingsMamma
@PrintvenueIndia
@isatyendras
@Maurithus1
@Kanerudo66",,,,26/01/2017 11:36,https://twitter.com/#!/contestadventur/status/824581813473468418,,,8.24582E+17,8.24217E+17
contestadventur,applepiepets,Mentions,26/01/2017 11:36,"Join in
@thexoxoday
@Applepiepets
@BlueberryBearBk
@WireFoxRescueMW
@AllThingsMamma
@PrintvenueIndia
@isatyendras
@Maurithus1
@Kanerudo66",,,,26/01/2017 11:36,https://twitter.com/#!/contestadventur/status/824581813473468418,,,8.24582E+17,8.24217E+17
contestadventur,behavechange,Mentions,26/01/2017 11:36,"Join in
@thexoxoday
@tolresorts
@SingaporeUN
@healthnfit4eva
@heartstringsfo1
@blushingnoir
@RicolaUSA
@SSCiderCon
@BeHaveChange",,,,26/01/2017 11:36,https://twitter.com/#!/contestadventur/status/824581886492106754,,,8.24582E+17,8.24217E+17
contestadventur,sscidercon,Mentions,26/01/2017 11:36,"Join in
@thexoxoday
@tolresorts
@SingaporeUN
@healthnfit4eva
@heartstringsfo1
@blushingnoir
@RicolaUSA
@SSCiderCon
@BeHaveChange",,,,26/01/2017 11:36,https://twitter.com/#!/contestadventur/status/824581886492106754,,,8.24582E+17,8.24217E+17
contestadventur,ricolausa,Mentions,26/01/2017 11:36,"Join in
@thexoxoday
@tolresorts
@SingaporeUN
@healthnfit4eva
@heartstringsfo1
@blushingnoir
@RicolaUSA
@SSCiderCon
@BeHaveChange",,,,26/01/2017 11:36,https://twitter.com/#!/contestadventur/status/824581886492106754,,,8.24582E+17,8.24217E+17
contestadventur,blushingnoir,Mentions,26/01/2017 11:36,"Join in
@thexoxoday
@tolresorts
@SingaporeUN
@healthnfit4eva
@heartstringsfo1
@blushingnoir
@RicolaUSA
@SSCiderCon
@BeHaveChange",,,,26/01/2017 11:36,https://twitter.com/#!/contestadventur/status/824581886492106754,,,8.24582E+17,8.24217E+17
contestadventur,heartstringsfo1,Mentions,26/01/2017 11:36,"Join in
@thexoxoday
@tolresorts
@SingaporeUN
@healthnfit4eva
@heartstringsfo1
@blushingnoir
@RicolaUSA
@SSCiderCon
@BeHaveChange",,,,26/01/2017 11:36,https://twitter.com/#!/contestadventur/status/824581886492106754,,,8.24582E+17,8.24217E+17
contestadventur,singaporeun,Mentions,26/01/2017 11:36,"Join in
@thexoxoday
@tolresorts
@SingaporeUN
@healthnfit4eva
@heartstringsfo1
@blushingnoir
@RicolaUSA
@SSCiderCon
@BeHaveChange",,,,26/01/2017 11:36,https://twitter.com/#!/contestadventur/status/824581886492106754,,,8.24582E+17,8.24217E+17
contestadventur,tolresorts,Mentions,26/01/2017 11:36,"Join in
@thexoxoday
@tolresorts
@SingaporeUN
@healthnfit4eva
@heartstringsfo1
@blushingnoir
@RicolaUSA
@SSCiderCon
@BeHaveChange",,,,26/01/2017 11:36,https://twitter.com/#!/contestadventur/status/824581886492106754,,,8.24582E+17,8.24217E+17
contestadventur,thebouqsco,Mentions,26/01/2017 11:37,"Join in
@thexoxoday
@MollyAllSet
@allsetDTSS
@ranvijay2
@bookaflower
@ammemyselfandi
@sandeepsuresh28
@GoEventz
@Bahh_Correia
@TheBouqsCo",,,,26/01/2017 11:37,https://twitter.com/#!/contestadventur/status/824582011742351361,,,8.24582E+17,8.24217E+17
contestadventur,bahh_correia,Mentions,26/01/2017 11:37,"Join in
@thexoxoday
@MollyAllSet
@allsetDTSS
@ranvijay2
@bookaflower
@ammemyselfandi
@sandeepsuresh28
@GoEventz
@Bahh_Correia
@TheBouqsCo",,,,26/01/2017 11:37,https://twitter.com/#!/contestadventur/status/824582011742351361,,,8.24582E+17,8.24217E+17
contestadventur,goeventz,Mentions,26/01/2017 11:37,"Join in
@thexoxoday
@MollyAllSet
@allsetDTSS
@ranvijay2
@bookaflower
@ammemyselfandi
@sandeepsuresh28
@GoEventz
@Bahh_Correia
@TheBouqsCo",,,,26/01/2017 11:37,https://twitter.com/#!/contestadventur/status/824582011742351361,,,8.24582E+17,8.24217E+17
contestadventur,sandeepsuresh28,Mentions,26/01/2017 11:37,"Join in
@thexoxoday
@MollyAllSet
@allsetDTSS
@ranvijay2
@bookaflower
@ammemyselfandi
@sandeepsuresh28
@GoEventz
@Bahh_Correia
@TheBouqsCo",,,,26/01/2017 11:37,https://twitter.com/#!/contestadventur/status/824582011742351361,,,8.24582E+17,8.24217E+17
contestadventur,ammemyselfandi,Mentions,26/01/2017 11:37,"Join in
@thexoxoday
@MollyAllSet
@allsetDTSS
@ranvijay2
@bookaflower
@ammemyselfandi
@sandeepsuresh28
@GoEventz
@Bahh_Correia
@TheBouqsCo",,,,26/01/2017 11:37,https://twitter.com/#!/contestadventur/status/824582011742351361,,,8.24582E+17,8.24217E+17
contestadventur,bookaflower,Mentions,26/01/2017 11:37,"Join in
@thexoxoday
@MollyAllSet
@allsetDTSS
@ranvijay2
@bookaflower
@ammemyselfandi
@sandeepsuresh28
@GoEventz
@Bahh_Correia
@TheBouqsCo",,,,26/01/2017 11:37,https://twitter.com/#!/contestadventur/status/824582011742351361,,,8.24582E+17,8.24217E+17
contestadventur,ranvijay2,Mentions,26/01/2017 11:37,"Join in
@thexoxoday
@MollyAllSet
@allsetDTSS
@ranvijay2
@bookaflower
@ammemyselfandi
@sandeepsuresh28
@GoEventz
@Bahh_Correia
@TheBouqsCo",,,,26/01/2017 11:37,https://twitter.com/#!/contestadventur/status/824582011742351361,,,8.24582E+17,8.24217E+17
contestadventur,allsetdtss,Mentions,26/01/2017 11:37,"Join in
@thexoxoday
@MollyAllSet
@allsetDTSS
@ranvijay2
@bookaflower
@ammemyselfandi
@sandeepsuresh28
@GoEventz
@Bahh_Correia
@TheBouqsCo",,,,26/01/2017 11:37,https://twitter.com/#!/contestadventur/status/824582011742351361,,,8.24582E+17,8.24217E+17
contestadventur,mollyallset,Mentions,26/01/2017 11:37,"Join in
@thexoxoday
@MollyAllSet
@allsetDTSS
@ranvijay2
@bookaflower
@ammemyselfandi
@sandeepsuresh28
@GoEventz
@Bahh_Correia
@TheBouqsCo",,,,26/01/2017 11:37,https://twitter.com/#!/contestadventur/status/824582011742351361,,,8.24582E+17,8.24217E+17
contestadventur,alliancemanaus,Mentions,26/01/2017 11:37,"Join in
@thexoxoday
@marcelitacartes
@dfstanakatic
@StanaticsBR
@micacomitante
@MEO_BR
@ccultureint
@JWMarriottRio
@AllianceManaus",,,,26/01/2017 11:37,https://twitter.com/#!/contestadventur/status/824582091362820096,,,8.24582E+17,8.24217E+17
contestadventur,jwmarriottrio,Mentions,26/01/2017 11:37,"Join in
@thexoxoday
@marcelitacartes
@dfstanakatic
@StanaticsBR
@micacomitante
@MEO_BR
@ccultureint
@JWMarriottRio
@AllianceManaus",,,,26/01/2017 11:37,https://twitter.com/#!/contestadventur/status/824582091362820096,,,8.24582E+17,8.24217E+17
contestadventur,ccultureint,Mentions,26/01/2017 11:37,"Join in
@thexoxoday
@marcelitacartes
@dfstanakatic
@StanaticsBR
@micacomitante
@MEO_BR
@ccultureint
@JWMarriottRio
@AllianceManaus",,,,26/01/2017 11:37,https://twitter.com/#!/contestadventur/status/824582091362820096,,,8.24582E+17,8.24217E+17
contestadventur,meo_br,Mentions,26/01/2017 11:37,"Join in
@thexoxoday
@marcelitacartes
@dfstanakatic
@StanaticsBR
@micacomitante
@MEO_BR
@ccultureint
@JWMarriottRio
@AllianceManaus",,,,26/01/2017 11:37,https://twitter.com/#!/contestadventur/status/824582091362820096,,,8.24582E+17,8.24217E+17
contestadventur,micacomitante,Mentions,26/01/2017 11:37,"Join in
@thexoxoday
@marcelitacartes
@dfstanakatic
@StanaticsBR
@micacomitante
@MEO_BR
@ccultureint
@JWMarriottRio
@AllianceManaus",,,,26/01/2017 11:37,https://twitter.com/#!/contestadventur/status/824582091362820096,,,8.24582E+17,8.24217E+17
contestadventur,stanaticsbr,Mentions,26/01/2017 11:37,"Join in
@thexoxoday
@marcelitacartes
@dfstanakatic
@StanaticsBR
@micacomitante
@MEO_BR
@ccultureint
@JWMarriottRio
@AllianceManaus",,,,26/01/2017 11:37,https://twitter.com/#!/contestadventur/status/824582091362820096,,,8.24582E+17,8.24217E+17
contestadventur,dfstanakatic,Mentions,26/01/2017 11:37,"Join in
@thexoxoday
@marcelitacartes
@dfstanakatic
@StanaticsBR
@micacomitante
@MEO_BR
@ccultureint
@JWMarriottRio
@AllianceManaus",,,,26/01/2017 11:37,https://twitter.com/#!/contestadventur/status/824582091362820096,,,8.24582E+17,8.24217E+17
contestadventur,marcelitacartes,Mentions,26/01/2017 11:37,"Join in
@thexoxoday
@marcelitacartes
@dfstanakatic
@StanaticsBR
@micacomitante
@MEO_BR
@ccultureint
@JWMarriottRio
@AllianceManaus",,,,26/01/2017 11:37,https://twitter.com/#!/contestadventur/status/824582091362820096,,,8.24582E+17,8.24217E+17
contestadventur,nandagopal1212,Mentions,26/01/2017 11:38,"Join in
@thexoxoday
@TaniaSantos_3
@FacetoFaceMiami
@tiiiiiiiiiiiz
@Smartidiom
@ieEntertainment
@SKsSaltanat
@kanharini
@Nandagopal1212",,,,26/01/2017 11:38,https://twitter.com/#!/contestadventur/status/824582154197700608,,,8.24582E+17,8.24217E+17
contestadventur,kanharini,Mentions,26/01/2017 11:38,"Join in
@thexoxoday
@TaniaSantos_3
@FacetoFaceMiami
@tiiiiiiiiiiiz
@Smartidiom
@ieEntertainment
@SKsSaltanat
@kanharini
@Nandagopal1212",,,,26/01/2017 11:38,https://twitter.com/#!/contestadventur/status/824582154197700608,,,8.24582E+17,8.24217E+17
contestadventur,skssaltanat,Mentions,26/01/2017 11:38,"Join in
@thexoxoday
@TaniaSantos_3
@FacetoFaceMiami
@tiiiiiiiiiiiz
@Smartidiom
@ieEntertainment
@SKsSaltanat
@kanharini
@Nandagopal1212",,,,26/01/2017 11:38,https://twitter.com/#!/contestadventur/status/824582154197700608,,,8.24582E+17,8.24217E+17
contestadventur,ieentertainment,Mentions,26/01/2017 11:38,"Join in
@thexoxoday
@TaniaSantos_3
@FacetoFaceMiami
@tiiiiiiiiiiiz
@Smartidiom
@ieEntertainment
@SKsSaltanat
@kanharini
@Nandagopal1212",,,,26/01/2017 11:38,https://twitter.com/#!/contestadventur/status/824582154197700608,,,8.24582E+17,8.24217E+17
contestadventur,smartidiom,Mentions,26/01/2017 11:38,"Join in
@thexoxoday
@TaniaSantos_3
@FacetoFaceMiami
@tiiiiiiiiiiiz
@Smartidiom
@ieEntertainment
@SKsSaltanat
@kanharini
@Nandagopal1212",,,,26/01/2017 11:38,https://twitter.com/#!/contestadventur/status/824582154197700608,,,8.24582E+17,8.24217E+17
contestadventur,tiiiiiiiiiiiz,Mentions,26/01/2017 11:38,"Join in
@thexoxoday
@TaniaSantos_3
@FacetoFaceMiami
@tiiiiiiiiiiiz
@Smartidiom
@ieEntertainment
@SKsSaltanat
@kanharini
@Nandagopal1212",,,,26/01/2017 11:38,https://twitter.com/#!/contestadventur/status/824582154197700608,,,8.24582E+17,8.24217E+17
contestadventur,facetofacemiami,Mentions,26/01/2017 11:38,"Join in
@thexoxoday
@TaniaSantos_3
@FacetoFaceMiami
@tiiiiiiiiiiiz
@Smartidiom
@ieEntertainment
@SKsSaltanat
@kanharini
@Nandagopal1212",,,,26/01/2017 11:38,https://twitter.com/#!/contestadventur/status/824582154197700608,,,8.24582E+17,8.24217E+17
contestadventur,taniasantos_3,Mentions,26/01/2017 11:38,"Join in
@thexoxoday
@TaniaSantos_3
@FacetoFaceMiami
@tiiiiiiiiiiiz
@Smartidiom
@ieEntertainment
@SKsSaltanat
@kanharini
@Nandagopal1212",,,,26/01/2017 11:38,https://twitter.com/#!/contestadventur/status/824582154197700608,,,8.24582E+17,8.24217E+17
contestadventur,geejeyz,Mentions,26/01/2017 11:38,"Join in
@thexoxoday
@Vipul_tweets_
@bansode_sunny
@Chandmouliman
@RajiniFC
@ProudSalmaniacs
@SonamTillani
@RAJINITHEBOSS
@MindSamar
@geejeyz",,,,26/01/2017 11:38,https://twitter.com/#!/contestadventur/status/824582262066864130,,,8.24582E+17,8.24217E+17
contestadventur,mindsamar,Mentions,26/01/2017 11:38,"Join in
@thexoxoday
@Vipul_tweets_
@bansode_sunny
@Chandmouliman
@RajiniFC
@ProudSalmaniacs
@SonamTillani
@RAJINITHEBOSS
@MindSamar
@geejeyz",,,,26/01/2017 11:38,https://twitter.com/#!/contestadventur/status/824582262066864130,,,8.24582E+17,8.24217E+17
contestadventur,rajinitheboss,Mentions,26/01/2017 11:38,"Join in
@thexoxoday
@Vipul_tweets_
@bansode_sunny
@Chandmouliman
@RajiniFC
@ProudSalmaniacs
@SonamTillani
@RAJINITHEBOSS
@MindSamar
@geejeyz",,,,26/01/2017 11:38,https://twitter.com/#!/contestadventur/status/824582262066864130,,,8.24582E+17,8.24217E+17
contestadventur,sonamtillani,Mentions,26/01/2017 11:38,"Join in
@thexoxoday
@Vipul_tweets_
@bansode_sunny
@Chandmouliman
@RajiniFC
@ProudSalmaniacs
@SonamTillani
@RAJINITHEBOSS
@MindSamar
@geejeyz",,,,26/01/2017 11:38,https://twitter.com/#!/contestadventur/status/824582262066864130,,,8.24582E+17,8.24217E+17
contestadventur,proudsalmaniacs,Mentions,26/01/2017 11:38,"Join in
@thexoxoday
@Vipul_tweets_
@bansode_sunny
@Chandmouliman
@RajiniFC
@ProudSalmaniacs
@SonamTillani
@RAJINITHEBOSS
@MindSamar
@geejeyz",,,,26/01/2017 11:38,https://twitter.com/#!/contestadventur/status/824582262066864130,,,8.24582E+17,8.24217E+17
contestadventur,rajinifc,Mentions,26/01/2017 11:38,"Join in
@thexoxoday
@Vipul_tweets_
@bansode_sunny
@Chandmouliman
@RajiniFC
@ProudSalmaniacs
@SonamTillani
@RAJINITHEBOSS
@MindSamar
@geejeyz",,,,26/01/2017 11:38,https://twitter.com/#!/contestadventur/status/824582262066864130,,,8.24582E+17,8.24217E+17
contestadventur,bansode_sunny,Mentions,26/01/2017 11:38,"Join in
@thexoxoday
@Vipul_tweets_
@bansode_sunny
@Chandmouliman
@RajiniFC
@ProudSalmaniacs
@SonamTillani
@RAJINITHEBOSS
@MindSamar
@geejeyz",,,,26/01/2017 11:38,https://twitter.com/#!/contestadventur/status/824582262066864130,,,8.24582E+17,8.24217E+17
contestadventur,vipul_tweets_,Mentions,26/01/2017 11:38,"Join in
@thexoxoday
@Vipul_tweets_
@bansode_sunny
@Chandmouliman
@RajiniFC
@ProudSalmaniacs
@SonamTillani
@RAJINITHEBOSS
@MindSamar
@geejeyz",,,,26/01/2017 11:38,https://twitter.com/#!/contestadventur/status/824582262066864130,,,8.24582E+17,8.24217E+17
contestadventur,avengerspage,Mentions,26/01/2017 11:39,"Join in
@thexoxoday
@robangill2
@beiing_tiger_
@balabarve
@ThalaSathiz
@MMuthuk8
@ramesun
@arunnath_Tamil
@Cinenewsworld
@AvengersPage",,,,26/01/2017 11:39,https://twitter.com/#!/contestadventur/status/824582565826748420,,,8.24583E+17,8.24217E+17
contestadventur,cinenewsworld,Mentions,26/01/2017 11:39,"Join in
@thexoxoday
@robangill2
@beiing_tiger_
@balabarve
@ThalaSathiz
@MMuthuk8
@ramesun
@arunnath_Tamil
@Cinenewsworld
@AvengersPage",,,,26/01/2017 11:39,https://twitter.com/#!/contestadventur/status/824582565826748420,,,8.24583E+17,8.24217E+17
contestadventur,arunnath_tamil,Mentions,26/01/2017 11:39,"Join in
@thexoxoday
@robangill2
@beiing_tiger_
@balabarve
@ThalaSathiz
@MMuthuk8
@ramesun
@arunnath_Tamil
@Cinenewsworld
@AvengersPage",,,,26/01/2017 11:39,https://twitter.com/#!/contestadventur/status/824582565826748420,,,8.24583E+17,8.24217E+17
contestadventur,ramesun,Mentions,26/01/2017 11:39,"Join in
@thexoxoday
@robangill2
@beiing_tiger_
@balabarve
@ThalaSathiz
@MMuthuk8
@ramesun
@arunnath_Tamil
@Cinenewsworld
@AvengersPage",,,,26/01/2017 11:39,https://twitter.com/#!/contestadventur/status/824582565826748420,,,8.24583E+17,8.24217E+17
contestadventur,mmuthuk8,Mentions,26/01/2017 11:39,"Join in
@thexoxoday
@robangill2
@beiing_tiger_
@balabarve
@ThalaSathiz
@MMuthuk8
@ramesun
@arunnath_Tamil
@Cinenewsworld
@AvengersPage",,,,26/01/2017 11:39,https://twitter.com/#!/contestadventur/status/824582565826748420,,,8.24583E+17,8.24217E+17
contestadventur,balabarve,Mentions,26/01/2017 11:39,"Join in
@thexoxoday
@robangill2
@beiing_tiger_
@balabarve
@ThalaSathiz
@MMuthuk8
@ramesun
@arunnath_Tamil
@Cinenewsworld
@AvengersPage",,,,26/01/2017 11:39,https://twitter.com/#!/contestadventur/status/824582565826748420,,,8.24583E+17,8.24217E+17
contestadventur,robangill2,Mentions,26/01/2017 11:39,"Join in
@thexoxoday
@robangill2
@beiing_tiger_
@balabarve
@ThalaSathiz
@MMuthuk8
@ramesun
@arunnath_Tamil
@Cinenewsworld
@AvengersPage",,,,26/01/2017 11:39,https://twitter.com/#!/contestadventur/status/824582565826748420,,,8.24583E+17,8.24217E+17
contestadventur,ajayaravind18,Mentions,26/01/2017 11:40,"Join in
@thexoxoday
@SalmanKhanHolic
@stskumara28
@DistopianM
@singhmighty
@adhu_idu111
@19babu83
@karan868208
@RAJUSTAR
@AjayAravind18",,,,26/01/2017 11:40,https://twitter.com/#!/contestadventur/status/824582739575713792,,,8.24583E+17,8.24217E+17
contestadventur,rajustar,Mentions,26/01/2017 11:40,"Join in
@thexoxoday
@SalmanKhanHolic
@stskumara28
@DistopianM
@singhmighty
@adhu_idu111
@19babu83
@karan868208
@RAJUSTAR
@AjayAravind18",,,,26/01/2017 11:40,https://twitter.com/#!/contestadventur/status/824582739575713792,,,8.24583E+17,8.24217E+17
contestadventur,karan868208,Mentions,26/01/2017 11:40,"Join in
@thexoxoday
@SalmanKhanHolic
@stskumara28
@DistopianM
@singhmighty
@adhu_idu111
@19babu83
@karan868208
@RAJUSTAR
@AjayAravind18",,,,26/01/2017 11:40,https://twitter.com/#!/contestadventur/status/824582739575713792,,,8.24583E+17,8.24217E+17
contestadventur,19babu83,Mentions,26/01/2017 11:40,"Join in
@thexoxoday
@SalmanKhanHolic
@stskumara28
@DistopianM
@singhmighty
@adhu_idu111
@19babu83
@karan868208
@RAJUSTAR
@AjayAravind18",,,,26/01/2017 11:40,https://twitter.com/#!/contestadventur/status/824582739575713792,,,8.24583E+17,8.24217E+17
contestadventur,adhu_idu111,Mentions,26/01/2017 11:40,"Join in
@thexoxoday
@SalmanKhanHolic
@stskumara28
@DistopianM
@singhmighty
@adhu_idu111
@19babu83
@karan868208
@RAJUSTAR
@AjayAravind18",,,,26/01/2017 11:40,https://twitter.com/#!/contestadventur/status/824582739575713792,,,8.24583E+17,8.24217E+17
contestadventur,singhmighty,Mentions,26/01/2017 11:40,"Join in
@thexoxoday
@SalmanKhanHolic
@stskumara28
@DistopianM
@singhmighty
@adhu_idu111
@19babu83
@karan868208
@RAJUSTAR
@AjayAravind18",,,,26/01/2017 11:40,https://twitter.com/#!/contestadventur/status/824582739575713792,,,8.24583E+17,8.24217E+17
contestadventur,distopianm,Mentions,26/01/2017 11:40,"Join in
@thexoxoday
@SalmanKhanHolic
@stskumara28
@DistopianM
@singhmighty
@adhu_idu111
@19babu83
@karan868208
@RAJUSTAR
@AjayAravind18",,,,26/01/2017 11:40,https://twitter.com/#!/contestadventur/status/824582739575713792,,,8.24583E+17,8.24217E+17
contestadventur,stskumara28,Mentions,26/01/2017 11:40,"Join in
@thexoxoday
@SalmanKhanHolic
@stskumara28
@DistopianM
@singhmighty
@adhu_idu111
@19babu83
@karan868208
@RAJUSTAR
@AjayAravind18",,,,26/01/2017 11:40,https://twitter.com/#!/contestadventur/status/824582739575713792,,,8.24583E+17,8.24217E+17
contestadventur,salmankhanholic,Mentions,26/01/2017 11:40,"Join in
@thexoxoday
@SalmanKhanHolic
@stskumara28
@DistopianM
@singhmighty
@adhu_idu111
@19babu83
@karan868208
@RAJUSTAR
@AjayAravind18",,,,26/01/2017 11:40,https://twitter.com/#!/contestadventur/status/824582739575713792,,,8.24583E+17,8.24217E+17
contestadventur,diraviyamliqvid,Mentions,26/01/2017 11:40,"Join in
@thexoxoday
@superstarrajini
@Robo1235
@Five5starA
@lokesh1092
@lovelynarayanan
@suresh_rajinifn
@muthu768
@diraviyamliqvid",,,,26/01/2017 11:40,https://twitter.com/#!/contestadventur/status/824582868525461504,,,8.24583E+17,8.24217E+17
contestadventur,muthu768,Mentions,26/01/2017 11:40,"Join in
@thexoxoday
@superstarrajini
@Robo1235
@Five5starA
@lokesh1092
@lovelynarayanan
@suresh_rajinifn
@muthu768
@diraviyamliqvid",,,,26/01/2017 11:40,https://twitter.com/#!/contestadventur/status/824582868525461504,,,8.24583E+17,8.24217E+17
contestadventur,suresh_rajinifn,Mentions,26/01/2017 11:40,"Join in
@thexoxoday
@superstarrajini
@Robo1235
@Five5starA
@lokesh1092
@lovelynarayanan
@suresh_rajinifn
@muthu768
@diraviyamliqvid",,,,26/01/2017 11:40,https://twitter.com/#!/contestadventur/status/824582868525461504,,,8.24583E+17,8.24217E+17
contestadventur,lovelynarayanan,Mentions,26/01/2017 11:40,"Join in
@thexoxoday
@superstarrajini
@Robo1235
@Five5starA
@lokesh1092
@lovelynarayanan
@suresh_rajinifn
@muthu768
@diraviyamliqvid",,,,26/01/2017 11:40,https://twitter.com/#!/contestadventur/status/824582868525461504,,,8.24583E+17,8.24217E+17
contestadventur,lokesh1092,Mentions,26/01/2017 11:40,"Join in
@thexoxoday
@superstarrajini
@Robo1235
@Five5starA
@lokesh1092
@lovelynarayanan
@suresh_rajinifn
@muthu768
@diraviyamliqvid",,,,26/01/2017 11:40,https://twitter.com/#!/contestadventur/status/824582868525461504,,,8.24583E+17,8.24217E+17
contestadventur,five5stara,Mentions,26/01/2017 11:40,"Join in
@thexoxoday
@superstarrajini
@Robo1235
@Five5starA
@lokesh1092
@lovelynarayanan
@suresh_rajinifn
@muthu768
@diraviyamliqvid",,,,26/01/2017 11:40,https://twitter.com/#!/contestadventur/status/824582868525461504,,,8.24583E+17,8.24217E+17
contestadventur,robo1235,Mentions,26/01/2017 11:40,"Join in
@thexoxoday
@superstarrajini
@Robo1235
@Five5starA
@lokesh1092
@lovelynarayanan
@suresh_rajinifn
@muthu768
@diraviyamliqvid",,,,26/01/2017 11:40,https://twitter.com/#!/contestadventur/status/824582868525461504,,,8.24583E+17,8.24217E+17
contestadventur,superstarrajini,Mentions,26/01/2017 11:40,"Join in
@thexoxoday
@superstarrajini
@Robo1235
@Five5starA
@lokesh1092
@lovelynarayanan
@suresh_rajinifn
@muthu768
@diraviyamliqvid",,,,26/01/2017 11:40,https://twitter.com/#!/contestadventur/status/824582868525461504,,,8.24583E+17,8.24217E+17
contestadventur,altaf_raaz,Mentions,26/01/2017 11:41,"Join in
@thexoxoday
@KasaaGajen03
@EshuElango
@UcfcSaravanan
@Kozhiyaar
@nkrish4316
@ferrykhan143
@akrammohsin2
@EternalSalman_
@altaf_raaz",,,,26/01/2017 11:41,https://twitter.com/#!/contestadventur/status/824583043843125248,,,8.24583E+17,8.24217E+17
contestadventur,eternalsalman_,Mentions,26/01/2017 11:41,"Join in
@thexoxoday
@KasaaGajen03
@EshuElango
@UcfcSaravanan
@Kozhiyaar
@nkrish4316
@ferrykhan143
@akrammohsin2
@EternalSalman_
@altaf_raaz",,,,26/01/2017 11:41,https://twitter.com/#!/contestadventur/status/824583043843125248,,,8.24583E+17,8.24217E+17
contestadventur,akrammohsin2,Mentions,26/01/2017 11:41,"Join in
@thexoxoday
@KasaaGajen03
@EshuElango
@UcfcSaravanan
@Kozhiyaar
@nkrish4316
@ferrykhan143
@akrammohsin2
@EternalSalman_
@altaf_raaz",,,,26/01/2017 11:41,https://twitter.com/#!/contestadventur/status/824583043843125248,,,8.24583E+17,8.24217E+17
contestadventur,ferrykhan143,Mentions,26/01/2017 11:41,"Join in
@thexoxoday
@KasaaGajen03
@EshuElango
@UcfcSaravanan
@Kozhiyaar
@nkrish4316
@ferrykhan143
@akrammohsin2
@EternalSalman_
@altaf_raaz",,,,26/01/2017 11:41,https://twitter.com/#!/contestadventur/status/824583043843125248,,,8.24583E+17,8.24217E+17
contestadventur,nkrish4316,Mentions,26/01/2017 11:41,"Join in
@thexoxoday
@KasaaGajen03
@EshuElango
@UcfcSaravanan
@Kozhiyaar
@nkrish4316
@ferrykhan143
@akrammohsin2
@EternalSalman_
@altaf_raaz",,,,26/01/2017 11:41,https://twitter.com/#!/contestadventur/status/824583043843125248,,,8.24583E+17,8.24217E+17
contestadventur,kozhiyaar,Mentions,26/01/2017 11:41,"Join in
@thexoxoday
@KasaaGajen03
@EshuElango
@UcfcSaravanan
@Kozhiyaar
@nkrish4316
@ferrykhan143
@akrammohsin2
@EternalSalman_
@altaf_raaz",,,,26/01/2017 11:41,https://twitter.com/#!/contestadventur/status/824583043843125248,,,8.24583E+17,8.24217E+17
contestadventur,ucfcsaravanan,Mentions,26/01/2017 11:41,"Join in
@thexoxoday
@KasaaGajen03
@EshuElango
@UcfcSaravanan
@Kozhiyaar
@nkrish4316
@ferrykhan143
@akrammohsin2
@EternalSalman_
@altaf_raaz",,,,26/01/2017 11:41,https://twitter.com/#!/contestadventur/status/824583043843125248,,,8.24583E+17,8.24217E+17
contestadventur,eshuelango,Mentions,26/01/2017 11:41,"Join in
@thexoxoday
@KasaaGajen03
@EshuElango
@UcfcSaravanan
@Kozhiyaar
@nkrish4316
@ferrykhan143
@akrammohsin2
@EternalSalman_
@altaf_raaz",,,,26/01/2017 11:41,https://twitter.com/#!/contestadventur/status/824583043843125248,,,8.24583E+17,8.24217E+17
contestadventur,kasaagajen03,Mentions,26/01/2017 11:41,"Join in
@thexoxoday
@KasaaGajen03
@EshuElango
@UcfcSaravanan
@Kozhiyaar
@nkrish4316
@ferrykhan143
@akrammohsin2
@EternalSalman_
@altaf_raaz",,,,26/01/2017 11:41,https://twitter.com/#!/contestadventur/status/824583043843125248,,,8.24583E+17,8.24217E+17
contestadventur,being_shuvo,Mentions,26/01/2017 11:41,"Join in
@thexoxoday
@SupremeSalman
@Romeo4uU
@beingpawan23
@iamsrrj
@baskar2134
@shahnaw71071210
@84d4fcc6fd2c4fd
@Being_Shuvo",,,,26/01/2017 11:41,https://twitter.com/#!/contestadventur/status/824583119994920960,,,8.24583E+17,8.24217E+17
contestadventur,84d4fcc6fd2c4fd,Mentions,26/01/2017 11:41,"Join in
@thexoxoday
@SupremeSalman
@Romeo4uU
@beingpawan23
@iamsrrj
@baskar2134
@shahnaw71071210
@84d4fcc6fd2c4fd
@Being_Shuvo",,,,26/01/2017 11:41,https://twitter.com/#!/contestadventur/status/824583119994920960,,,8.24583E+17,8.24217E+17
contestadventur,shahnaw71071210,Mentions,26/01/2017 11:41,"Join in
@thexoxoday
@SupremeSalman
@Romeo4uU
@beingpawan23
@iamsrrj
@baskar2134
@shahnaw71071210
@84d4fcc6fd2c4fd
@Being_Shuvo",,,,26/01/2017 11:41,https://twitter.com/#!/contestadventur/status/824583119994920960,,,8.24583E+17,8.24217E+17
contestadventur,baskar2134,Mentions,26/01/2017 11:41,"Join in
@thexoxoday
@SupremeSalman
@Romeo4uU
@beingpawan23
@iamsrrj
@baskar2134
@shahnaw71071210
@84d4fcc6fd2c4fd
@Being_Shuvo",,,,26/01/2017 11:41,https://twitter.com/#!/contestadventur/status/824583119994920960,,,8.24583E+17,8.24217E+17
contestadventur,iamsrrj,Mentions,26/01/2017 11:41,"Join in
@thexoxoday
@SupremeSalman
@Romeo4uU
@beingpawan23
@iamsrrj
@baskar2134
@shahnaw71071210
@84d4fcc6fd2c4fd
@Being_Shuvo",,,,26/01/2017 11:41,https://twitter.com/#!/contestadventur/status/824583119994920960,,,8.24583E+17,8.24217E+17
contestadventur,beingpawan23,Mentions,26/01/2017 11:41,"Join in
@thexoxoday
@SupremeSalman
@Romeo4uU
@beingpawan23
@iamsrrj
@baskar2134
@shahnaw71071210
@84d4fcc6fd2c4fd
@Being_Shuvo",,,,26/01/2017 11:41,https://twitter.com/#!/contestadventur/status/824583119994920960,,,8.24583E+17,8.24217E+17
contestadventur,romeo4uu,Mentions,26/01/2017 11:41,"Join in
@thexoxoday
@SupremeSalman
@Romeo4uU
@beingpawan23
@iamsrrj
@baskar2134
@shahnaw71071210
@84d4fcc6fd2c4fd
@Being_Shuvo",,,,26/01/2017 11:41,https://twitter.com/#!/contestadventur/status/824583119994920960,,,8.24583E+17,8.24217E+17
contestadventur,mdjaseer,Mentions,26/01/2017 11:42,"Join in
@thexoxoday
@RNATARAJAN71
@faijjuu
@Lmkmoviemaniac
@LegendsOffl
@SALMAN
@LoveEach
@rhemanand
@hari_vel
@mdjaseer",,,,26/01/2017 11:42,https://twitter.com/#!/contestadventur/status/824583173644316672,,,8.24583E+17,8.24217E+17
contestadventur,hari_vel,Mentions,26/01/2017 11:42,"Join in
@thexoxoday
@RNATARAJAN71
@faijjuu
@Lmkmoviemaniac
@LegendsOffl
@SALMAN
@LoveEach
@rhemanand
@hari_vel
@mdjaseer",,,,26/01/2017 11:42,https://twitter.com/#!/contestadventur/status/824583173644316672,,,8.24583E+17,8.24217E+17
contestadventur,rhemanand,Mentions,26/01/2017 11:42,"Join in
@thexoxoday
@RNATARAJAN71
@faijjuu
@Lmkmoviemaniac
@LegendsOffl
@SALMAN
@LoveEach
@rhemanand
@hari_vel
@mdjaseer",,,,26/01/2017 11:42,https://twitter.com/#!/contestadventur/status/824583173644316672,,,8.24583E+17,8.24217E+17
contestadventur,loveeach,Mentions,26/01/2017 11:42,"Join in
@thexoxoday
@RNATARAJAN71
@faijjuu
@Lmkmoviemaniac
@LegendsOffl
@SALMAN
@LoveEach
@rhemanand
@hari_vel
@mdjaseer",,,,26/01/2017 11:42,https://twitter.com/#!/contestadventur/status/824583173644316672,,,8.24583E+17,8.24217E+17
contestadventur,salman,Mentions,26/01/2017 11:42,"Join in
@thexoxoday
@RNATARAJAN71
@faijjuu
@Lmkmoviemaniac
@LegendsOffl
@SALMAN
@LoveEach
@rhemanand
@hari_vel
@mdjaseer",,,,26/01/2017 11:42,https://twitter.com/#!/contestadventur/status/824583173644316672,,,8.24583E+17,8.24217E+17
contestadventur,legendsoffl,Mentions,26/01/2017 11:42,"Join in
@thexoxoday
@RNATARAJAN71
@faijjuu
@Lmkmoviemaniac
@LegendsOffl
@SALMAN
@LoveEach
@rhemanand
@hari_vel
@mdjaseer",,,,26/01/2017 11:42,https://twitter.com/#!/contestadventur/status/824583173644316672,,,8.24583E+17,8.24217E+17
contestadventur,lmkmoviemaniac,Mentions,26/01/2017 11:42,"Join in
@thexoxoday
@RNATARAJAN71
@faijjuu
@Lmkmoviemaniac
@LegendsOffl
@SALMAN
@LoveEach
@rhemanand
@hari_vel
@mdjaseer",,,,26/01/2017 11:42,https://twitter.com/#!/contestadventur/status/824583173644316672,,,8.24583E+17,8.24217E+17
contestadventur,faijjuu,Mentions,26/01/2017 11:42,"Join in
@thexoxoday
@RNATARAJAN71
@faijjuu
@Lmkmoviemaniac
@LegendsOffl
@SALMAN
@LoveEach
@rhemanand
@hari_vel
@mdjaseer",,,,26/01/2017 11:42,https://twitter.com/#!/contestadventur/status/824583173644316672,,,8.24583E+17,8.24217E+17
contestadventur,rnatarajan71,Mentions,26/01/2017 11:42,"Join in
@thexoxoday
@RNATARAJAN71
@faijjuu
@Lmkmoviemaniac
@LegendsOffl
@SALMAN
@LoveEach
@rhemanand
@hari_vel
@mdjaseer",,,,26/01/2017 11:42,https://twitter.com/#!/contestadventur/status/824583173644316672,,,8.24583E+17,8.24217E+17
contestadventur,mohsinsrkfan,Mentions,26/01/2017 11:42,"Join in
@thexoxoday
@geraldjonathan6
@iSabingmr
@RahulSi59320142
@thivan1987
@BeingLegend_97
@HashmiRizwan
@iamthilshath
@MohsinSRKFan",,,,26/01/2017 11:42,https://twitter.com/#!/contestadventur/status/824583230305161216,,,8.24583E+17,8.24217E+17
contestadventur,iamthilshath,Mentions,26/01/2017 11:42,"Join in
@thexoxoday
@geraldjonathan6
@iSabingmr
@RahulSi59320142
@thivan1987
@BeingLegend_97
@HashmiRizwan
@iamthilshath
@MohsinSRKFan",,,,26/01/2017 11:42,https://twitter.com/#!/contestadventur/status/824583230305161216,,,8.24583E+17,8.24217E+17
contestadventur,hashmirizwan,Mentions,26/01/2017 11:42,"Join in
@thexoxoday
@geraldjonathan6
@iSabingmr
@RahulSi59320142
@thivan1987
@BeingLegend_97
@HashmiRizwan
@iamthilshath
@MohsinSRKFan",,,,26/01/2017 11:42,https://twitter.com/#!/contestadventur/status/824583230305161216,,,8.24583E+17,8.24217E+17
contestadventur,beinglegend_97,Mentions,26/01/2017 11:42,"Join in
@thexoxoday
@geraldjonathan6
@iSabingmr
@RahulSi59320142
@thivan1987
@BeingLegend_97
@HashmiRizwan
@iamthilshath
@MohsinSRKFan",,,,26/01/2017 11:42,https://twitter.com/#!/contestadventur/status/824583230305161216,,,8.24583E+17,8.24217E+17
contestadventur,thivan1987,Mentions,26/01/2017 11:42,"Join in
@thexoxoday
@geraldjonathan6
@iSabingmr
@RahulSi59320142
@thivan1987
@BeingLegend_97
@HashmiRizwan
@iamthilshath
@MohsinSRKFan",,,,26/01/2017 11:42,https://twitter.com/#!/contestadventur/status/824583230305161216,,,8.24583E+17,8.24217E+17
contestadventur,rahulsi59320142,Mentions,26/01/2017 11:42,"Join in
@thexoxoday
@geraldjonathan6
@iSabingmr
@RahulSi59320142
@thivan1987
@BeingLegend_97
@HashmiRizwan
@iamthilshath
@MohsinSRKFan",,,,26/01/2017 11:42,https://twitter.com/#!/contestadventur/status/824583230305161216,,,8.24583E+17,8.24217E+17
contestadventur,isabingmr,Mentions,26/01/2017 11:42,"Join in
@thexoxoday
@geraldjonathan6
@iSabingmr
@RahulSi59320142
@thivan1987
@BeingLegend_97
@HashmiRizwan
@iamthilshath
@MohsinSRKFan",,,,26/01/2017 11:42,https://twitter.com/#!/contestadventur/status/824583230305161216,,,8.24583E+17,8.24217E+17
contestadventur,geraldjonathan6,Mentions,26/01/2017 11:42,"Join in
@thexoxoday
@geraldjonathan6
@iSabingmr
@RahulSi59320142
@thivan1987
@BeingLegend_97
@HashmiRizwan
@iamthilshath
@MohsinSRKFan",,,,26/01/2017 11:42,https://twitter.com/#!/contestadventur/status/824583230305161216,,,8.24583E+17,8.24217E+17
contestadventur,vigneshtp,Mentions,26/01/2017 11:42,"Join in
@thexoxoday
@Kolly_Spy
@mariyan_arun
@KiTajwer
@lusupaiyan7777
@azhar123ali
@pandaramvijayn1
@vk030190
@c_v_srt
@vigneshtp",,,,26/01/2017 11:42,https://twitter.com/#!/contestadventur/status/824583321443119104,,,8.24583E+17,8.24217E+17
contestadventur,vk030190,Mentions,26/01/2017 11:42,"Join in
@thexoxoday
@Kolly_Spy
@mariyan_arun
@KiTajwer
@lusupaiyan7777
@azhar123ali
@pandaramvijayn1
@vk030190
@c_v_srt
@vigneshtp",,,,26/01/2017 11:42,https://twitter.com/#!/contestadventur/status/824583321443119104,,,8.24583E+17,8.24217E+17
contestadventur,pandaramvijayn1,Mentions,26/01/2017 11:42,"Join in
@thexoxoday
@Kolly_Spy
@mariyan_arun
@KiTajwer
@lusupaiyan7777
@azhar123ali
@pandaramvijayn1
@vk030190
@c_v_srt
@vigneshtp",,,,26/01/2017 11:42,https://twitter.com/#!/contestadventur/status/824583321443119104,,,8.24583E+17,8.24217E+17
contestadventur,azhar123ali,Mentions,26/01/2017 11:42,"Join in
@thexoxoday
@Kolly_Spy
@mariyan_arun
@KiTajwer
@lusupaiyan7777
@azhar123ali
@pandaramvijayn1
@vk030190
@c_v_srt
@vigneshtp",,,,26/01/2017 11:42,https://twitter.com/#!/contestadventur/status/824583321443119104,,,8.24583E+17,8.24217E+17
contestadventur,lusupaiyan7777,Mentions,26/01/2017 11:42,"Join in
@thexoxoday
@Kolly_Spy
@mariyan_arun
@KiTajwer
@lusupaiyan7777
@azhar123ali
@pandaramvijayn1
@vk030190
@c_v_srt
@vigneshtp",,,,26/01/2017 11:42,https://twitter.com/#!/contestadventur/status/824583321443119104,,,8.24583E+17,8.24217E+17
contestadventur,kitajwer,Mentions,26/01/2017 11:42,"Join in
@thexoxoday
@Kolly_Spy
@mariyan_arun
@KiTajwer
@lusupaiyan7777
@azhar123ali
@pandaramvijayn1
@vk030190
@c_v_srt
@vigneshtp",,,,26/01/2017 11:42,https://twitter.com/#!/contestadventur/status/824583321443119104,,,8.24583E+17,8.24217E+17
contestadventur,mariyan_arun,Mentions,26/01/2017 11:42,"Join in
@thexoxoday
@Kolly_Spy
@mariyan_arun
@KiTajwer
@lusupaiyan7777
@azhar123ali
@pandaramvijayn1
@vk030190
@c_v_srt
@vigneshtp",,,,26/01/2017 11:42,https://twitter.com/#!/contestadventur/status/824583321443119104,,,8.24583E+17,8.24217E+17
contestadventur,kolly_spy,Mentions,26/01/2017 11:42,"Join in
@thexoxoday
@Kolly_Spy
@mariyan_arun
@KiTajwer
@lusupaiyan7777
@azhar123ali
@pandaramvijayn1
@vk030190
@c_v_srt
@vigneshtp",,,,26/01/2017 11:42,https://twitter.com/#!/contestadventur/status/824583321443119104,,,8.24583E+17,8.24217E+17
contestadventur,khadija_aftab12,Mentions,26/01/2017 11:43,"Join in
@thexoxoday
@Rajesh_cas
@pravinyogesh93
@SaSha_Uno
@AlterEgoVividua
@rajini_f_c
@MSaran25
@mhushain
@sukanyaarun
@Khadija_Aftab12",,,,26/01/2017 11:43,https://twitter.com/#!/contestadventur/status/824583428951543809,,,8.24583E+17,8.24217E+17
contestadventur,sukanyaarun,Mentions,26/01/2017 11:43,"Join in
@thexoxoday
@Rajesh_cas
@pravinyogesh93
@SaSha_Uno
@AlterEgoVividua
@rajini_f_c
@MSaran25
@mhushain
@sukanyaarun
@Khadija_Aftab12",,,,26/01/2017 11:43,https://twitter.com/#!/contestadventur/status/824583428951543809,,,8.24583E+17,8.24217E+17
contestadventur,mhushain,Mentions,26/01/2017 11:43,"Join in
@thexoxoday
@Rajesh_cas
@pravinyogesh93
@SaSha_Uno
@AlterEgoVividua
@rajini_f_c
@MSaran25
@mhushain
@sukanyaarun
@Khadija_Aftab12",,,,26/01/2017 11:43,https://twitter.com/#!/contestadventur/status/824583428951543809,,,8.24583E+17,8.24217E+17
contestadventur,msaran25,Mentions,26/01/2017 11:43,"Join in
@thexoxoday
@Rajesh_cas
@pravinyogesh93
@SaSha_Uno
@AlterEgoVividua
@rajini_f_c
@MSaran25
@mhushain
@sukanyaarun
@Khadija_Aftab12",,,,26/01/2017 11:43,https://twitter.com/#!/contestadventur/status/824583428951543809,,,8.24583E+17,8.24217E+17
contestadventur,rajini_f_c,Mentions,26/01/2017 11:43,"Join in
@thexoxoday
@Rajesh_cas
@pravinyogesh93
@SaSha_Uno
@AlterEgoVividua
@rajini_f_c
@MSaran25
@mhushain
@sukanyaarun
@Khadija_Aftab12",,,,26/01/2017 11:43,https://twitter.com/#!/contestadventur/status/824583428951543809,,,8.24583E+17,8.24217E+17
contestadventur,alteregovividua,Mentions,26/01/2017 11:43,"Join in
@thexoxoday
@Rajesh_cas
@pravinyogesh93
@SaSha_Uno
@AlterEgoVividua
@rajini_f_c
@MSaran25
@mhushain
@sukanyaarun
@Khadija_Aftab12",,,,26/01/2017 11:43,https://twitter.com/#!/contestadventur/status/824583428951543809,,,8.24583E+17,8.24217E+17
contestadventur,sasha_uno,Mentions,26/01/2017 11:43,"Join in
@thexoxoday
@Rajesh_cas
@pravinyogesh93
@SaSha_Uno
@AlterEgoVividua
@rajini_f_c
@MSaran25
@mhushain
@sukanyaarun
@Khadija_Aftab12",,,,26/01/2017 11:43,https://twitter.com/#!/contestadventur/status/824583428951543809,,,8.24583E+17,8.24217E+17
contestadventur,pravinyogesh93,Mentions,26/01/2017 11:43,"Join in
@thexoxoday
@Rajesh_cas
@pravinyogesh93
@SaSha_Uno
@AlterEgoVividua
@rajini_f_c
@MSaran25
@mhushain
@sukanyaarun
@Khadija_Aftab12",,,,26/01/2017 11:43,https://twitter.com/#!/contestadventur/status/824583428951543809,,,8.24583E+17,8.24217E+17
contestadventur,rajesh_cas,Mentions,26/01/2017 11:43,"Join in
@thexoxoday
@Rajesh_cas
@pravinyogesh93
@SaSha_Uno
@AlterEgoVividua
@rajini_f_c
@MSaran25
@mhushain
@sukanyaarun
@Khadija_Aftab12",,,,26/01/2017 11:43,https://twitter.com/#!/contestadventur/status/824583428951543809,,,8.24583E+17,8.24217E+17
contestadventur,being_pratiks,Mentions,26/01/2017 11:43,"Join in
@thexoxoday
@SSALMANSANDHU
@BhaskarCVF
@gowrko23
@sabarish13b
@Manjeshkumar_93
@being_sahin
@pride_salman
@Being_pratiks",,,,26/01/2017 11:43,https://twitter.com/#!/contestadventur/status/824583489131409408,,,8.24583E+17,8.24217E+17
contestadventur,being_sahin,Mentions,26/01/2017 11:43,"Join in
@thexoxoday
@SSALMANSANDHU
@BhaskarCVF
@gowrko23
@sabarish13b
@Manjeshkumar_93
@being_sahin
@pride_salman
@Being_pratiks",,,,26/01/2017 11:43,https://twitter.com/#!/contestadventur/status/824583489131409408,,,8.24583E+17,8.24217E+17
contestadventur,manjeshkumar_93,Mentions,26/01/2017 11:43,"Join in
@thexoxoday
@SSALMANSANDHU
@BhaskarCVF
@gowrko23
@sabarish13b
@Manjeshkumar_93
@being_sahin
@pride_salman
@Being_pratiks",,,,26/01/2017 11:43,https://twitter.com/#!/contestadventur/status/824583489131409408,,,8.24583E+17,8.24217E+17
contestadventur,sabarish13b,Mentions,26/01/2017 11:43,"Join in
@thexoxoday
@SSALMANSANDHU
@BhaskarCVF
@gowrko23
@sabarish13b
@Manjeshkumar_93
@being_sahin
@pride_salman
@Being_pratiks",,,,26/01/2017 11:43,https://twitter.com/#!/contestadventur/status/824583489131409408,,,8.24583E+17,8.24217E+17
contestadventur,gowrko23,Mentions,26/01/2017 11:43,"Join in
@thexoxoday
@SSALMANSANDHU
@BhaskarCVF
@gowrko23
@sabarish13b
@Manjeshkumar_93
@being_sahin
@pride_salman
@Being_pratiks",,,,26/01/2017 11:43,https://twitter.com/#!/contestadventur/status/824583489131409408,,,8.24583E+17,8.24217E+17
contestadventur,bhaskarcvf,Mentions,26/01/2017 11:43,"Join in
@thexoxoday
@SSALMANSANDHU
@BhaskarCVF
@gowrko23
@sabarish13b
@Manjeshkumar_93
@being_sahin
@pride_salman
@Being_pratiks",,,,26/01/2017 11:43,https://twitter.com/#!/contestadventur/status/824583489131409408,,,8.24583E+17,8.24217E+17
contestadventur,ssalmansandhu,Mentions,26/01/2017 11:43,"Join in
@thexoxoday
@SSALMANSANDHU
@BhaskarCVF
@gowrko23
@sabarish13b
@Manjeshkumar_93
@being_sahin
@pride_salman
@Being_pratiks",,,,26/01/2017 11:43,https://twitter.com/#!/contestadventur/status/824583489131409408,,,8.24583E+17,8.24217E+17
contestadventur,changesociety20,Mentions,26/01/2017 11:43,"Join in
@thexoxoday
@_iWaLk_Alone
@Bohungama
@arvind_vish
@RajDraj2000
@bedothesmart1
@naveenrajini
@mustafasya8992
@changesociety20",,,,26/01/2017 11:43,https://twitter.com/#!/contestadventur/status/824583597193515008,,,8.24584E+17,8.24217E+17
contestadventur,mustafasya8992,Mentions,26/01/2017 11:43,"Join in
@thexoxoday
@_iWaLk_Alone
@Bohungama
@arvind_vish
@RajDraj2000
@bedothesmart1
@naveenrajini
@mustafasya8992
@changesociety20",,,,26/01/2017 11:43,https://twitter.com/#!/contestadventur/status/824583597193515008,,,8.24584E+17,8.24217E+17
contestadventur,naveenrajini,Mentions,26/01/2017 11:43,"Join in
@thexoxoday
@_iWaLk_Alone
@Bohungama
@arvind_vish
@RajDraj2000
@bedothesmart1
@naveenrajini
@mustafasya8992
@changesociety20",,,,26/01/2017 11:43,https://twitter.com/#!/contestadventur/status/824583597193515008,,,8.24584E+17,8.24217E+17
contestadventur,bedothesmart1,Mentions,26/01/2017 11:43,"Join in
@thexoxoday
@_iWaLk_Alone
@Bohungama
@arvind_vish
@RajDraj2000
@bedothesmart1
@naveenrajini
@mustafasya8992
@changesociety20",,,,26/01/2017 11:43,https://twitter.com/#!/contestadventur/status/824583597193515008,,,8.24584E+17,8.24217E+17
contestadventur,rajdraj2000,Mentions,26/01/2017 11:43,"Join in
@thexoxoday
@_iWaLk_Alone
@Bohungama
@arvind_vish
@RajDraj2000
@bedothesmart1
@naveenrajini
@mustafasya8992
@changesociety20",,,,26/01/2017 11:43,https://twitter.com/#!/contestadventur/status/824583597193515008,,,8.24584E+17,8.24217E+17
contestadventur,arvind_vish,Mentions,26/01/2017 11:43,"Join in
@thexoxoday
@_iWaLk_Alone
@Bohungama
@arvind_vish
@RajDraj2000
@bedothesmart1
@naveenrajini
@mustafasya8992
@changesociety20",,,,26/01/2017 11:43,https://twitter.com/#!/contestadventur/status/824583597193515008,,,8.24584E+17,8.24217E+17
contestadventur,bohungama,Mentions,26/01/2017 11:43,"Join in
@thexoxoday
@_iWaLk_Alone
@Bohungama
@arvind_vish
@RajDraj2000
@bedothesmart1
@naveenrajini
@mustafasya8992
@changesociety20",,,,26/01/2017 11:43,https://twitter.com/#!/contestadventur/status/824583597193515008,,,8.24584E+17,8.24217E+17
contestadventur,_iwalk_alone,Mentions,26/01/2017 11:43,"Join in
@thexoxoday
@_iWaLk_Alone
@Bohungama
@arvind_vish
@RajDraj2000
@bedothesmart1
@naveenrajini
@mustafasya8992
@changesociety20",,,,26/01/2017 11:43,https://twitter.com/#!/contestadventur/status/824583597193515008,,,8.24584E+17,8.24217E+17
contestadventur,nssakia,Mentions,26/01/2017 11:43,"Join in
@thexoxoday
@wasidkh
@beingmonir
@SanaAfsal
@Dil_Me_Salman
@Being_Ganesh27
@Har_kor
@mohmand_seema
@yusufsmart11152
@Afcdm
@nssakia",,,,26/01/2017 11:43,https://twitter.com/#!/contestadventur/status/824583658484834304,,,8.24584E+17,8.24217E+17
contestadventur,afcdm,Mentions,26/01/2017 11:43,"Join in
@thexoxoday
@wasidkh
@beingmonir
@SanaAfsal
@Dil_Me_Salman
@Being_Ganesh27
@Har_kor
@mohmand_seema
@yusufsmart11152
@Afcdm
@nssakia",,,,26/01/2017 11:43,https://twitter.com/#!/contestadventur/status/824583658484834304,,,8.24584E+17,8.24217E+17
contestadventur,yusufsmart11152,Mentions,26/01/2017 11:43,"Join in
@thexoxoday
@wasidkh
@beingmonir
@SanaAfsal
@Dil_Me_Salman
@Being_Ganesh27
@Har_kor
@mohmand_seema
@yusufsmart11152
@Afcdm
@nssakia",,,,26/01/2017 11:43,https://twitter.com/#!/contestadventur/status/824583658484834304,,,8.24584E+17,8.24217E+17
contestadventur,mohmand_seema,Mentions,26/01/2017 11:43,"Join in
@thexoxoday
@wasidkh
@beingmonir
@SanaAfsal
@Dil_Me_Salman
@Being_Ganesh27
@Har_kor
@mohmand_seema
@yusufsmart11152
@Afcdm
@nssakia",,,,26/01/2017 11:43,https://twitter.com/#!/contestadventur/status/824583658484834304,,,8.24584E+17,8.24217E+17
contestadventur,har_kor,Mentions,26/01/2017 11:43,"Join in
@thexoxoday
@wasidkh
@beingmonir
@SanaAfsal
@Dil_Me_Salman
@Being_Ganesh27
@Har_kor
@mohmand_seema
@yusufsmart11152
@Afcdm
@nssakia",,,,26/01/2017 11:43,https://twitter.com/#!/contestadventur/status/824583658484834304,,,8.24584E+17,8.24217E+17
contestadventur,being_ganesh27,Mentions,26/01/2017 11:43,"Join in
@thexoxoday
@wasidkh
@beingmonir
@SanaAfsal
@Dil_Me_Salman
@Being_Ganesh27
@Har_kor
@mohmand_seema
@yusufsmart11152
@Afcdm
@nssakia",,,,26/01/2017 11:43,https://twitter.com/#!/contestadventur/status/824583658484834304,,,8.24584E+17,8.24217E+17
contestadventur,dil_me_salman,Mentions,26/01/2017 11:43,"Join in
@thexoxoday
@wasidkh
@beingmonir
@SanaAfsal
@Dil_Me_Salman
@Being_Ganesh27
@Har_kor
@mohmand_seema
@yusufsmart11152
@Afcdm
@nssakia",,,,26/01/2017 11:43,https://twitter.com/#!/contestadventur/status/824583658484834304,,,8.24584E+17,8.24217E+17
contestadventur,sanaafsal,Mentions,26/01/2017 11:43,"Join in
@thexoxoday
@wasidkh
@beingmonir
@SanaAfsal
@Dil_Me_Salman
@Being_Ganesh27
@Har_kor
@mohmand_seema
@yusufsmart11152
@Afcdm
@nssakia",,,,26/01/2017 11:43,https://twitter.com/#!/contestadventur/status/824583658484834304,,,8.24584E+17,8.24217E+17
contestadventur,beingmonir,Mentions,26/01/2017 11:43,"Join in
@thexoxoday
@wasidkh
@beingmonir
@SanaAfsal
@Dil_Me_Salman
@Being_Ganesh27
@Har_kor
@mohmand_seema
@yusufsmart11152
@Afcdm
@nssakia",,,,26/01/2017 11:43,https://twitter.com/#!/contestadventur/status/824583658484834304,,,8.24584E+17,8.24217E+17
contestadventur,wasidkh,Mentions,26/01/2017 11:43,"Join in
@thexoxoday
@wasidkh
@beingmonir
@SanaAfsal
@Dil_Me_Salman
@Being_Ganesh27
@Har_kor
@mohmand_seema
@yusufsmart11152
@Afcdm
@nssakia",,,,26/01/2017 11:43,https://twitter.com/#!/contestadventur/status/824583658484834304,,,8.24584E+17,8.24217E+17
contestadventur,arif_007a,Mentions,26/01/2017 11:44,"Join in
@thexoxoday
@RajinismForever
@Sanak1933
@Suresh_blue16
@julienyc12
@RahmaniAaquib
@awsmevicki1
@BeingAman93
@Neyandar
@arif_007a",,,,26/01/2017 11:44,https://twitter.com/#!/contestadventur/status/824583742047916034,,,8.24584E+17,8.24217E+17
contestadventur,neyandar,Mentions,26/01/2017 11:44,"Join in
@thexoxoday
@RajinismForever
@Sanak1933
@Suresh_blue16
@julienyc12
@RahmaniAaquib
@awsmevicki1
@BeingAman93
@Neyandar
@arif_007a",,,,26/01/2017 11:44,https://twitter.com/#!/contestadventur/status/824583742047916034,,,8.24584E+17,8.24217E+17
contestadventur,awsmevicki1,Mentions,26/01/2017 11:44,"Join in
@thexoxoday
@RajinismForever
@Sanak1933
@Suresh_blue16
@julienyc12
@RahmaniAaquib
@awsmevicki1
@BeingAman93
@Neyandar
@arif_007a",,,,26/01/2017 11:44,https://twitter.com/#!/contestadventur/status/824583742047916034,,,8.24584E+17,8.24217E+17
contestadventur,rahmaniaaquib,Mentions,26/01/2017 11:44,"Join in
@thexoxoday
@RajinismForever
@Sanak1933
@Suresh_blue16
@julienyc12
@RahmaniAaquib
@awsmevicki1
@BeingAman93
@Neyandar
@arif_007a",,,,26/01/2017 11:44,https://twitter.com/#!/contestadventur/status/824583742047916034,,,8.24584E+17,8.24217E+17
contestadventur,julienyc12,Mentions,26/01/2017 11:44,"Join in
@thexoxoday
@RajinismForever
@Sanak1933
@Suresh_blue16
@julienyc12
@RahmaniAaquib
@awsmevicki1
@BeingAman93
@Neyandar
@arif_007a",,,,26/01/2017 11:44,https://twitter.com/#!/contestadventur/status/824583742047916034,,,8.24584E+17,8.24217E+17
contestadventur,suresh_blue16,Mentions,26/01/2017 11:44,"Join in
@thexoxoday
@RajinismForever
@Sanak1933
@Suresh_blue16
@julienyc12
@RahmaniAaquib
@awsmevicki1
@BeingAman93
@Neyandar
@arif_007a",,,,26/01/2017 11:44,https://twitter.com/#!/contestadventur/status/824583742047916034,,,8.24584E+17,8.24217E+17
contestadventur,sanak1933,Mentions,26/01/2017 11:44,"Join in
@thexoxoday
@RajinismForever
@Sanak1933
@Suresh_blue16
@julienyc12
@RahmaniAaquib
@awsmevicki1
@BeingAman93
@Neyandar
@arif_007a",,,,26/01/2017 11:44,https://twitter.com/#!/contestadventur/status/824583742047916034,,,8.24584E+17,8.24217E+17
contestadventur,kavina21,Mentions,26/01/2017 11:44,"Join in
@thexoxoday
@Maheshianx
@PRINCE_RAMESH1
@UpendraDHFM
@SSubbramanis
@Javed00199
@Abhishekgurjar3
@DaringBazzz
@kavina21",,,,26/01/2017 11:44,https://twitter.com/#!/contestadventur/status/824583900278169600,,,8.24584E+17,8.24217E+17
contestadventur,daringbazzz,Mentions,26/01/2017 11:44,"Join in
@thexoxoday
@Maheshianx
@PRINCE_RAMESH1
@UpendraDHFM
@SSubbramanis
@Javed00199
@Abhishekgurjar3
@DaringBazzz
@kavina21",,,,26/01/2017 11:44,https://twitter.com/#!/contestadventur/status/824583900278169600,,,8.24584E+17,8.24217E+17
contestadventur,abhishekgurjar3,Mentions,26/01/2017 11:44,"Join in
@thexoxoday
@Maheshianx
@PRINCE_RAMESH1
@UpendraDHFM
@SSubbramanis
@Javed00199
@Abhishekgurjar3
@DaringBazzz
@kavina21",,,,26/01/2017 11:44,https://twitter.com/#!/contestadventur/status/824583900278169600,,,8.24584E+17,8.24217E+17
contestadventur,javed00199,Mentions,26/01/2017 11:44,"Join in
@thexoxoday
@Maheshianx
@PRINCE_RAMESH1
@UpendraDHFM
@SSubbramanis
@Javed00199
@Abhishekgurjar3
@DaringBazzz
@kavina21",,,,26/01/2017 11:44,https://twitter.com/#!/contestadventur/status/824583900278169600,,,8.24584E+17,8.24217E+17
contestadventur,ssubbramanis,Mentions,26/01/2017 11:44,"Join in
@thexoxoday
@Maheshianx
@PRINCE_RAMESH1
@UpendraDHFM
@SSubbramanis
@Javed00199
@Abhishekgurjar3
@DaringBazzz
@kavina21",,,,26/01/2017 11:44,https://twitter.com/#!/contestadventur/status/824583900278169600,,,8.24584E+17,8.24217E+17
contestadventur,upendradhfm,Mentions,26/01/2017 11:44,"Join in
@thexoxoday
@Maheshianx
@PRINCE_RAMESH1
@UpendraDHFM
@SSubbramanis
@Javed00199
@Abhishekgurjar3
@DaringBazzz
@kavina21",,,,26/01/2017 11:44,https://twitter.com/#!/contestadventur/status/824583900278169600,,,8.24584E+17,8.24217E+17
contestadventur,prince_ramesh1,Mentions,26/01/2017 11:44,"Join in
@thexoxoday
@Maheshianx
@PRINCE_RAMESH1
@UpendraDHFM
@SSubbramanis
@Javed00199
@Abhishekgurjar3
@DaringBazzz
@kavina21",,,,26/01/2017 11:44,https://twitter.com/#!/contestadventur/status/824583900278169600,,,8.24584E+17,8.24217E+17
contestadventur,maheshianx,Mentions,26/01/2017 11:44,"Join in
@thexoxoday
@Maheshianx
@PRINCE_RAMESH1
@UpendraDHFM
@SSubbramanis
@Javed00199
@Abhishekgurjar3
@DaringBazzz
@kavina21",,,,26/01/2017 11:44,https://twitter.com/#!/contestadventur/status/824583900278169600,,,8.24584E+17,8.24217E+17
contestadventur,teja85874816,Mentions,26/01/2017 11:45,"Join in
@thexoxoday
@Amarprakash2
@beingsandilya
@BeplobAhmed
@tuladhar10
@adhithyagokul
@Bala200722
@parani2002
@Teja85874816",,,,26/01/2017 11:45,https://twitter.com/#!/contestadventur/status/824584007056646144,,,8.24584E+17,8.24217E+17
contestadventur,parani2002,Mentions,26/01/2017 11:45,"Join in
@thexoxoday
@Amarprakash2
@beingsandilya
@BeplobAhmed
@tuladhar10
@adhithyagokul
@Bala200722
@parani2002
@Teja85874816",,,,26/01/2017 11:45,https://twitter.com/#!/contestadventur/status/824584007056646144,,,8.24584E+17,8.24217E+17
contestadventur,bala200722,Mentions,26/01/2017 11:45,"Join in
@thexoxoday
@Amarprakash2
@beingsandilya
@BeplobAhmed
@tuladhar10
@adhithyagokul
@Bala200722
@parani2002
@Teja85874816",,,,26/01/2017 11:45,https://twitter.com/#!/contestadventur/status/824584007056646144,,,8.24584E+17,8.24217E+17
contestadventur,adhithyagokul,Mentions,26/01/2017 11:45,"Join in
@thexoxoday
@Amarprakash2
@beingsandilya
@BeplobAhmed
@tuladhar10
@adhithyagokul
@Bala200722
@parani2002
@Teja85874816",,,,26/01/2017 11:45,https://twitter.com/#!/contestadventur/status/824584007056646144,,,8.24584E+17,8.24217E+17
contestadventur,tuladhar10,Mentions,26/01/2017 11:45,"Join in
@thexoxoday
@Amarprakash2
@beingsandilya
@BeplobAhmed
@tuladhar10
@adhithyagokul
@Bala200722
@parani2002
@Teja85874816",,,,26/01/2017 11:45,https://twitter.com/#!/contestadventur/status/824584007056646144,,,8.24584E+17,8.24217E+17
contestadventur,beplobahmed,Mentions,26/01/2017 11:45,"Join in
@thexoxoday
@Amarprakash2
@beingsandilya
@BeplobAhmed
@tuladhar10
@adhithyagokul
@Bala200722
@parani2002
@Teja85874816",,,,26/01/2017 11:45,https://twitter.com/#!/contestadventur/status/824584007056646144,,,8.24584E+17,8.24217E+17
contestadventur,beingsandilya,Mentions,26/01/2017 11:45,"Join in
@thexoxoday
@Amarprakash2
@beingsandilya
@BeplobAhmed
@tuladhar10
@adhithyagokul
@Bala200722
@parani2002
@Teja85874816",,,,26/01/2017 11:45,https://twitter.com/#!/contestadventur/status/824584007056646144,,,8.24584E+17,8.24217E+17
contestadventur,amarprakash2,Mentions,26/01/2017 11:45,"Join in
@thexoxoday
@Amarprakash2
@beingsandilya
@BeplobAhmed
@tuladhar10
@adhithyagokul
@Bala200722
@parani2002
@Teja85874816",,,,26/01/2017 11:45,https://twitter.com/#!/contestadventur/status/824584007056646144,,,8.24584E+17,8.24217E+17
contestadventur,mdriyaz297,Mentions,26/01/2017 11:45,"Join in
@thexoxoday
@SultanKiAngel
@SGowrisankar3
@MMaranmani10
@vIjaymannai
@praveenrorj
@Revanthpspk
@Ganejanu
@naingtunlin188
@mdriyaz297",,,,26/01/2017 11:45,https://twitter.com/#!/contestadventur/status/824584086731706370,,,8.24584E+17,8.24217E+17
contestadventur,naingtunlin188,Mentions,26/01/2017 11:45,"Join in
@thexoxoday
@SultanKiAngel
@SGowrisankar3
@MMaranmani10
@vIjaymannai
@praveenrorj
@Revanthpspk
@Ganejanu
@naingtunlin188
@mdriyaz297",,,,26/01/2017 11:45,https://twitter.com/#!/contestadventur/status/824584086731706370,,,8.24584E+17,8.24217E+17
contestadventur,ganejanu,Mentions,26/01/2017 11:45,"Join in
@thexoxoday
@SultanKiAngel
@SGowrisankar3
@MMaranmani10
@vIjaymannai
@praveenrorj
@Revanthpspk
@Ganejanu
@naingtunlin188
@mdriyaz297",,,,26/01/2017 11:45,https://twitter.com/#!/contestadventur/status/824584086731706370,,,8.24584E+17,8.24217E+17
contestadventur,revanthpspk,Mentions,26/01/2017 11:45,"Join in
@thexoxoday
@SultanKiAngel
@SGowrisankar3
@MMaranmani10
@vIjaymannai
@praveenrorj
@Revanthpspk
@Ganejanu
@naingtunlin188
@mdriyaz297",,,,26/01/2017 11:45,https://twitter.com/#!/contestadventur/status/824584086731706370,,,8.24584E+17,8.24217E+17
contestadventur,praveenrorj,Mentions,26/01/2017 11:45,"Join in
@thexoxoday
@SultanKiAngel
@SGowrisankar3
@MMaranmani10
@vIjaymannai
@praveenrorj
@Revanthpspk
@Ganejanu
@naingtunlin188
@mdriyaz297",,,,26/01/2017 11:45,https://twitter.com/#!/contestadventur/status/824584086731706370,,,8.24584E+17,8.24217E+17
contestadventur,vijaymannai,Mentions,26/01/2017 11:45,"Join in
@thexoxoday
@SultanKiAngel
@SGowrisankar3
@MMaranmani10
@vIjaymannai
@praveenrorj
@Revanthpspk
@Ganejanu
@naingtunlin188
@mdriyaz297",,,,26/01/2017 11:45,https://twitter.com/#!/contestadventur/status/824584086731706370,,,8.24584E+17,8.24217E+17
contestadventur,mmaranmani10,Mentions,26/01/2017 11:45,"Join in
@thexoxoday
@SultanKiAngel
@SGowrisankar3
@MMaranmani10
@vIjaymannai
@praveenrorj
@Revanthpspk
@Ganejanu
@naingtunlin188
@mdriyaz297",,,,26/01/2017 11:45,https://twitter.com/#!/contestadventur/status/824584086731706370,,,8.24584E+17,8.24217E+17
contestadventur,sgowrisankar3,Mentions,26/01/2017 11:45,"Join in
@thexoxoday
@SultanKiAngel
@SGowrisankar3
@MMaranmani10
@vIjaymannai
@praveenrorj
@Revanthpspk
@Ganejanu
@naingtunlin188
@mdriyaz297",,,,26/01/2017 11:45,https://twitter.com/#!/contestadventur/status/824584086731706370,,,8.24584E+17,8.24217E+17
contestadventur,sultankiangel,Mentions,26/01/2017 11:45,"Join in
@thexoxoday
@SultanKiAngel
@SGowrisankar3
@MMaranmani10
@vIjaymannai
@praveenrorj
@Revanthpspk
@Ganejanu
@naingtunlin188
@mdriyaz297",,,,26/01/2017 11:45,https://twitter.com/#!/contestadventur/status/824584086731706370,,,8.24584E+17,8.24217E+17
contestadventur,yogeshkwaran,Mentions,26/01/2017 11:48,"Join in
@thexoxoday
@sandy_094
@MemePhobhia
@KaruppiahRaja
@udhaykumar_G
@Saranya_Vasagan
@jathu89
@Rajni_FC
@vimal_vimal23
@YogeshKwaran",,,,26/01/2017 11:48,https://twitter.com/#!/contestadventur/status/824584898325291009,,,8.24585E+17,8.24217E+17
contestadventur,vimal_vimal23,Mentions,26/01/2017 11:48,"Join in
@thexoxoday
@sandy_094
@MemePhobhia
@KaruppiahRaja
@udhaykumar_G
@Saranya_Vasagan
@jathu89
@Rajni_FC
@vimal_vimal23
@YogeshKwaran",,,,26/01/2017 11:48,https://twitter.com/#!/contestadventur/status/824584898325291009,,,8.24585E+17,8.24217E+17
contestadventur,rajni_fc,Mentions,26/01/2017 11:48,"Join in
@thexoxoday
@sandy_094
@MemePhobhia
@KaruppiahRaja
@udhaykumar_G
@Saranya_Vasagan
@jathu89
@Rajni_FC
@vimal_vimal23
@YogeshKwaran",,,,26/01/2017 11:48,https://twitter.com/#!/contestadventur/status/824584898325291009,,,8.24585E+17,8.24217E+17
contestadventur,jathu89,Mentions,26/01/2017 11:48,"Join in
@thexoxoday
@sandy_094
@MemePhobhia
@KaruppiahRaja
@udhaykumar_G
@Saranya_Vasagan
@jathu89
@Rajni_FC
@vimal_vimal23
@YogeshKwaran",,,,26/01/2017 11:48,https://twitter.com/#!/contestadventur/status/824584898325291009,,,8.24585E+17,8.24217E+17
contestadventur,saranya_vasagan,Mentions,26/01/2017 11:48,"Join in
@thexoxoday
@sandy_094
@MemePhobhia
@KaruppiahRaja
@udhaykumar_G
@Saranya_Vasagan
@jathu89
@Rajni_FC
@vimal_vimal23
@YogeshKwaran",,,,26/01/2017 11:48,https://twitter.com/#!/contestadventur/status/824584898325291009,,,8.24585E+17,8.24217E+17
contestadventur,udhaykumar_g,Mentions,26/01/2017 11:48,"Join in
@thexoxoday
@sandy_094
@MemePhobhia
@KaruppiahRaja
@udhaykumar_G
@Saranya_Vasagan
@jathu89
@Rajni_FC
@vimal_vimal23
@YogeshKwaran",,,,26/01/2017 11:48,https://twitter.com/#!/contestadventur/status/824584898325291009,,,8.24585E+17,8.24217E+17
contestadventur,karuppiahraja,Mentions,26/01/2017 11:48,"Join in
@thexoxoday
@sandy_094
@MemePhobhia
@KaruppiahRaja
@udhaykumar_G
@Saranya_Vasagan
@jathu89
@Rajni_FC
@vimal_vimal23
@YogeshKwaran",,,,26/01/2017 11:48,https://twitter.com/#!/contestadventur/status/824584898325291009,,,8.24585E+17,8.24217E+17
contestadventur,memephobhia,Mentions,26/01/2017 11:48,"Join in
@thexoxoday
@sandy_094
@MemePhobhia
@KaruppiahRaja
@udhaykumar_G
@Saranya_Vasagan
@jathu89
@Rajni_FC
@vimal_vimal23
@YogeshKwaran",,,,26/01/2017 11:48,https://twitter.com/#!/contestadventur/status/824584898325291009,,,8.24585E+17,8.24217E+17
contestadventur,sandy_094,Mentions,26/01/2017 11:48,"Join in
@thexoxoday
@sandy_094
@MemePhobhia
@KaruppiahRaja
@udhaykumar_G
@Saranya_Vasagan
@jathu89
@Rajni_FC
@vimal_vimal23
@YogeshKwaran",,,,26/01/2017 11:48,https://twitter.com/#!/contestadventur/status/824584898325291009,,,8.24585E+17,8.24217E+17
contestadventur,sureshvijay357,Mentions,26/01/2017 11:49,"Join in
@thexoxoday
@bestINtheWORLD
@AnsariSanaf
@SabinaLamba
@suhanspeaks
@BeingSalmanClub
@salmankhan_club
@BSKFanClub
@SureshVijay357",,,,26/01/2017 11:49,https://twitter.com/#!/contestadventur/status/824585005196120064,,,8.24585E+17,8.24217E+17
contestadventur,bskfanclub,Mentions,26/01/2017 11:49,"Join in
@thexoxoday
@bestINtheWORLD
@AnsariSanaf
@SabinaLamba
@suhanspeaks
@BeingSalmanClub
@salmankhan_club
@BSKFanClub
@SureshVijay357",,,,26/01/2017 11:49,https://twitter.com/#!/contestadventur/status/824585005196120064,,,8.24585E+17,8.24217E+17
contestadventur,salmankhan_club,Mentions,26/01/2017 11:49,"Join in
@thexoxoday
@bestINtheWORLD
@AnsariSanaf
@SabinaLamba
@suhanspeaks
@BeingSalmanClub
@salmankhan_club
@BSKFanClub
@SureshVijay357",,,,26/01/2017 11:49,https://twitter.com/#!/contestadventur/status/824585005196120064,,,8.24585E+17,8.24217E+17
contestadventur,beingsalmanclub,Mentions,26/01/2017 11:49,"Join in
@thexoxoday
@bestINtheWORLD
@AnsariSanaf
@SabinaLamba
@suhanspeaks
@BeingSalmanClub
@salmankhan_club
@BSKFanClub
@SureshVijay357",,,,26/01/2017 11:49,https://twitter.com/#!/contestadventur/status/824585005196120064,,,8.24585E+17,8.24217E+17
contestadventur,suhanspeaks,Mentions,26/01/2017 11:49,"Join in
@thexoxoday
@bestINtheWORLD
@AnsariSanaf
@SabinaLamba
@suhanspeaks
@BeingSalmanClub
@salmankhan_club
@BSKFanClub
@SureshVijay357",,,,26/01/2017 11:49,https://twitter.com/#!/contestadventur/status/824585005196120064,,,8.24585E+17,8.24217E+17
contestadventur,sabinalamba,Mentions,26/01/2017 11:49,"Join in
@thexoxoday
@bestINtheWORLD
@AnsariSanaf
@SabinaLamba
@suhanspeaks
@BeingSalmanClub
@salmankhan_club
@BSKFanClub
@SureshVijay357",,,,26/01/2017 11:49,https://twitter.com/#!/contestadventur/status/824585005196120064,,,8.24585E+17,8.24217E+17
contestadventur,ansarisanaf,Mentions,26/01/2017 11:49,"Join in
@thexoxoday
@bestINtheWORLD
@AnsariSanaf
@SabinaLamba
@suhanspeaks
@BeingSalmanClub
@salmankhan_club
@BSKFanClub
@SureshVijay357",,,,26/01/2017 11:49,https://twitter.com/#!/contestadventur/status/824585005196120064,,,8.24585E+17,8.24217E+17
contestadventur,bestintheworld,Mentions,26/01/2017 11:49,"Join in
@thexoxoday
@bestINtheWORLD
@AnsariSanaf
@SabinaLamba
@suhanspeaks
@BeingSalmanClub
@salmankhan_club
@BSKFanClub
@SureshVijay357",,,,26/01/2017 11:49,https://twitter.com/#!/contestadventur/status/824585005196120064,,,8.24585E+17,8.24217E+17
contestadventur,rajinifanstrend,Mentions,26/01/2017 11:51,"Join in
@thexoxoday
@Mahender991
@andhrarajnifans
@MKNArunGanesh
@sstmanohar
@kashyap335
@arunashwin1718
@Iife06576Riaz
@Rajinifanstrend",,,,26/01/2017 11:51,https://twitter.com/#!/contestadventur/status/824585505488596993,,,8.24586E+17,8.24217E+17
contestadventur,iife06576riaz,Mentions,26/01/2017 11:51,"Join in
@thexoxoday
@Mahender991
@andhrarajnifans
@MKNArunGanesh
@sstmanohar
@kashyap335
@arunashwin1718
@Iife06576Riaz
@Rajinifanstrend",,,,26/01/2017 11:51,https://twitter.com/#!/contestadventur/status/824585505488596993,,,8.24586E+17,8.24217E+17
contestadventur,arunashwin1718,Mentions,26/01/2017 11:51,"Join in
@thexoxoday
@Mahender991
@andhrarajnifans
@MKNArunGanesh
@sstmanohar
@kashyap335
@arunashwin1718
@Iife06576Riaz
@Rajinifanstrend",,,,26/01/2017 11:51,https://twitter.com/#!/contestadventur/status/824585505488596993,,,8.24586E+17,8.24217E+17
contestadventur,kashyap335,Mentions,26/01/2017 11:51,"Join in
@thexoxoday
@Mahender991
@andhrarajnifans
@MKNArunGanesh
@sstmanohar
@kashyap335
@arunashwin1718
@Iife06576Riaz
@Rajinifanstrend",,,,26/01/2017 11:51,https://twitter.com/#!/contestadventur/status/824585505488596993,,,8.24586E+17,8.24217E+17
contestadventur,sstmanohar,Mentions,26/01/2017 11:51,"Join in
@thexoxoday
@Mahender991
@andhrarajnifans
@MKNArunGanesh
@sstmanohar
@kashyap335
@arunashwin1718
@Iife06576Riaz
@Rajinifanstrend",,,,26/01/2017 11:51,https://twitter.com/#!/contestadventur/status/824585505488596993,,,8.24586E+17,8.24217E+17
contestadventur,mknarunganesh,Mentions,26/01/2017 11:51,"Join in
@thexoxoday
@Mahender991
@andhrarajnifans
@MKNArunGanesh
@sstmanohar
@kashyap335
@arunashwin1718
@Iife06576Riaz
@Rajinifanstrend",,,,26/01/2017 11:51,https://twitter.com/#!/contestadventur/status/824585505488596993,,,8.24586E+17,8.24217E+17
contestadventur,andhrarajnifans,Mentions,26/01/2017 11:51,"Join in
@thexoxoday
@Mahender991
@andhrarajnifans
@MKNArunGanesh
@sstmanohar
@kashyap335
@arunashwin1718
@Iife06576Riaz
@Rajinifanstrend",,,,26/01/2017 11:51,https://twitter.com/#!/contestadventur/status/824585505488596993,,,8.24586E+17,8.24217E+17
contestadventur,mahender991,Mentions,26/01/2017 11:51,"Join in
@thexoxoday
@Mahender991
@andhrarajnifans
@MKNArunGanesh
@sstmanohar
@kashyap335
@arunashwin1718
@Iife06576Riaz
@Rajinifanstrend",,,,26/01/2017 11:51,https://twitter.com/#!/contestadventur/status/824585505488596993,,,8.24586E+17,8.24217E+17
contestadventur,sai_mudhale,Mentions,26/01/2017 11:51,"Join in
@thexoxoday
@veeraraghv
@88Mhatre
@being_afroze
@sweeetstarr1
@suhyemaaqib
@nesanth2
@sidhuwrites
@ShashwatTheOne
@Sai_Mudhale",,,,26/01/2017 11:51,https://twitter.com/#!/contestadventur/status/824585593665445889,,,8.24586E+17,8.24217E+17
contestadventur,shashwattheone,Mentions,26/01/2017 11:51,"Join in
@thexoxoday
@veeraraghv
@88Mhatre
@being_afroze
@sweeetstarr1
@suhyemaaqib
@nesanth2
@sidhuwrites
@ShashwatTheOne
@Sai_Mudhale",,,,26/01/2017 11:51,https://twitter.com/#!/contestadventur/status/824585593665445889,,,8.24586E+17,8.24217E+17
contestadventur,sidhuwrites,Mentions,26/01/2017 11:51,"Join in
@thexoxoday
@veeraraghv
@88Mhatre
@being_afroze
@sweeetstarr1
@suhyemaaqib
@nesanth2
@sidhuwrites
@ShashwatTheOne
@Sai_Mudhale",,,,26/01/2017 11:51,https://twitter.com/#!/contestadventur/status/824585593665445889,,,8.24586E+17,8.24217E+17
contestadventur,nesanth2,Mentions,26/01/2017 11:51,"Join in
@thexoxoday
@veeraraghv
@88Mhatre
@being_afroze
@sweeetstarr1
@suhyemaaqib
@nesanth2
@sidhuwrites
@ShashwatTheOne
@Sai_Mudhale",,,,26/01/2017 11:51,https://twitter.com/#!/contestadventur/status/824585593665445889,,,8.24586E+17,8.24217E+17
contestadventur,suhyemaaqib,Mentions,26/01/2017 11:51,"Join in
@thexoxoday
@veeraraghv
@88Mhatre
@being_afroze
@sweeetstarr1
@suhyemaaqib
@nesanth2
@sidhuwrites
@ShashwatTheOne
@Sai_Mudhale",,,,26/01/2017 11:51,https://twitter.com/#!/contestadventur/status/824585593665445889,,,8.24586E+17,8.24217E+17
contestadventur,88mhatre,Mentions,26/01/2017 11:51,"Join in
@thexoxoday
@veeraraghv
@88Mhatre
@being_afroze
@sweeetstarr1
@suhyemaaqib
@nesanth2
@sidhuwrites
@ShashwatTheOne
@Sai_Mudhale",,,,26/01/2017 11:51,https://twitter.com/#!/contestadventur/status/824585593665445889,,,8.24586E+17,8.24217E+17
contestadventur,veeraraghv,Mentions,26/01/2017 11:51,"Join in
@thexoxoday
@veeraraghv
@88Mhatre
@being_afroze
@sweeetstarr1
@suhyemaaqib
@nesanth2
@sidhuwrites
@ShashwatTheOne
@Sai_Mudhale",,,,26/01/2017 11:51,https://twitter.com/#!/contestadventur/status/824585593665445889,,,8.24586E+17,8.24217E+17
contestadventur,ranveerofficial,Mentions,26/01/2017 11:52,"Join in
@thexoxoday
@spsing24
@sachinrajni
@shivammanchan87
@vm000621
@sadaf290
@Beingsonika1
@SalmanKiFan4
@deepakbarik5
@RanveerOfficial",,,,26/01/2017 11:52,https://twitter.com/#!/contestadventur/status/824585702872539136,,,8.24586E+17,8.24217E+17
contestadventur,deepakbarik5,Mentions,26/01/2017 11:52,"Join in
@thexoxoday
@spsing24
@sachinrajni
@shivammanchan87
@vm000621
@sadaf290
@Beingsonika1
@SalmanKiFan4
@deepakbarik5
@RanveerOfficial",,,,26/01/2017 11:52,https://twitter.com/#!/contestadventur/status/824585702872539136,,,8.24586E+17,8.24217E+17
contestadventur,salmankifan4,Mentions,26/01/2017 11:52,"Join in
@thexoxoday
@spsing24
@sachinrajni
@shivammanchan87
@vm000621
@sadaf290
@Beingsonika1
@SalmanKiFan4
@deepakbarik5
@RanveerOfficial",,,,26/01/2017 11:52,https://twitter.com/#!/contestadventur/status/824585702872539136,,,8.24586E+17,8.24217E+17
contestadventur,sadaf290,Mentions,26/01/2017 11:52,"Join in
@thexoxoday
@spsing24
@sachinrajni
@shivammanchan87
@vm000621
@sadaf290
@Beingsonika1
@SalmanKiFan4
@deepakbarik5
@RanveerOfficial",,,,26/01/2017 11:52,https://twitter.com/#!/contestadventur/status/824585702872539136,,,8.24586E+17,8.24217E+17
contestadventur,vm000621,Mentions,26/01/2017 11:52,"Join in
@thexoxoday
@spsing24
@sachinrajni
@shivammanchan87
@vm000621
@sadaf290
@Beingsonika1
@SalmanKiFan4
@deepakbarik5
@RanveerOfficial",,,,26/01/2017 11:52,https://twitter.com/#!/contestadventur/status/824585702872539136,,,8.24586E+17,8.24217E+17
contestadventur,shivammanchan87,Mentions,26/01/2017 11:52,"Join in
@thexoxoday
@spsing24
@sachinrajni
@shivammanchan87
@vm000621
@sadaf290
@Beingsonika1
@SalmanKiFan4
@deepakbarik5
@RanveerOfficial",,,,26/01/2017 11:52,https://twitter.com/#!/contestadventur/status/824585702872539136,,,8.24586E+17,8.24217E+17
contestadventur,sachinrajni,Mentions,26/01/2017 11:52,"Join in
@thexoxoday
@spsing24
@sachinrajni
@shivammanchan87
@vm000621
@sadaf290
@Beingsonika1
@SalmanKiFan4
@deepakbarik5
@RanveerOfficial",,,,26/01/2017 11:52,https://twitter.com/#!/contestadventur/status/824585702872539136,,,8.24586E+17,8.24217E+17
contestadventur,spsing24,Mentions,26/01/2017 11:52,"Join in
@thexoxoday
@spsing24
@sachinrajni
@shivammanchan87
@vm000621
@sadaf290
@Beingsonika1
@SalmanKiFan4
@deepakbarik5
@RanveerOfficial",,,,26/01/2017 11:52,https://twitter.com/#!/contestadventur/status/824585702872539136,,,8.24586E+17,8.24217E+17
contestadventur,alibhaiaa,Mentions,26/01/2017 11:52,"Join in
@thexoxoday
@RealRanbirK
@sugamsinha1
@aravindmano05
@yugendran
@roberttrichy
@AliZohad
@Colin_143
@aAmi07
@alibhaiaa",,,,26/01/2017 11:52,https://twitter.com/#!/contestadventur/status/824585805314215936,,,8.24586E+17,8.24217E+17
contestadventur,aami07,Mentions,26/01/2017 11:52,"Join in
@thexoxoday
@RealRanbirK
@sugamsinha1
@aravindmano05
@yugendran
@roberttrichy
@AliZohad
@Colin_143
@aAmi07
@alibhaiaa",,,,26/01/2017 11:52,https://twitter.com/#!/contestadventur/status/824585805314215936,,,8.24586E+17,8.24217E+17
contestadventur,colin_143,Mentions,26/01/2017 11:52,"Join in
@thexoxoday
@RealRanbirK
@sugamsinha1
@aravindmano05
@yugendran
@roberttrichy
@AliZohad
@Colin_143
@aAmi07
@alibhaiaa",,,,26/01/2017 11:52,https://twitter.com/#!/contestadventur/status/824585805314215936,,,8.24586E+17,8.24217E+17
contestadventur,alizohad,Mentions,26/01/2017 11:52,"Join in
@thexoxoday
@RealRanbirK
@sugamsinha1
@aravindmano05
@yugendran
@roberttrichy
@AliZohad
@Colin_143
@aAmi07
@alibhaiaa",,,,26/01/2017 11:52,https://twitter.com/#!/contestadventur/status/824585805314215936,,,8.24586E+17,8.24217E+17
contestadventur,roberttrichy,Mentions,26/01/2017 11:52,"Join in
@thexoxoday
@RealRanbirK
@sugamsinha1
@aravindmano05
@yugendran
@roberttrichy
@AliZohad
@Colin_143
@aAmi07
@alibhaiaa",,,,26/01/2017 11:52,https://twitter.com/#!/contestadventur/status/824585805314215936,,,8.24586E+17,8.24217E+17
contestadventur,yugendran,Mentions,26/01/2017 11:52,"Join in
@thexoxoday
@RealRanbirK
@sugamsinha1
@aravindmano05
@yugendran
@roberttrichy
@AliZohad
@Colin_143
@aAmi07
@alibhaiaa",,,,26/01/2017 11:52,https://twitter.com/#!/contestadventur/status/824585805314215936,,,8.24586E+17,8.24217E+17
contestadventur,aravindmano05,Mentions,26/01/2017 11:52,"Join in
@thexoxoday
@RealRanbirK
@sugamsinha1
@aravindmano05
@yugendran
@roberttrichy
@AliZohad
@Colin_143
@aAmi07
@alibhaiaa",,,,26/01/2017 11:52,https://twitter.com/#!/contestadventur/status/824585805314215936,,,8.24586E+17,8.24217E+17
contestadventur,rajts3e,Mentions,26/01/2017 11:53,"Join in
@thexoxoday
@GulNawa71500713
@SRKian_Abdullah
@realpreityzinta
@senthilchan013
@imprabudh
@Proud_salmaniac
@RawdyPrincess
@rajts3e",,,,26/01/2017 11:53,https://twitter.com/#!/contestadventur/status/824585982347317249,,,8.24586E+17,8.24217E+17
contestadventur,rawdyprincess,Mentions,26/01/2017 11:53,"Join in
@thexoxoday
@GulNawa71500713
@SRKian_Abdullah
@realpreityzinta
@senthilchan013
@imprabudh
@Proud_salmaniac
@RawdyPrincess
@rajts3e",,,,26/01/2017 11:53,https://twitter.com/#!/contestadventur/status/824585982347317249,,,8.24586E+17,8.24217E+17
contestadventur,proud_salmaniac,Mentions,26/01/2017 11:53,"Join in
@thexoxoday
@GulNawa71500713
@SRKian_Abdullah
@realpreityzinta
@senthilchan013
@imprabudh
@Proud_salmaniac
@RawdyPrincess
@rajts3e",,,,26/01/2017 11:53,https://twitter.com/#!/contestadventur/status/824585982347317249,,,8.24586E+17,8.24217E+17
contestadventur,senthilchan013,Mentions,26/01/2017 11:53,"Join in
@thexoxoday
@GulNawa71500713
@SRKian_Abdullah
@realpreityzinta
@senthilchan013
@imprabudh
@Proud_salmaniac
@RawdyPrincess
@rajts3e",,,,26/01/2017 11:53,https://twitter.com/#!/contestadventur/status/824585982347317249,,,8.24586E+17,8.24217E+17
contestadventur,realpreityzinta,Mentions,26/01/2017 11:53,"Join in
@thexoxoday
@GulNawa71500713
@SRKian_Abdullah
@realpreityzinta
@senthilchan013
@imprabudh
@Proud_salmaniac
@RawdyPrincess
@rajts3e",,,,26/01/2017 11:53,https://twitter.com/#!/contestadventur/status/824585982347317249,,,8.24586E+17,8.24217E+17
contestadventur,srkian_abdullah,Mentions,26/01/2017 11:53,"Join in
@thexoxoday
@GulNawa71500713
@SRKian_Abdullah
@realpreityzinta
@senthilchan013
@imprabudh
@Proud_salmaniac
@RawdyPrincess
@rajts3e",,,,26/01/2017 11:53,https://twitter.com/#!/contestadventur/status/824585982347317249,,,8.24586E+17,8.24217E+17
contestadventur,gulnawa71500713,Mentions,26/01/2017 11:53,"Join in
@thexoxoday
@GulNawa71500713
@SRKian_Abdullah
@realpreityzinta
@senthilchan013
@imprabudh
@Proud_salmaniac
@RawdyPrincess
@rajts3e",,,,26/01/2017 11:53,https://twitter.com/#!/contestadventur/status/824585982347317249,,,8.24586E+17,8.24217E+17
contestadventur,24,Mentions,26/01/2017 11:54,"Join in
@thexoxoday
@s_veerakumar
@MeRaHeROSalMaN
@iamrizkhan8970
@swinton_chillax
@jiivagger
@mudasslr
@TrendTrollers
@sehwagsethupat1
@24",,,,26/01/2017 11:54,https://twitter.com/#!/contestadventur/status/824586225939910656,,,8.24586E+17,8.24217E+17
contestadventur,sehwagsethupat1,Mentions,26/01/2017 11:54,"Join in
@thexoxoday
@s_veerakumar
@MeRaHeROSalMaN
@iamrizkhan8970
@swinton_chillax
@jiivagger
@mudasslr
@TrendTrollers
@sehwagsethupat1
@24",,,,26/01/2017 11:54,https://twitter.com/#!/contestadventur/status/824586225939910656,,,8.24586E+17,8.24217E+17
contestadventur,trendtrollers,Mentions,26/01/2017 11:54,"Join in
@thexoxoday
@s_veerakumar
@MeRaHeROSalMaN
@iamrizkhan8970
@swinton_chillax
@jiivagger
@mudasslr
@TrendTrollers
@sehwagsethupat1
@24",,,,26/01/2017 11:54,https://twitter.com/#!/contestadventur/status/824586225939910656,,,8.24586E+17,8.24217E+17
contestadventur,mudasslr,Mentions,26/01/2017 11:54,"Join in
@thexoxoday
@s_veerakumar
@MeRaHeROSalMaN
@iamrizkhan8970
@swinton_chillax
@jiivagger
@mudasslr
@TrendTrollers
@sehwagsethupat1
@24",,,,26/01/2017 11:54,https://twitter.com/#!/contestadventur/status/824586225939910656,,,8.24586E+17,8.24217E+17
contestadventur,jiivagger,Mentions,26/01/2017 11:54,"Join in
@thexoxoday
@s_veerakumar
@MeRaHeROSalMaN
@iamrizkhan8970
@swinton_chillax
@jiivagger
@mudasslr
@TrendTrollers
@sehwagsethupat1
@24",,,,26/01/2017 11:54,https://twitter.com/#!/contestadventur/status/824586225939910656,,,8.24586E+17,8.24217E+17
contestadventur,swinton_chillax,Mentions,26/01/2017 11:54,"Join in
@thexoxoday
@s_veerakumar
@MeRaHeROSalMaN
@iamrizkhan8970
@swinton_chillax
@jiivagger
@mudasslr
@TrendTrollers
@sehwagsethupat1
@24",,,,26/01/2017 11:54,https://twitter.com/#!/contestadventur/status/824586225939910656,,,8.24586E+17,8.24217E+17
contestadventur,iamrizkhan8970,Mentions,26/01/2017 11:54,"Join in
@thexoxoday
@s_veerakumar
@MeRaHeROSalMaN
@iamrizkhan8970
@swinton_chillax
@jiivagger
@mudasslr
@TrendTrollers
@sehwagsethupat1
@24",,,,26/01/2017 11:54,https://twitter.com/#!/contestadventur/status/824586225939910656,,,8.24586E+17,8.24217E+17
contestadventur,meraherosalman,Mentions,26/01/2017 11:54,"Join in
@thexoxoday
@s_veerakumar
@MeRaHeROSalMaN
@iamrizkhan8970
@swinton_chillax
@jiivagger
@mudasslr
@TrendTrollers
@sehwagsethupat1
@24",,,,26/01/2017 11:54,https://twitter.com/#!/contestadventur/status/824586225939910656,,,8.24586E+17,8.24217E+17
contestadventur,s_veerakumar,Mentions,26/01/2017 11:54,"Join in
@thexoxoday
@s_veerakumar
@MeRaHeROSalMaN
@iamrizkhan8970
@swinton_chillax
@jiivagger
@mudasslr
@TrendTrollers
@sehwagsethupat1
@24",,,,26/01/2017 11:54,https://twitter.com/#!/contestadventur/status/824586225939910656,,,8.24586E+17,8.24217E+17
contestadventur,talhajamshedtj,Mentions,26/01/2017 11:54,"Join in
@thexoxoday
@salman_ka_bhakt
@msathiz
@AnandEro
@iSuthan270
@saraaowadsalma2
@Aathithamilan
@SureshRamar
@djpradyp
@talhajamshedTJ",,,,26/01/2017 11:54,https://twitter.com/#!/contestadventur/status/824586288753897473,,,8.24586E+17,8.24217E+17
contestadventur,sureshramar,Mentions,26/01/2017 11:54,"Join in
@thexoxoday
@salman_ka_bhakt
@msathiz
@AnandEro
@iSuthan270
@saraaowadsalma2
@Aathithamilan
@SureshRamar
@djpradyp
@talhajamshedTJ",,,,26/01/2017 11:54,https://twitter.com/#!/contestadventur/status/824586288753897473,,,8.24586E+17,8.24217E+17
contestadventur,aathithamilan,Mentions,26/01/2017 11:54,"Join in
@thexoxoday
@salman_ka_bhakt
@msathiz
@AnandEro
@iSuthan270
@saraaowadsalma2
@Aathithamilan
@SureshRamar
@djpradyp
@talhajamshedTJ",,,,26/01/2017 11:54,https://twitter.com/#!/contestadventur/status/824586288753897473,,,8.24586E+17,8.24217E+17
contestadventur,saraaowadsalma2,Mentions,26/01/2017 11:54,"Join in
@thexoxoday
@salman_ka_bhakt
@msathiz
@AnandEro
@iSuthan270
@saraaowadsalma2
@Aathithamilan
@SureshRamar
@djpradyp
@talhajamshedTJ",,,,26/01/2017 11:54,https://twitter.com/#!/contestadventur/status/824586288753897473,,,8.24586E+17,8.24217E+17
contestadventur,isuthan270,Mentions,26/01/2017 11:54,"Join in
@thexoxoday
@salman_ka_bhakt
@msathiz
@AnandEro
@iSuthan270
@saraaowadsalma2
@Aathithamilan
@SureshRamar
@djpradyp
@talhajamshedTJ",,,,26/01/2017 11:54,https://twitter.com/#!/contestadventur/status/824586288753897473,,,8.24586E+17,8.24217E+17
contestadventur,anandero,Mentions,26/01/2017 11:54,"Join in
@thexoxoday
@salman_ka_bhakt
@msathiz
@AnandEro
@iSuthan270
@saraaowadsalma2
@Aathithamilan
@SureshRamar
@djpradyp
@talhajamshedTJ",,,,26/01/2017 11:54,https://twitter.com/#!/contestadventur/status/824586288753897473,,,8.24586E+17,8.24217E+17
contestadventur,msathiz,Mentions,26/01/2017 11:54,"Join in
@thexoxoday
@salman_ka_bhakt
@msathiz
@AnandEro
@iSuthan270
@saraaowadsalma2
@Aathithamilan
@SureshRamar
@djpradyp
@talhajamshedTJ",,,,26/01/2017 11:54,https://twitter.com/#!/contestadventur/status/824586288753897473,,,8.24586E+17,8.24217E+17
contestadventur,salman_ka_bhakt,Mentions,26/01/2017 11:54,"Join in
@thexoxoday
@salman_ka_bhakt
@msathiz
@AnandEro
@iSuthan270
@saraaowadsalma2
@Aathithamilan
@SureshRamar
@djpradyp
@talhajamshedTJ",,,,26/01/2017 11:54,https://twitter.com/#!/contestadventur/status/824586288753897473,,,8.24586E+17,8.24217E+17
contestadventur,tamilenuyir,Mentions,26/01/2017 11:54,"Join in
@thexoxoday
@khanahmadzai143
@BharatRAJINI
@3797venkatesh
@besankar1993
@gokulvj6
@aravindk_offl
@AshrafRasta
@venki_de
@tamilenuyir",,,,26/01/2017 11:54,https://twitter.com/#!/contestadventur/status/824586400544624641,,,8.24586E+17,8.24217E+17
contestadventur,venki_de,Mentions,26/01/2017 11:54,"Join in
@thexoxoday
@khanahmadzai143
@BharatRAJINI
@3797venkatesh
@besankar1993
@gokulvj6
@aravindk_offl
@AshrafRasta
@venki_de
@tamilenuyir",,,,26/01/2017 11:54,https://twitter.com/#!/contestadventur/status/824586400544624641,,,8.24586E+17,8.24217E+17
contestadventur,ashrafrasta,Mentions,26/01/2017 11:54,"Join in
@thexoxoday
@khanahmadzai143
@BharatRAJINI
@3797venkatesh
@besankar1993
@gokulvj6
@aravindk_offl
@AshrafRasta
@venki_de
@tamilenuyir",,,,26/01/2017 11:54,https://twitter.com/#!/contestadventur/status/824586400544624641,,,8.24586E+17,8.24217E+17
contestadventur,aravindk_offl,Mentions,26/01/2017 11:54,"Join in
@thexoxoday
@khanahmadzai143
@BharatRAJINI
@3797venkatesh
@besankar1993
@gokulvj6
@aravindk_offl
@AshrafRasta
@venki_de
@tamilenuyir",,,,26/01/2017 11:54,https://twitter.com/#!/contestadventur/status/824586400544624641,,,8.24586E+17,8.24217E+17
contestadventur,gokulvj6,Mentions,26/01/2017 11:54,"Join in
@thexoxoday
@khanahmadzai143
@BharatRAJINI
@3797venkatesh
@besankar1993
@gokulvj6
@aravindk_offl
@AshrafRasta
@venki_de
@tamilenuyir",,,,26/01/2017 11:54,https://twitter.com/#!/contestadventur/status/824586400544624641,,,8.24586E+17,8.24217E+17
contestadventur,besankar1993,Mentions,26/01/2017 11:54,"Join in
@thexoxoday
@khanahmadzai143
@BharatRAJINI
@3797venkatesh
@besankar1993
@gokulvj6
@aravindk_offl
@AshrafRasta
@venki_de
@tamilenuyir",,,,26/01/2017 11:54,https://twitter.com/#!/contestadventur/status/824586400544624641,,,8.24586E+17,8.24217E+17
contestadventur,3797venkatesh,Mentions,26/01/2017 11:54,"Join in
@thexoxoday
@khanahmadzai143
@BharatRAJINI
@3797venkatesh
@besankar1993
@gokulvj6
@aravindk_offl
@AshrafRasta
@venki_de
@tamilenuyir",,,,26/01/2017 11:54,https://twitter.com/#!/contestadventur/status/824586400544624641,,,8.24586E+17,8.24217E+17
contestadventur,bharatrajini,Mentions,26/01/2017 11:54,"Join in
@thexoxoday
@khanahmadzai143
@BharatRAJINI
@3797venkatesh
@besankar1993
@gokulvj6
@aravindk_offl
@AshrafRasta
@venki_de
@tamilenuyir",,,,26/01/2017 11:54,https://twitter.com/#!/contestadventur/status/824586400544624641,,,8.24586E+17,8.24217E+17
contestadventur,khanahmadzai143,Mentions,26/01/2017 11:54,"Join in
@thexoxoday
@khanahmadzai143
@BharatRAJINI
@3797venkatesh
@besankar1993
@gokulvj6
@aravindk_offl
@AshrafRasta
@venki_de
@tamilenuyir",,,,26/01/2017 11:54,https://twitter.com/#!/contestadventur/status/824586400544624641,,,8.24586E+17,8.24217E+17
contestadventur,prabatamilan,Mentions,26/01/2017 11:55,"Join in
@thexoxoday
@voletiram
@iam_shankarsonu
@Azlindian
@Aakuu_5
@aravind_officl
@darlisevijila12
@KuruvillaLokesh
@Prabatamilan",,,,26/01/2017 11:55,https://twitter.com/#!/contestadventur/status/824586465531224068,,,8.24586E+17,8.24217E+17
contestadventur,kuruvillalokesh,Mentions,26/01/2017 11:55,"Join in
@thexoxoday
@voletiram
@iam_shankarsonu
@Azlindian
@Aakuu_5
@aravind_officl
@darlisevijila12
@KuruvillaLokesh
@Prabatamilan",,,,26/01/2017 11:55,https://twitter.com/#!/contestadventur/status/824586465531224068,,,8.24586E+17,8.24217E+17
contestadventur,darlisevijila12,Mentions,26/01/2017 11:55,"Join in
@thexoxoday
@voletiram
@iam_shankarsonu
@Azlindian
@Aakuu_5
@aravind_officl
@darlisevijila12
@KuruvillaLokesh
@Prabatamilan",,,,26/01/2017 11:55,https://twitter.com/#!/contestadventur/status/824586465531224068,,,8.24586E+17,8.24217E+17
contestadventur,aravind_officl,Mentions,26/01/2017 11:55,"Join in
@thexoxoday
@voletiram
@iam_shankarsonu
@Azlindian
@Aakuu_5
@aravind_officl
@darlisevijila12
@KuruvillaLokesh
@Prabatamilan",,,,26/01/2017 11:55,https://twitter.com/#!/contestadventur/status/824586465531224068,,,8.24586E+17,8.24217E+17
contestadventur,aakuu_5,Mentions,26/01/2017 11:55,"Join in
@thexoxoday
@voletiram
@iam_shankarsonu
@Azlindian
@Aakuu_5
@aravind_officl
@darlisevijila12
@KuruvillaLokesh
@Prabatamilan",,,,26/01/2017 11:55,https://twitter.com/#!/contestadventur/status/824586465531224068,,,8.24586E+17,8.24217E+17
contestadventur,azlindian,Mentions,26/01/2017 11:55,"Join in
@thexoxoday
@voletiram
@iam_shankarsonu
@Azlindian
@Aakuu_5
@aravind_officl
@darlisevijila12
@KuruvillaLokesh
@Prabatamilan",,,,26/01/2017 11:55,https://twitter.com/#!/contestadventur/status/824586465531224068,,,8.24586E+17,8.24217E+17
contestadventur,iam_shankarsonu,Mentions,26/01/2017 11:55,"Join in
@thexoxoday
@voletiram
@iam_shankarsonu
@Azlindian
@Aakuu_5
@aravind_officl
@darlisevijila12
@KuruvillaLokesh
@Prabatamilan",,,,26/01/2017 11:55,https://twitter.com/#!/contestadventur/status/824586465531224068,,,8.24586E+17,8.24217E+17
contestadventur,voletiram,Mentions,26/01/2017 11:55,"Join in
@thexoxoday
@voletiram
@iam_shankarsonu
@Azlindian
@Aakuu_5
@aravind_officl
@darlisevijila12
@KuruvillaLokesh
@Prabatamilan",,,,26/01/2017 11:55,https://twitter.com/#!/contestadventur/status/824586465531224068,,,8.24586E+17,8.24217E+17
contestadventur,premmahadevan,Mentions,26/01/2017 11:55,"Join in
@thexoxoday
@nithyav3
@stamilalagan1
@i
@v
@vaishu175
@n
@g
@_EnCounter
@nehamad88
@SarjethSs
@sandhumerry
@haiindeep
@premmahadevan",,,,26/01/2017 11:55,https://twitter.com/#!/contestadventur/status/824586601061756929,,,8.24587E+17,8.24217E+17
contestadventur,haiindeep,Mentions,26/01/2017 11:55,"Join in
@thexoxoday
@nithyav3
@stamilalagan1
@i
@v
@vaishu175
@n
@g
@_EnCounter
@nehamad88
@SarjethSs
@sandhumerry
@haiindeep
@premmahadevan",,,,26/01/2017 11:55,https://twitter.com/#!/contestadventur/status/824586601061756929,,,8.24587E+17,8.24217E+17
contestadventur,sandhumerry,Mentions,26/01/2017 11:55,"Join in
@thexoxoday
@nithyav3
@stamilalagan1
@i
@v
@vaishu175
@n
@g
@_EnCounter
@nehamad88
@SarjethSs
@sandhumerry
@haiindeep
@premmahadevan",,,,26/01/2017 11:55,https://twitter.com/#!/contestadventur/status/824586601061756929,,,8.24587E+17,8.24217E+17
contestadventur,sarjethss,Mentions,26/01/2017 11:55,"Join in
@thexoxoday
@nithyav3
@stamilalagan1
@i
@v
@vaishu175
@n
@g
@_EnCounter
@nehamad88
@SarjethSs
@sandhumerry
@haiindeep
@premmahadevan",,,,26/01/2017 11:55,https://twitter.com/#!/contestadventur/status/824586601061756929,,,8.24587E+17,8.24217E+17
contestadventur,nehamad88,Mentions,26/01/2017 11:55,"Join in
@thexoxoday
@nithyav3
@stamilalagan1
@i
@v
@vaishu175
@n
@g
@_EnCounter
@nehamad88
@SarjethSs
@sandhumerry
@haiindeep
@premmahadevan",,,,26/01/2017 11:55,https://twitter.com/#!/contestadventur/status/824586601061756929,,,8.24587E+17,8.24217E+17
contestadventur,_encounter,Mentions,26/01/2017 11:55,"Join in
@thexoxoday
@nithyav3
@stamilalagan1
@i
@v
@vaishu175
@n
@g
@_EnCounter
@nehamad88
@SarjethSs
@sandhumerry
@haiindeep
@premmahadevan",,,,26/01/2017 11:55,https://twitter.com/#!/contestadventur/status/824586601061756929,,,8.24587E+17,8.24217E+17
contestadventur,g,Mentions,26/01/2017 11:55,"Join in
@thexoxoday
@nithyav3
@stamilalagan1
@i
@v
@vaishu175
@n
@g
@_EnCounter
@nehamad88
@SarjethSs
@sandhumerry
@haiindeep
@premmahadevan",,,,26/01/2017 11:55,https://twitter.com/#!/contestadventur/status/824586601061756929,,,8.24587E+17,8.24217E+17
contestadventur,n,Mentions,26/01/2017 11:55,"Join in
@thexoxoday
@nithyav3
@stamilalagan1
@i
@v
@vaishu175
@n
@g
@_EnCounter
@nehamad88
@SarjethSs
@sandhumerry
@haiindeep
@premmahadevan",,,,26/01/2017 11:55,https://twitter.com/#!/contestadventur/status/824586601061756929,,,8.24587E+17,8.24217E+17
contestadventur,v,Mentions,26/01/2017 11:55,"Join in
@thexoxoday
@nithyav3
@stamilalagan1
@i
@v
@vaishu175
@n
@g
@_EnCounter
@nehamad88
@SarjethSs
@sandhumerry
@haiindeep
@premmahadevan",,,,26/01/2017 11:55,https://twitter.com/#!/contestadventur/status/824586601061756929,,,8.24587E+17,8.24217E+17
contestadventur,stamilalagan1,Mentions,26/01/2017 11:55,"Join in
@thexoxoday
@nithyav3
@stamilalagan1
@i
@v
@vaishu175
@n
@g
@_EnCounter
@nehamad88
@SarjethSs
@sandhumerry
@haiindeep
@premmahadevan",,,,26/01/2017 11:55,https://twitter.com/#!/contestadventur/status/824586601061756929,,,8.24587E+17,8.24217E+17
contestadventur,nithyav3,Mentions,26/01/2017 11:55,"Join in
@thexoxoday
@nithyav3
@stamilalagan1
@i
@v
@vaishu175
@n
@g
@_EnCounter
@nehamad88
@SarjethSs
@sandhumerry
@haiindeep
@premmahadevan",,,,26/01/2017 11:55,https://twitter.com/#!/contestadventur/status/824586601061756929,,,8.24587E+17,8.24217E+17
contestadventur,praveenvijayism,Mentions,26/01/2017 11:56,"Join in
@thexoxoday
@baisla_virat
@imrahul_03
@kesavarajuonlin
@iamgsquarrr
@i_markantony
@sunilkumarmsk11
@MovieAha
@PraveenVijayism",,,,26/01/2017 11:56,https://twitter.com/#!/contestadventur/status/824586822554497024,,,8.24587E+17,8.24217E+17
contestadventur,movieaha,Mentions,26/01/2017 11:56,"Join in
@thexoxoday
@baisla_virat
@imrahul_03
@kesavarajuonlin
@iamgsquarrr
@i_markantony
@sunilkumarmsk11
@MovieAha
@PraveenVijayism",,,,26/01/2017 11:56,https://twitter.com/#!/contestadventur/status/824586822554497024,,,8.24587E+17,8.24217E+17
contestadventur,sunilkumarmsk11,Mentions,26/01/2017 11:56,"Join in
@thexoxoday
@baisla_virat
@imrahul_03
@kesavarajuonlin
@iamgsquarrr
@i_markantony
@sunilkumarmsk11
@MovieAha
@PraveenVijayism",,,,26/01/2017 11:56,https://twitter.com/#!/contestadventur/status/824586822554497024,,,8.24587E+17,8.24217E+17
contestadventur,i_markantony,Mentions,26/01/2017 11:56,"Join in
@thexoxoday
@baisla_virat
@imrahul_03
@kesavarajuonlin
@iamgsquarrr
@i_markantony
@sunilkumarmsk11
@MovieAha
@PraveenVijayism",,,,26/01/2017 11:56,https://twitter.com/#!/contestadventur/status/824586822554497024,,,8.24587E+17,8.24217E+17
contestadventur,iamgsquarrr,Mentions,26/01/2017 11:56,"Join in
@thexoxoday
@baisla_virat
@imrahul_03
@kesavarajuonlin
@iamgsquarrr
@i_markantony
@sunilkumarmsk11
@MovieAha
@PraveenVijayism",,,,26/01/2017 11:56,https://twitter.com/#!/contestadventur/status/824586822554497024,,,8.24587E+17,8.24217E+17
contestadventur,kesavarajuonlin,Mentions,26/01/2017 11:56,"Join in
@thexoxoday
@baisla_virat
@imrahul_03
@kesavarajuonlin
@iamgsquarrr
@i_markantony
@sunilkumarmsk11
@MovieAha
@PraveenVijayism",,,,26/01/2017 11:56,https://twitter.com/#!/contestadventur/status/824586822554497024,,,8.24587E+17,8.24217E+17
contestadventur,imrahul_03,Mentions,26/01/2017 11:56,"Join in
@thexoxoday
@baisla_virat
@imrahul_03
@kesavarajuonlin
@iamgsquarrr
@i_markantony
@sunilkumarmsk11
@MovieAha
@PraveenVijayism",,,,26/01/2017 11:56,https://twitter.com/#!/contestadventur/status/824586822554497024,,,8.24587E+17,8.24217E+17
contestadventur,baisla_virat,Mentions,26/01/2017 11:56,"Join in
@thexoxoday
@baisla_virat
@imrahul_03
@kesavarajuonlin
@iamgsquarrr
@i_markantony
@sunilkumarmsk11
@MovieAha
@PraveenVijayism",,,,26/01/2017 11:56,https://twitter.com/#!/contestadventur/status/824586822554497024,,,8.24587E+17,8.24217E+17
contestadventur,actor_nithiin,Mentions,26/01/2017 11:56,"Join in
@thexoxoday
@kraigmillan
@RishabhBiwal
@mksaimurali
@rehankhan8940
@pavankoushik10
@pawankalyan
@YUVSTRONG12
@ImRo45
@actor_nithiin",,,,26/01/2017 11:56,https://twitter.com/#!/contestadventur/status/824586907644559360,,,8.24587E+17,8.24217E+17
contestadventur,imro45,Mentions,26/01/2017 11:56,"Join in
@thexoxoday
@kraigmillan
@RishabhBiwal
@mksaimurali
@rehankhan8940
@pavankoushik10
@pawankalyan
@YUVSTRONG12
@ImRo45
@actor_nithiin",,,,26/01/2017 11:56,https://twitter.com/#!/contestadventur/status/824586907644559360,,,8.24587E+17,8.24217E+17
contestadventur,yuvstrong12,Mentions,26/01/2017 11:56,"Join in
@thexoxoday
@kraigmillan
@RishabhBiwal
@mksaimurali
@rehankhan8940
@pavankoushik10
@pawankalyan
@YUVSTRONG12
@ImRo45
@actor_nithiin",,,,26/01/2017 11:56,https://twitter.com/#!/contestadventur/status/824586907644559360,,,8.24587E+17,8.24217E+17
contestadventur,pawankalyan,Mentions,26/01/2017 11:56,"Join in
@thexoxoday
@kraigmillan
@RishabhBiwal
@mksaimurali
@rehankhan8940
@pavankoushik10
@pawankalyan
@YUVSTRONG12
@ImRo45
@actor_nithiin",,,,26/01/2017 11:56,https://twitter.com/#!/contestadventur/status/824586907644559360,,,8.24587E+17,8.24217E+17
contestadventur,pavankoushik10,Mentions,26/01/2017 11:56,"Join in
@thexoxoday
@kraigmillan
@RishabhBiwal
@mksaimurali
@rehankhan8940
@pavankoushik10
@pawankalyan
@YUVSTRONG12
@ImRo45
@actor_nithiin",,,,26/01/2017 11:56,https://twitter.com/#!/contestadventur/status/824586907644559360,,,8.24587E+17,8.24217E+17
contestadventur,rehankhan8940,Mentions,26/01/2017 11:56,"Join in
@thexoxoday
@kraigmillan
@RishabhBiwal
@mksaimurali
@rehankhan8940
@pavankoushik10
@pawankalyan
@YUVSTRONG12
@ImRo45
@actor_nithiin",,,,26/01/2017 11:56,https://twitter.com/#!/contestadventur/status/824586907644559360,,,8.24587E+17,8.24217E+17
contestadventur,mksaimurali,Mentions,26/01/2017 11:56,"Join in
@thexoxoday
@kraigmillan
@RishabhBiwal
@mksaimurali
@rehankhan8940
@pavankoushik10
@pawankalyan
@YUVSTRONG12
@ImRo45
@actor_nithiin",,,,26/01/2017 11:56,https://twitter.com/#!/contestadventur/status/824586907644559360,,,8.24587E+17,8.24217E+17
contestadventur,rishabhbiwal,Mentions,26/01/2017 11:56,"Join in
@thexoxoday
@kraigmillan
@RishabhBiwal
@mksaimurali
@rehankhan8940
@pavankoushik10
@pawankalyan
@YUVSTRONG12
@ImRo45
@actor_nithiin",,,,26/01/2017 11:56,https://twitter.com/#!/contestadventur/status/824586907644559360,,,8.24587E+17,8.24217E+17
contestadventur,kraigmillan,Mentions,26/01/2017 11:56,"Join in
@thexoxoday
@kraigmillan
@RishabhBiwal
@mksaimurali
@rehankhan8940
@pavankoushik10
@pawankalyan
@YUVSTRONG12
@ImRo45
@actor_nithiin",,,,26/01/2017 11:56,https://twitter.com/#!/contestadventur/status/824586907644559360,,,8.24587E+17,8.24217E+17
contestadventur,md_rahel_ahmed,Mentions,26/01/2017 11:57,"Join in
@thexoxoday
@IamSaiDharamTej
@NTRMARESHrakhee
@EkalaivanElango
@jayanthmynam14
@SankaraSudhan
@ashwinko
@vk9726
@Md_Rahel_Ahmed",,,,26/01/2017 11:57,https://twitter.com/#!/contestadventur/status/824586994890072068,,,8.24587E+17,8.24217E+17
contestadventur,ashwinko,Mentions,26/01/2017 11:57,"Join in
@thexoxoday
@IamSaiDharamTej
@NTRMARESHrakhee
@EkalaivanElango
@jayanthmynam14
@SankaraSudhan
@ashwinko
@vk9726
@Md_Rahel_Ahmed",,,,26/01/2017 11:57,https://twitter.com/#!/contestadventur/status/824586994890072068,,,8.24587E+17,8.24217E+17
contestadventur,sankarasudhan,Mentions,26/01/2017 11:57,"Join in
@thexoxoday
@IamSaiDharamTej
@NTRMARESHrakhee
@EkalaivanElango
@jayanthmynam14
@SankaraSudhan
@ashwinko
@vk9726
@Md_Rahel_Ahmed",,,,26/01/2017 11:57,https://twitter.com/#!/contestadventur/status/824586994890072068,,,8.24587E+17,8.24217E+17
contestadventur,jayanthmynam14,Mentions,26/01/2017 11:57,"Join in
@thexoxoday
@IamSaiDharamTej
@NTRMARESHrakhee
@EkalaivanElango
@jayanthmynam14
@SankaraSudhan
@ashwinko
@vk9726
@Md_Rahel_Ahmed",,,,26/01/2017 11:57,https://twitter.com/#!/contestadventur/status/824586994890072068,,,8.24587E+17,8.24217E+17
contestadventur,ekalaivanelango,Mentions,26/01/2017 11:57,"Join in
@thexoxoday
@IamSaiDharamTej
@NTRMARESHrakhee
@EkalaivanElango
@jayanthmynam14
@SankaraSudhan
@ashwinko
@vk9726
@Md_Rahel_Ahmed",,,,26/01/2017 11:57,https://twitter.com/#!/contestadventur/status/824586994890072068,,,8.24587E+17,8.24217E+17
contestadventur,ntrmareshrakhee,Mentions,26/01/2017 11:57,"Join in
@thexoxoday
@IamSaiDharamTej
@NTRMARESHrakhee
@EkalaivanElango
@jayanthmynam14
@SankaraSudhan
@ashwinko
@vk9726
@Md_Rahel_Ahmed",,,,26/01/2017 11:57,https://twitter.com/#!/contestadventur/status/824586994890072068,,,8.24587E+17,8.24217E+17
contestadventur,iamsaidharamtej,Mentions,26/01/2017 11:57,"Join in
@thexoxoday
@IamSaiDharamTej
@NTRMARESHrakhee
@EkalaivanElango
@jayanthmynam14
@SankaraSudhan
@ashwinko
@vk9726
@Md_Rahel_Ahmed",,,,26/01/2017 11:57,https://twitter.com/#!/contestadventur/status/824586994890072068,,,8.24587E+17,8.24217E+17
contestadventur,akyankhan,Mentions,26/01/2017 11:57,"Join in
@thexoxoday
@abhiram42
@aaravindh1994
@ThangarajMarapp
@UrsMaheshBalu
@KhanAamy
@daniprince799
@Thineshcivil
@KrishTinku
@AkyanKhan",,,,26/01/2017 11:57,https://twitter.com/#!/contestadventur/status/824587112058007552,,,8.24587E+17,8.24217E+17
contestadventur,krishtinku,Mentions,26/01/2017 11:57,"Join in
@thexoxoday
@abhiram42
@aaravindh1994
@ThangarajMarapp
@UrsMaheshBalu
@KhanAamy
@daniprince799
@Thineshcivil
@KrishTinku
@AkyanKhan",,,,26/01/2017 11:57,https://twitter.com/#!/contestadventur/status/824587112058007552,,,8.24587E+17,8.24217E+17
contestadventur,thineshcivil,Mentions,26/01/2017 11:57,"Join in
@thexoxoday
@abhiram42
@aaravindh1994
@ThangarajMarapp
@UrsMaheshBalu
@KhanAamy
@daniprince799
@Thineshcivil
@KrishTinku
@AkyanKhan",,,,26/01/2017 11:57,https://twitter.com/#!/contestadventur/status/824587112058007552,,,8.24587E+17,8.24217E+17
contestadventur,daniprince799,Mentions,26/01/2017 11:57,"Join in
@thexoxoday
@abhiram42
@aaravindh1994
@ThangarajMarapp
@UrsMaheshBalu
@KhanAamy
@daniprince799
@Thineshcivil
@KrishTinku
@AkyanKhan",,,,26/01/2017 11:57,https://twitter.com/#!/contestadventur/status/824587112058007552,,,8.24587E+17,8.24217E+17
contestadventur,khanaamy,Mentions,26/01/2017 11:57,"Join in
@thexoxoday
@abhiram42
@aaravindh1994
@ThangarajMarapp
@UrsMaheshBalu
@KhanAamy
@daniprince799
@Thineshcivil
@KrishTinku
@AkyanKhan",,,,26/01/2017 11:57,https://twitter.com/#!/contestadventur/status/824587112058007552,,,8.24587E+17,8.24217E+17
contestadventur,ursmaheshbalu,Mentions,26/01/2017 11:57,"Join in
@thexoxoday
@abhiram42
@aaravindh1994
@ThangarajMarapp
@UrsMaheshBalu
@KhanAamy
@daniprince799
@Thineshcivil
@KrishTinku
@AkyanKhan",,,,26/01/2017 11:57,https://twitter.com/#!/contestadventur/status/824587112058007552,,,8.24587E+17,8.24217E+17
contestadventur,thangarajmarapp,Mentions,26/01/2017 11:57,"Join in
@thexoxoday
@abhiram42
@aaravindh1994
@ThangarajMarapp
@UrsMaheshBalu
@KhanAamy
@daniprince799
@Thineshcivil
@KrishTinku
@AkyanKhan",,,,26/01/2017 11:57,https://twitter.com/#!/contestadventur/status/824587112058007552,,,8.24587E+17,8.24217E+17
contestadventur,aaravindh1994,Mentions,26/01/2017 11:57,"Join in
@thexoxoday
@abhiram42
@aaravindh1994
@ThangarajMarapp
@UrsMaheshBalu
@KhanAamy
@daniprince799
@Thineshcivil
@KrishTinku
@AkyanKhan",,,,26/01/2017 11:57,https://twitter.com/#!/contestadventur/status/824587112058007552,,,8.24587E+17,8.24217E+17
contestadventur,abhiram42,Mentions,26/01/2017 11:57,"Join in
@thexoxoday
@abhiram42
@aaravindh1994
@ThangarajMarapp
@UrsMaheshBalu
@KhanAamy
@daniprince799
@Thineshcivil
@KrishTinku
@AkyanKhan",,,,26/01/2017 11:57,https://twitter.com/#!/contestadventur/status/824587112058007552,,,8.24587E+17,8.24217E+17
contestadventur,ramsangsinh,Mentions,26/01/2017 11:58,"Join in
@thexoxoday
@NihalJunaid
@moove26
@prakash8928
@riksec08
@Sureshpoky
@mr_yesu
@Amanjitghosh
@hina_sheikimran
@inawab24
@ramsangsinh",,,,26/01/2017 11:58,https://twitter.com/#!/contestadventur/status/824587218832338944,,,8.24587E+17,8.24217E+17
contestadventur,inawab24,Mentions,26/01/2017 11:58,"Join in
@thexoxoday
@NihalJunaid
@moove26
@prakash8928
@riksec08
@Sureshpoky
@mr_yesu
@Amanjitghosh
@hina_sheikimran
@inawab24
@ramsangsinh",,,,26/01/2017 11:58,https://twitter.com/#!/contestadventur/status/824587218832338944,,,8.24587E+17,8.24217E+17
contestadventur,hina_sheikimran,Mentions,26/01/2017 11:58,"Join in
@thexoxoday
@NihalJunaid
@moove26
@prakash8928
@riksec08
@Sureshpoky
@mr_yesu
@Amanjitghosh
@hina_sheikimran
@inawab24
@ramsangsinh",,,,26/01/2017 11:58,https://twitter.com/#!/contestadventur/status/824587218832338944,,,8.24587E+17,8.24217E+17
contestadventur,amanjitghosh,Mentions,26/01/2017 11:58,"Join in
@thexoxoday
@NihalJunaid
@moove26
@prakash8928
@riksec08
@Sureshpoky
@mr_yesu
@Amanjitghosh
@hina_sheikimran
@inawab24
@ramsangsinh",,,,26/01/2017 11:58,https://twitter.com/#!/contestadventur/status/824587218832338944,,,8.24587E+17,8.24217E+17
contestadventur,mr_yesu,Mentions,26/01/2017 11:58,"Join in
@thexoxoday
@NihalJunaid
@moove26
@prakash8928
@riksec08
@Sureshpoky
@mr_yesu
@Amanjitghosh
@hina_sheikimran
@inawab24
@ramsangsinh",,,,26/01/2017 11:58,https://twitter.com/#!/contestadventur/status/824587218832338944,,,8.24587E+17,8.24217E+17
contestadventur,sureshpoky,Mentions,26/01/2017 11:58,"Join in
@thexoxoday
@NihalJunaid
@moove26
@prakash8928
@riksec08
@Sureshpoky
@mr_yesu
@Amanjitghosh
@hina_sheikimran
@inawab24
@ramsangsinh",,,,26/01/2017 11:58,https://twitter.com/#!/contestadventur/status/824587218832338944,,,8.24587E+17,8.24217E+17
contestadventur,riksec08,Mentions,26/01/2017 11:58,"Join in
@thexoxoday
@NihalJunaid
@moove26
@prakash8928
@riksec08
@Sureshpoky
@mr_yesu
@Amanjitghosh
@hina_sheikimran
@inawab24
@ramsangsinh",,,,26/01/2017 11:58,https://twitter.com/#!/contestadventur/status/824587218832338944,,,8.24587E+17,8.24217E+17
contestadventur,prakash8928,Mentions,26/01/2017 11:58,"Join in
@thexoxoday
@NihalJunaid
@moove26
@prakash8928
@riksec08
@Sureshpoky
@mr_yesu
@Amanjitghosh
@hina_sheikimran
@inawab24
@ramsangsinh",,,,26/01/2017 11:58,https://twitter.com/#!/contestadventur/status/824587218832338944,,,8.24587E+17,8.24217E+17
contestadventur,moove26,Mentions,26/01/2017 11:58,"Join in
@thexoxoday
@NihalJunaid
@moove26
@prakash8928
@riksec08
@Sureshpoky
@mr_yesu
@Amanjitghosh
@hina_sheikimran
@inawab24
@ramsangsinh",,,,26/01/2017 11:58,https://twitter.com/#!/contestadventur/status/824587218832338944,,,8.24587E+17,8.24217E+17
contestadventur,nihaljunaid,Mentions,26/01/2017 11:58,"Join in
@thexoxoday
@NihalJunaid
@moove26
@prakash8928
@riksec08
@Sureshpoky
@mr_yesu
@Amanjitghosh
@hina_sheikimran
@inawab24
@ramsangsinh",,,,26/01/2017 11:58,https://twitter.com/#!/contestadventur/status/824587218832338944,,,8.24587E+17,8.24217E+17
contestadventur,aliyayaseen2,Mentions,26/01/2017 11:58,"Join in
@thexoxoday
@GalanoRolandjr
@saikiran_97
@BeignSalmanKhan
@leoaryan2
@PadmajaJoshi
@Ravii9999
@SSG_SPEAKS
@AliyaYaseen2",,,,26/01/2017 11:58,https://twitter.com/#!/contestadventur/status/824587305012719616,,,8.24587E+17,8.24217E+17
contestadventur,ssg_speaks,Mentions,26/01/2017 11:58,"Join in
@thexoxoday
@GalanoRolandjr
@saikiran_97
@BeignSalmanKhan
@leoaryan2
@PadmajaJoshi
@Ravii9999
@SSG_SPEAKS
@AliyaYaseen2",,,,26/01/2017 11:58,https://twitter.com/#!/contestadventur/status/824587305012719616,,,8.24587E+17,8.24217E+17
contestadventur,ravii9999,Mentions,26/01/2017 11:58,"Join in
@thexoxoday
@GalanoRolandjr
@saikiran_97
@BeignSalmanKhan
@leoaryan2
@PadmajaJoshi
@Ravii9999
@SSG_SPEAKS
@AliyaYaseen2",,,,26/01/2017 11:58,https://twitter.com/#!/contestadventur/status/824587305012719616,,,8.24587E+17,8.24217E+17
contestadventur,padmajajoshi,Mentions,26/01/2017 11:58,"Join in
@thexoxoday
@GalanoRolandjr
@saikiran_97
@BeignSalmanKhan
@leoaryan2
@PadmajaJoshi
@Ravii9999
@SSG_SPEAKS
@AliyaYaseen2",,,,26/01/2017 11:58,https://twitter.com/#!/contestadventur/status/824587305012719616,,,8.24587E+17,8.24217E+17
contestadventur,saikiran_97,Mentions,26/01/2017 11:58,"Join in
@thexoxoday
@GalanoRolandjr
@saikiran_97
@BeignSalmanKhan
@leoaryan2
@PadmajaJoshi
@Ravii9999
@SSG_SPEAKS
@AliyaYaseen2",,,,26/01/2017 11:58,https://twitter.com/#!/contestadventur/status/824587305012719616,,,8.24587E+17,8.24217E+17
contestadventur,galanorolandjr,Mentions,26/01/2017 11:58,"Join in
@thexoxoday
@GalanoRolandjr
@saikiran_97
@BeignSalmanKhan
@leoaryan2
@PadmajaJoshi
@Ravii9999
@SSG_SPEAKS
@AliyaYaseen2",,,,26/01/2017 11:58,https://twitter.com/#!/contestadventur/status/824587305012719616,,,8.24587E+17,8.24217E+17
contestadventur,abhishekbujju,Mentions,26/01/2017 11:59,"Join in
@thexoxoday
@kifayatalone3
@bansalalit83
@anshulku
@sagar12384
@ndnitish88
@taliramjoshi
@arun731
@JohnnyWally
@abhishekbujju",,,,26/01/2017 11:59,https://twitter.com/#!/contestadventur/status/824587551587463168,,,8.24588E+17,8.24217E+17
contestadventur,johnnywally,Mentions,26/01/2017 11:59,"Join in
@thexoxoday
@kifayatalone3
@bansalalit83
@anshulku
@sagar12384
@ndnitish88
@taliramjoshi
@arun731
@JohnnyWally
@abhishekbujju",,,,26/01/2017 11:59,https://twitter.com/#!/contestadventur/status/824587551587463168,,,8.24588E+17,8.24217E+17
contestadventur,arun731,Mentions,26/01/2017 11:59,"Join in
@thexoxoday
@kifayatalone3
@bansalalit83
@anshulku
@sagar12384
@ndnitish88
@taliramjoshi
@arun731
@JohnnyWally
@abhishekbujju",,,,26/01/2017 11:59,https://twitter.com/#!/contestadventur/status/824587551587463168,,,8.24588E+17,8.24217E+17
contestadventur,taliramjoshi,Mentions,26/01/2017 11:59,"Join in
@thexoxoday
@kifayatalone3
@bansalalit83
@anshulku
@sagar12384
@ndnitish88
@taliramjoshi
@arun731
@JohnnyWally
@abhishekbujju",,,,26/01/2017 11:59,https://twitter.com/#!/contestadventur/status/824587551587463168,,,8.24588E+17,8.24217E+17
contestadventur,ndnitish88,Mentions,26/01/2017 11:59,"Join in
@thexoxoday
@kifayatalone3
@bansalalit83
@anshulku
@sagar12384
@ndnitish88
@taliramjoshi
@arun731
@JohnnyWally
@abhishekbujju",,,,26/01/2017 11:59,https://twitter.com/#!/contestadventur/status/824587551587463168,,,8.24588E+17,8.24217E+17
contestadventur,sagar12384,Mentions,26/01/2017 11:59,"Join in
@thexoxoday
@kifayatalone3
@bansalalit83
@anshulku
@sagar12384
@ndnitish88
@taliramjoshi
@arun731
@JohnnyWally
@abhishekbujju",,,,26/01/2017 11:59,https://twitter.com/#!/contestadventur/status/824587551587463168,,,8.24588E+17,8.24217E+17
contestadventur,anshulku,Mentions,26/01/2017 11:59,"Join in
@thexoxoday
@kifayatalone3
@bansalalit83
@anshulku
@sagar12384
@ndnitish88
@taliramjoshi
@arun731
@JohnnyWally
@abhishekbujju",,,,26/01/2017 11:59,https://twitter.com/#!/contestadventur/status/824587551587463168,,,8.24588E+17,8.24217E+17
contestadventur,bansalalit83,Mentions,26/01/2017 11:59,"Join in
@thexoxoday
@kifayatalone3
@bansalalit83
@anshulku
@sagar12384
@ndnitish88
@taliramjoshi
@arun731
@JohnnyWally
@abhishekbujju",,,,26/01/2017 11:59,https://twitter.com/#!/contestadventur/status/824587551587463168,,,8.24588E+17,8.24217E+17
contestadventur,kifayatalone3,Mentions,26/01/2017 11:59,"Join in
@thexoxoday
@kifayatalone3
@bansalalit83
@anshulku
@sagar12384
@ndnitish88
@taliramjoshi
@arun731
@JohnnyWally
@abhishekbujju",,,,26/01/2017 11:59,https://twitter.com/#!/contestadventur/status/824587551587463168,,,8.24588E+17,8.24217E+17
contestadventur,deepakmr27,Mentions,26/01/2017 11:59,"Join in
@thexoxoday
@_IndianDoc
@reddycherryche1
@ttmpariah
@kumarvinayb
@sawhneynikhil
@avishektalukdar
@WhistleAdi
@deepakmr27",,,,26/01/2017 11:59,https://twitter.com/#!/contestadventur/status/824587610278334466,,,8.24588E+17,8.24217E+17
contestadventur,whistleadi,Mentions,26/01/2017 11:59,"Join in
@thexoxoday
@_IndianDoc
@reddycherryche1
@ttmpariah
@kumarvinayb
@sawhneynikhil
@avishektalukdar
@WhistleAdi
@deepakmr27",,,,26/01/2017 11:59,https://twitter.com/#!/contestadventur/status/824587610278334466,,,8.24588E+17,8.24217E+17
contestadventur,avishektalukdar,Mentions,26/01/2017 11:59,"Join in
@thexoxoday
@_IndianDoc
@reddycherryche1
@ttmpariah
@kumarvinayb
@sawhneynikhil
@avishektalukdar
@WhistleAdi
@deepakmr27",,,,26/01/2017 11:59,https://twitter.com/#!/contestadventur/status/824587610278334466,,,8.24588E+17,8.24217E+17
contestadventur,sawhneynikhil,Mentions,26/01/2017 11:59,"Join in
@thexoxoday
@_IndianDoc
@reddycherryche1
@ttmpariah
@kumarvinayb
@sawhneynikhil
@avishektalukdar
@WhistleAdi
@deepakmr27",,,,26/01/2017 11:59,https://twitter.com/#!/contestadventur/status/824587610278334466,,,8.24588E+17,8.24217E+17
contestadventur,kumarvinayb,Mentions,26/01/2017 11:59,"Join in
@thexoxoday
@_IndianDoc
@reddycherryche1
@ttmpariah
@kumarvinayb
@sawhneynikhil
@avishektalukdar
@WhistleAdi
@deepakmr27",,,,26/01/2017 11:59,https://twitter.com/#!/contestadventur/status/824587610278334466,,,8.24588E+17,8.24217E+17
contestadventur,reddycherryche1,Mentions,26/01/2017 11:59,"Join in
@thexoxoday
@_IndianDoc
@reddycherryche1
@ttmpariah
@kumarvinayb
@sawhneynikhil
@avishektalukdar
@WhistleAdi
@deepakmr27",,,,26/01/2017 11:59,https://twitter.com/#!/contestadventur/status/824587610278334466,,,8.24588E+17,8.24217E+17
contestadventur,_indiandoc,Mentions,26/01/2017 11:59,"Join in
@thexoxoday
@_IndianDoc
@reddycherryche1
@ttmpariah
@kumarvinayb
@sawhneynikhil
@avishektalukdar
@WhistleAdi
@deepakmr27",,,,26/01/2017 11:59,https://twitter.com/#!/contestadventur/status/824587610278334466,,,8.24588E+17,8.24217E+17
contestadventur,pankaj8856,Mentions,26/01/2017 12:00,"Join in
@thexoxoday
@sharadgupta1
@akshaymp17
@Shiv5310
@ghanshyamsodhia
@harishveera
@SanjayShedge2
@nikhandiamanoj
@DesiHindu
@pankaj8856",,,,26/01/2017 12:00,https://twitter.com/#!/contestadventur/status/824587714397757440,,,8.24588E+17,8.24217E+17
contestadventur,desihindu,Mentions,26/01/2017 12:00,"Join in
@thexoxoday
@sharadgupta1
@akshaymp17
@Shiv5310
@ghanshyamsodhia
@harishveera
@SanjayShedge2
@nikhandiamanoj
@DesiHindu
@pankaj8856",,,,26/01/2017 12:00,https://twitter.com/#!/contestadventur/status/824587714397757440,,,8.24588E+17,8.24217E+17
contestadventur,nikhandiamanoj,Mentions,26/01/2017 12:00,"Join in
@thexoxoday
@sharadgupta1
@akshaymp17
@Shiv5310
@ghanshyamsodhia
@harishveera
@SanjayShedge2
@nikhandiamanoj
@DesiHindu
@pankaj8856",,,,26/01/2017 12:00,https://twitter.com/#!/contestadventur/status/824587714397757440,,,8.24588E+17,8.24217E+17
contestadventur,sanjayshedge2,Mentions,26/01/2017 12:00,"Join in
@thexoxoday
@sharadgupta1
@akshaymp17
@Shiv5310
@ghanshyamsodhia
@harishveera
@SanjayShedge2
@nikhandiamanoj
@DesiHindu
@pankaj8856",,,,26/01/2017 12:00,https://twitter.com/#!/contestadventur/status/824587714397757440,,,8.24588E+17,8.24217E+17
contestadventur,harishveera,Mentions,26/01/2017 12:00,"Join in
@thexoxoday
@sharadgupta1
@akshaymp17
@Shiv5310
@ghanshyamsodhia
@harishveera
@SanjayShedge2
@nikhandiamanoj
@DesiHindu
@pankaj8856",,,,26/01/2017 12:00,https://twitter.com/#!/contestadventur/status/824587714397757440,,,8.24588E+17,8.24217E+17
contestadventur,ghanshyamsodhia,Mentions,26/01/2017 12:00,"Join in
@thexoxoday
@sharadgupta1
@akshaymp17
@Shiv5310
@ghanshyamsodhia
@harishveera
@SanjayShedge2
@nikhandiamanoj
@DesiHindu
@pankaj8856",,,,26/01/2017 12:00,https://twitter.com/#!/contestadventur/status/824587714397757440,,,8.24588E+17,8.24217E+17
contestadventur,shiv5310,Mentions,26/01/2017 12:00,"Join in
@thexoxoday
@sharadgupta1
@akshaymp17
@Shiv5310
@ghanshyamsodhia
@harishveera
@SanjayShedge2
@nikhandiamanoj
@DesiHindu
@pankaj8856",,,,26/01/2017 12:00,https://twitter.com/#!/contestadventur/status/824587714397757440,,,8.24588E+17,8.24217E+17
contestadventur,akshaymp17,Mentions,26/01/2017 12:00,"Join in
@thexoxoday
@sharadgupta1
@akshaymp17
@Shiv5310
@ghanshyamsodhia
@harishveera
@SanjayShedge2
@nikhandiamanoj
@DesiHindu
@pankaj8856",,,,26/01/2017 12:00,https://twitter.com/#!/contestadventur/status/824587714397757440,,,8.24588E+17,8.24217E+17
contestadventur,sharadgupta1,Mentions,26/01/2017 12:00,"Join in
@thexoxoday
@sharadgupta1
@akshaymp17
@Shiv5310
@ghanshyamsodhia
@harishveera
@SanjayShedge2
@nikhandiamanoj
@DesiHindu
@pankaj8856",,,,26/01/2017 12:00,https://twitter.com/#!/contestadventur/status/824587714397757440,,,8.24588E+17,8.24217E+17
contestadventur,abhijit_padma,Mentions,26/01/2017 12:00,"Join in
@thexoxoday
@bigmouthspeaks
@AvinashThinks
@AshwinVasani
@whymeumesh
@nasirkhan214
@shivam_mainpuri
@mohitjakhariya
@Abhijit_Padma",,,,26/01/2017 12:00,https://twitter.com/#!/contestadventur/status/824587786908950529,,,8.24588E+17,8.24217E+17
contestadventur,mohitjakhariya,Mentions,26/01/2017 12:00,"Join in
@thexoxoday
@bigmouthspeaks
@AvinashThinks
@AshwinVasani
@whymeumesh
@nasirkhan214
@shivam_mainpuri
@mohitjakhariya
@Abhijit_Padma",,,,26/01/2017 12:00,https://twitter.com/#!/contestadventur/status/824587786908950529,,,8.24588E+17,8.24217E+17
contestadventur,shivam_mainpuri,Mentions,26/01/2017 12:00,"Join in
@thexoxoday
@bigmouthspeaks
@AvinashThinks
@AshwinVasani
@whymeumesh
@nasirkhan214
@shivam_mainpuri
@mohitjakhariya
@Abhijit_Padma",,,,26/01/2017 12:00,https://twitter.com/#!/contestadventur/status/824587786908950529,,,8.24588E+17,8.24217E+17
contestadventur,nasirkhan214,Mentions,26/01/2017 12:00,"Join in
@thexoxoday
@bigmouthspeaks
@AvinashThinks
@AshwinVasani
@whymeumesh
@nasirkhan214
@shivam_mainpuri
@mohitjakhariya
@Abhijit_Padma",,,,26/01/2017 12:00,https://twitter.com/#!/contestadventur/status/824587786908950529,,,8.24588E+17,8.24217E+17
contestadventur,whymeumesh,Mentions,26/01/2017 12:00,"Join in
@thexoxoday
@bigmouthspeaks
@AvinashThinks
@AshwinVasani
@whymeumesh
@nasirkhan214
@shivam_mainpuri
@mohitjakhariya
@Abhijit_Padma",,,,26/01/2017 12:00,https://twitter.com/#!/contestadventur/status/824587786908950529,,,8.24588E+17,8.24217E+17
contestadventur,ashwinvasani,Mentions,26/01/2017 12:00,"Join in
@thexoxoday
@bigmouthspeaks
@AvinashThinks
@AshwinVasani
@whymeumesh
@nasirkhan214
@shivam_mainpuri
@mohitjakhariya
@Abhijit_Padma",,,,26/01/2017 12:00,https://twitter.com/#!/contestadventur/status/824587786908950529,,,8.24588E+17,8.24217E+17
contestadventur,avinashthinks,Mentions,26/01/2017 12:00,"Join in
@thexoxoday
@bigmouthspeaks
@AvinashThinks
@AshwinVasani
@whymeumesh
@nasirkhan214
@shivam_mainpuri
@mohitjakhariya
@Abhijit_Padma",,,,26/01/2017 12:00,https://twitter.com/#!/contestadventur/status/824587786908950529,,,8.24588E+17,8.24217E+17
contestadventur,bigmouthspeaks,Mentions,26/01/2017 12:00,"Join in
@thexoxoday
@bigmouthspeaks
@AvinashThinks
@AshwinVasani
@whymeumesh
@nasirkhan214
@shivam_mainpuri
@mohitjakhariya
@Abhijit_Padma",,,,26/01/2017 12:00,https://twitter.com/#!/contestadventur/status/824587786908950529,,,8.24588E+17,8.24217E+17
contestadventur,geethsfrnds,Mentions,26/01/2017 12:00,"Join in
@thexoxoday
@WhosTruthAnyway
@nukerino
@vgarg01
@v4umedia1
@RIAZtheboss
@ravanans
@i_am_shamss
@tk_twitts
@Geethsfrnds",,,,26/01/2017 12:00,https://twitter.com/#!/contestadventur/status/824587883717668864,,,8.24588E+17,8.24217E+17
contestadventur,tk_twitts,Mentions,26/01/2017 12:00,"Join in
@thexoxoday
@WhosTruthAnyway
@nukerino
@vgarg01
@v4umedia1
@RIAZtheboss
@ravanans
@i_am_shamss
@tk_twitts
@Geethsfrnds",,,,26/01/2017 12:00,https://twitter.com/#!/contestadventur/status/824587883717668864,,,8.24588E+17,8.24217E+17
contestadventur,i_am_shamss,Mentions,26/01/2017 12:00,"Join in
@thexoxoday
@WhosTruthAnyway
@nukerino
@vgarg01
@v4umedia1
@RIAZtheboss
@ravanans
@i_am_shamss
@tk_twitts
@Geethsfrnds",,,,26/01/2017 12:00,https://twitter.com/#!/contestadventur/status/824587883717668864,,,8.24588E+17,8.24217E+17
contestadventur,ravanans,Mentions,26/01/2017 12:00,"Join in
@thexoxoday
@WhosTruthAnyway
@nukerino
@vgarg01
@v4umedia1
@RIAZtheboss
@ravanans
@i_am_shamss
@tk_twitts
@Geethsfrnds",,,,26/01/2017 12:00,https://twitter.com/#!/contestadventur/status/824587883717668864,,,8.24588E+17,8.24217E+17
contestadventur,riaztheboss,Mentions,26/01/2017 12:00,"Join in
@thexoxoday
@WhosTruthAnyway
@nukerino
@vgarg01
@v4umedia1
@RIAZtheboss
@ravanans
@i_am_shamss
@tk_twitts
@Geethsfrnds",,,,26/01/2017 12:00,https://twitter.com/#!/contestadventur/status/824587883717668864,,,8.24588E+17,8.24217E+17
contestadventur,v4umedia1,Mentions,26/01/2017 12:00,"Join in
@thexoxoday
@WhosTruthAnyway
@nukerino
@vgarg01
@v4umedia1
@RIAZtheboss
@ravanans
@i_am_shamss
@tk_twitts
@Geethsfrnds",,,,26/01/2017 12:00,https://twitter.com/#!/contestadventur/status/824587883717668864,,,8.24588E+17,8.24217E+17
contestadventur,vgarg01,Mentions,26/01/2017 12:00,"Join in
@thexoxoday
@WhosTruthAnyway
@nukerino
@vgarg01
@v4umedia1
@RIAZtheboss
@ravanans
@i_am_shamss
@tk_twitts
@Geethsfrnds",,,,26/01/2017 12:00,https://twitter.com/#!/contestadventur/status/824587883717668864,,,8.24588E+17,8.24217E+17
contestadventur,nukerino,Mentions,26/01/2017 12:00,"Join in
@thexoxoday
@WhosTruthAnyway
@nukerino
@vgarg01
@v4umedia1
@RIAZtheboss
@ravanans
@i_am_shamss
@tk_twitts
@Geethsfrnds",,,,26/01/2017 12:00,https://twitter.com/#!/contestadventur/status/824587883717668864,,,8.24588E+17,8.24217E+17
contestadventur,whostruthanyway,Mentions,26/01/2017 12:00,"Join in
@thexoxoday
@WhosTruthAnyway
@nukerino
@vgarg01
@v4umedia1
@RIAZtheboss
@ravanans
@i_am_shamss
@tk_twitts
@Geethsfrnds",,,,26/01/2017 12:00,https://twitter.com/#!/contestadventur/status/824587883717668864,,,8.24588E+17,8.24217E+17
contestadventur,rajnisabareesh,Mentions,26/01/2017 12:01,"Join in
@thexoxoday
@levin2811
@Raj_Dhanush
@dhanushkraja
@imraina
@anirudhofficial
@ashwinravi99
@chennaiIPL
@priyavassu
@RajniSabareesh",,,,26/01/2017 12:01,https://twitter.com/#!/contestadventur/status/824587970577510400,,,8.24588E+17,8.24217E+17
contestadventur,priyavassu,Mentions,26/01/2017 12:01,"Join in
@thexoxoday
@levin2811
@Raj_Dhanush
@dhanushkraja
@imraina
@anirudhofficial
@ashwinravi99
@chennaiIPL
@priyavassu
@RajniSabareesh",,,,26/01/2017 12:01,https://twitter.com/#!/contestadventur/status/824587970577510400,,,8.24588E+17,8.24217E+17
contestadventur,chennaiipl,Mentions,26/01/2017 12:01,"Join in
@thexoxoday
@levin2811
@Raj_Dhanush
@dhanushkraja
@imraina
@anirudhofficial
@ashwinravi99
@chennaiIPL
@priyavassu
@RajniSabareesh",,,,26/01/2017 12:01,https://twitter.com/#!/contestadventur/status/824587970577510400,,,8.24588E+17,8.24217E+17
contestadventur,ashwinravi99,Mentions,26/01/2017 12:01,"Join in
@thexoxoday
@levin2811
@Raj_Dhanush
@dhanushkraja
@imraina
@anirudhofficial
@ashwinravi99
@chennaiIPL
@priyavassu
@RajniSabareesh",,,,26/01/2017 12:01,https://twitter.com/#!/contestadventur/status/824587970577510400,,,8.24588E+17,8.24217E+17
contestadventur,anirudhofficial,Mentions,26/01/2017 12:01,"Join in
@thexoxoday
@levin2811
@Raj_Dhanush
@dhanushkraja
@imraina
@anirudhofficial
@ashwinravi99
@chennaiIPL
@priyavassu
@RajniSabareesh",,,,26/01/2017 12:01,https://twitter.com/#!/contestadventur/status/824587970577510400,,,8.24588E+17,8.24217E+17
contestadventur,imraina,Mentions,26/01/2017 12:01,"Join in
@thexoxoday
@levin2811
@Raj_Dhanush
@dhanushkraja
@imraina
@anirudhofficial
@ashwinravi99
@chennaiIPL
@priyavassu
@RajniSabareesh",,,,26/01/2017 12:01,https://twitter.com/#!/contestadventur/status/824587970577510400,,,8.24588E+17,8.24217E+17
contestadventur,dhanushkraja,Mentions,26/01/2017 12:01,"Join in
@thexoxoday
@levin2811
@Raj_Dhanush
@dhanushkraja
@imraina
@anirudhofficial
@ashwinravi99
@chennaiIPL
@priyavassu
@RajniSabareesh",,,,26/01/2017 12:01,https://twitter.com/#!/contestadventur/status/824587970577510400,,,8.24588E+17,8.24217E+17
contestadventur,raj_dhanush,Mentions,26/01/2017 12:01,"Join in
@thexoxoday
@levin2811
@Raj_Dhanush
@dhanushkraja
@imraina
@anirudhofficial
@ashwinravi99
@chennaiIPL
@priyavassu
@RajniSabareesh",,,,26/01/2017 12:01,https://twitter.com/#!/contestadventur/status/824587970577510400,,,8.24588E+17,8.24217E+17
contestadventur,levin2811,Mentions,26/01/2017 12:01,"Join in
@thexoxoday
@levin2811
@Raj_Dhanush
@dhanushkraja
@imraina
@anirudhofficial
@ashwinravi99
@chennaiIPL
@priyavassu
@RajniSabareesh",,,,26/01/2017 12:01,https://twitter.com/#!/contestadventur/status/824587970577510400,,,8.24588E+17,8.24217E+17
contestadventur,duraisurya5,Mentions,26/01/2017 12:01,"Join in
@thexoxoday
@drpraka
@vengeeth
@manoj7492
@VidyutSai
@actressaparna
@gvprakash
@shaan76k
@Kalaiudhay
@duraisurya5",,,,26/01/2017 12:01,https://twitter.com/#!/contestadventur/status/824588024944037888,,,8.24588E+17,8.24217E+17
contestadventur,kalaiudhay,Mentions,26/01/2017 12:01,"Join in
@thexoxoday
@drpraka
@vengeeth
@manoj7492
@VidyutSai
@actressaparna
@gvprakash
@shaan76k
@Kalaiudhay
@duraisurya5",,,,26/01/2017 12:01,https://twitter.com/#!/contestadventur/status/824588024944037888,,,8.24588E+17,8.24217E+17
contestadventur,shaan76k,Mentions,26/01/2017 12:01,"Join in
@thexoxoday
@drpraka
@vengeeth
@manoj7492
@VidyutSai
@actressaparna
@gvprakash
@shaan76k
@Kalaiudhay
@duraisurya5",,,,26/01/2017 12:01,https://twitter.com/#!/contestadventur/status/824588024944037888,,,8.24588E+17,8.24217E+17
contestadventur,gvprakash,Mentions,26/01/2017 12:01,"Join in
@thexoxoday
@drpraka
@vengeeth
@manoj7492
@VidyutSai
@actressaparna
@gvprakash
@shaan76k
@Kalaiudhay
@duraisurya5",,,,26/01/2017 12:01,https://twitter.com/#!/contestadventur/status/824588024944037888,,,8.24588E+17,8.24217E+17
contestadventur,actressaparna,Mentions,26/01/2017 12:01,"Join in
@thexoxoday
@drpraka
@vengeeth
@manoj7492
@VidyutSai
@actressaparna
@gvprakash
@shaan76k
@Kalaiudhay
@duraisurya5",,,,26/01/2017 12:01,https://twitter.com/#!/contestadventur/status/824588024944037888,,,8.24588E+17,8.24217E+17
contestadventur,manoj7492,Mentions,26/01/2017 12:01,"Join in
@thexoxoday
@drpraka
@vengeeth
@manoj7492
@VidyutSai
@actressaparna
@gvprakash
@shaan76k
@Kalaiudhay
@duraisurya5",,,,26/01/2017 12:01,https://twitter.com/#!/contestadventur/status/824588024944037888,,,8.24588E+17,8.24217E+17
contestadventur,vengeeth,Mentions,26/01/2017 12:01,"Join in
@thexoxoday
@drpraka
@vengeeth
@manoj7492
@VidyutSai
@actressaparna
@gvprakash
@shaan76k
@Kalaiudhay
@duraisurya5",,,,26/01/2017 12:01,https://twitter.com/#!/contestadventur/status/824588024944037888,,,8.24588E+17,8.24217E+17
contestadventur,drpraka,Mentions,26/01/2017 12:01,"Join in
@thexoxoday
@drpraka
@vengeeth
@manoj7492
@VidyutSai
@actressaparna
@gvprakash
@shaan76k
@Kalaiudhay
@duraisurya5",,,,26/01/2017 12:01,https://twitter.com/#!/contestadventur/status/824588024944037888,,,8.24588E+17,8.24217E+17
contestadventur,iperaveen,Mentions,26/01/2017 12:01,"Join in
@thexoxoday
@issime_miyake
@GANESHGMG
@Ganeshmano3012
@iluvssrk
@balahoneytweet
@RajniSembu
@sreenatharya
@jvvino
@iPeraveen",,,,26/01/2017 12:01,https://twitter.com/#!/contestadventur/status/824588174961700864,,,8.24588E+17,8.24217E+17
contestadventur,jvvino,Mentions,26/01/2017 12:01,"Join in
@thexoxoday
@issime_miyake
@GANESHGMG
@Ganeshmano3012
@iluvssrk
@balahoneytweet
@RajniSembu
@sreenatharya
@jvvino
@iPeraveen",,,,26/01/2017 12:01,https://twitter.com/#!/contestadventur/status/824588174961700864,,,8.24588E+17,8.24217E+17
contestadventur,sreenatharya,Mentions,26/01/2017 12:01,"Join in
@thexoxoday
@issime_miyake
@GANESHGMG
@Ganeshmano3012
@iluvssrk
@balahoneytweet
@RajniSembu
@sreenatharya
@jvvino
@iPeraveen",,,,26/01/2017 12:01,https://twitter.com/#!/contestadventur/status/824588174961700864,,,8.24588E+17,8.24217E+17
contestadventur,rajnisembu,Mentions,26/01/2017 12:01,"Join in
@thexoxoday
@issime_miyake
@GANESHGMG
@Ganeshmano3012
@iluvssrk
@balahoneytweet
@RajniSembu
@sreenatharya
@jvvino
@iPeraveen",,,,26/01/2017 12:01,https://twitter.com/#!/contestadventur/status/824588174961700864,,,8.24588E+17,8.24217E+17
contestadventur,balahoneytweet,Mentions,26/01/2017 12:01,"Join in
@thexoxoday
@issime_miyake
@GANESHGMG
@Ganeshmano3012
@iluvssrk
@balahoneytweet
@RajniSembu
@sreenatharya
@jvvino
@iPeraveen",,,,26/01/2017 12:01,https://twitter.com/#!/contestadventur/status/824588174961700864,,,8.24588E+17,8.24217E+17
contestadventur,iluvssrk,Mentions,26/01/2017 12:01,"Join in
@thexoxoday
@issime_miyake
@GANESHGMG
@Ganeshmano3012
@iluvssrk
@balahoneytweet
@RajniSembu
@sreenatharya
@jvvino
@iPeraveen",,,,26/01/2017 12:01,https://twitter.com/#!/contestadventur/status/824588174961700864,,,8.24588E+17,8.24217E+17
contestadventur,ganeshmano3012,Mentions,26/01/2017 12:01,"Join in
@thexoxoday
@issime_miyake
@GANESHGMG
@Ganeshmano3012
@iluvssrk
@balahoneytweet
@RajniSembu
@sreenatharya
@jvvino
@iPeraveen",,,,26/01/2017 12:01,https://twitter.com/#!/contestadventur/status/824588174961700864,,,8.24588E+17,8.24217E+17
contestadventur,ganeshgmg,Mentions,26/01/2017 12:01,"Join in
@thexoxoday
@issime_miyake
@GANESHGMG
@Ganeshmano3012
@iluvssrk
@balahoneytweet
@RajniSembu
@sreenatharya
@jvvino
@iPeraveen",,,,26/01/2017 12:01,https://twitter.com/#!/contestadventur/status/824588174961700864,,,8.24588E+17,8.24217E+17
contestadventur,issime_miyake,Mentions,26/01/2017 12:01,"Join in
@thexoxoday
@issime_miyake
@GANESHGMG
@Ganeshmano3012
@iluvssrk
@balahoneytweet
@RajniSembu
@sreenatharya
@jvvino
@iPeraveen",,,,26/01/2017 12:01,https://twitter.com/#!/contestadventur/status/824588174961700864,,,8.24588E+17,8.24217E+17
contestadventur,m_arshad710,Mentions,26/01/2017 12:02,"Join in
@thexoxoday
@JeSuisMushtak
@SanjogPawar2
@Sheryl71746455
@SKFC001
@siva_karthikeyan
@balasanjee
@wimalkanthmano
@M_Arshad710",,,,26/01/2017 12:02,https://twitter.com/#!/contestadventur/status/824588235179372544,,,8.24588E+17,8.24217E+17
contestadventur,wimalkanthmano,Mentions,26/01/2017 12:02,"Join in
@thexoxoday
@JeSuisMushtak
@SanjogPawar2
@Sheryl71746455
@SKFC001
@siva_karthikeyan
@balasanjee
@wimalkanthmano
@M_Arshad710",,,,26/01/2017 12:02,https://twitter.com/#!/contestadventur/status/824588235179372544,,,8.24588E+17,8.24217E+17
contestadventur,balasanjee,Mentions,26/01/2017 12:02,"Join in
@thexoxoday
@JeSuisMushtak
@SanjogPawar2
@Sheryl71746455
@SKFC001
@siva_karthikeyan
@balasanjee
@wimalkanthmano
@M_Arshad710",,,,26/01/2017 12:02,https://twitter.com/#!/contestadventur/status/824588235179372544,,,8.24588E+17,8.24217E+17
contestadventur,skfc001,Mentions,26/01/2017 12:02,"Join in
@thexoxoday
@JeSuisMushtak
@SanjogPawar2
@Sheryl71746455
@SKFC001
@siva_karthikeyan
@balasanjee
@wimalkanthmano
@M_Arshad710",,,,26/01/2017 12:02,https://twitter.com/#!/contestadventur/status/824588235179372544,,,8.24588E+17,8.24217E+17
contestadventur,sheryl71746455,Mentions,26/01/2017 12:02,"Join in
@thexoxoday
@JeSuisMushtak
@SanjogPawar2
@Sheryl71746455
@SKFC001
@siva_karthikeyan
@balasanjee
@wimalkanthmano
@M_Arshad710",,,,26/01/2017 12:02,https://twitter.com/#!/contestadventur/status/824588235179372544,,,8.24588E+17,8.24217E+17
contestadventur,sanjogpawar2,Mentions,26/01/2017 12:02,"Join in
@thexoxoday
@JeSuisMushtak
@SanjogPawar2
@Sheryl71746455
@SKFC001
@siva_karthikeyan
@balasanjee
@wimalkanthmano
@M_Arshad710",,,,26/01/2017 12:02,https://twitter.com/#!/contestadventur/status/824588235179372544,,,8.24588E+17,8.24217E+17
contestadventur,jesuismushtak,Mentions,26/01/2017 12:02,"Join in
@thexoxoday
@JeSuisMushtak
@SanjogPawar2
@Sheryl71746455
@SKFC001
@siva_karthikeyan
@balasanjee
@wimalkanthmano
@M_Arshad710",,,,26/01/2017 12:02,https://twitter.com/#!/contestadventur/status/824588235179372544,,,8.24588E+17,8.24217E+17
contestadventur,salursantosh,Mentions,26/01/2017 12:03,"Join in
@thexoxoday
@iam_str
@Johnarun9
@sawajid2015
@KdDhinesh
@Thanush1234
@Alexpiri0721
@dineshsenids
@Kushal_Jadhav
@salursantosh",,,,26/01/2017 12:03,https://twitter.com/#!/contestadventur/status/824588497218461697,,,8.24588E+17,8.24217E+17
contestadventur,kushal_jadhav,Mentions,26/01/2017 12:03,"Join in
@thexoxoday
@iam_str
@Johnarun9
@sawajid2015
@KdDhinesh
@Thanush1234
@Alexpiri0721
@dineshsenids
@Kushal_Jadhav
@salursantosh",,,,26/01/2017 12:03,https://twitter.com/#!/contestadventur/status/824588497218461697,,,8.24588E+17,8.24217E+17
contestadventur,dineshsenids,Mentions,26/01/2017 12:03,"Join in
@thexoxoday
@iam_str
@Johnarun9
@sawajid2015
@KdDhinesh
@Thanush1234
@Alexpiri0721
@dineshsenids
@Kushal_Jadhav
@salursantosh",,,,26/01/2017 12:03,https://twitter.com/#!/contestadventur/status/824588497218461697,,,8.24588E+17,8.24217E+17
contestadventur,alexpiri0721,Mentions,26/01/2017 12:03,"Join in
@thexoxoday
@iam_str
@Johnarun9
@sawajid2015
@KdDhinesh
@Thanush1234
@Alexpiri0721
@dineshsenids
@Kushal_Jadhav
@salursantosh",,,,26/01/2017 12:03,https://twitter.com/#!/contestadventur/status/824588497218461697,,,8.24588E+17,8.24217E+17
contestadventur,thanush1234,Mentions,26/01/2017 12:03,"Join in
@thexoxoday
@iam_str
@Johnarun9
@sawajid2015
@KdDhinesh
@Thanush1234
@Alexpiri0721
@dineshsenids
@Kushal_Jadhav
@salursantosh",,,,26/01/2017 12:03,https://twitter.com/#!/contestadventur/status/824588497218461697,,,8.24588E+17,8.24217E+17
contestadventur,kddhinesh,Mentions,26/01/2017 12:03,"Join in
@thexoxoday
@iam_str
@Johnarun9
@sawajid2015
@KdDhinesh
@Thanush1234
@Alexpiri0721
@dineshsenids
@Kushal_Jadhav
@salursantosh",,,,26/01/2017 12:03,https://twitter.com/#!/contestadventur/status/824588497218461697,,,8.24588E+17,8.24217E+17
contestadventur,sawajid2015,Mentions,26/01/2017 12:03,"Join in
@thexoxoday
@iam_str
@Johnarun9
@sawajid2015
@KdDhinesh
@Thanush1234
@Alexpiri0721
@dineshsenids
@Kushal_Jadhav
@salursantosh",,,,26/01/2017 12:03,https://twitter.com/#!/contestadventur/status/824588497218461697,,,8.24588E+17,8.24217E+17
contestadventur,johnarun9,Mentions,26/01/2017 12:03,"Join in
@thexoxoday
@iam_str
@Johnarun9
@sawajid2015
@KdDhinesh
@Thanush1234
@Alexpiri0721
@dineshsenids
@Kushal_Jadhav
@salursantosh",,,,26/01/2017 12:03,https://twitter.com/#!/contestadventur/status/824588497218461697,,,8.24588E+17,8.24217E+17
contestadventur,iam_str,Mentions,26/01/2017 12:03,"Join in
@thexoxoday
@iam_str
@Johnarun9
@sawajid2015
@KdDhinesh
@Thanush1234
@Alexpiri0721
@dineshsenids
@Kushal_Jadhav
@salursantosh",,,,26/01/2017 12:03,https://twitter.com/#!/contestadventur/status/824588497218461697,,,8.24588E+17,8.24217E+17
contestadventur,yunekka,Mentions,26/01/2017 12:03,"Join in
@thexoxoday
@RisingKS
@MkPavithran
@adnanmalhar
@kvsriram91
@manokanan28
@kamalcrazie
@Tabrezmass1
@yunekka
@TeamKeerthyS",,,,26/01/2017 12:03,https://twitter.com/#!/contestadventur/status/824588566344847361,,,8.24589E+17,8.24217E+17
contestadventur,tabrezmass1,Mentions,26/01/2017 12:03,"Join in
@thexoxoday
@RisingKS
@MkPavithran
@adnanmalhar
@kvsriram91
@manokanan28
@kamalcrazie
@Tabrezmass1
@yunekka
@TeamKeerthyS",,,,26/01/2017 12:03,https://twitter.com/#!/contestadventur/status/824588566344847361,,,8.24589E+17,8.24217E+17
contestadventur,kamalcrazie,Mentions,26/01/2017 12:03,"Join in
@thexoxoday
@RisingKS
@MkPavithran
@adnanmalhar
@kvsriram91
@manokanan28
@kamalcrazie
@Tabrezmass1
@yunekka
@TeamKeerthyS",,,,26/01/2017 12:03,https://twitter.com/#!/contestadventur/status/824588566344847361,,,8.24589E+17,8.24217E+17
contestadventur,manokanan28,Mentions,26/01/2017 12:03,"Join in
@thexoxoday
@RisingKS
@MkPavithran
@adnanmalhar
@kvsriram91
@manokanan28
@kamalcrazie
@Tabrezmass1
@yunekka
@TeamKeerthyS",,,,26/01/2017 12:03,https://twitter.com/#!/contestadventur/status/824588566344847361,,,8.24589E+17,8.24217E+17
contestadventur,kvsriram91,Mentions,26/01/2017 12:03,"Join in
@thexoxoday
@RisingKS
@MkPavithran
@adnanmalhar
@kvsriram91
@manokanan28
@kamalcrazie
@Tabrezmass1
@yunekka
@TeamKeerthyS",,,,26/01/2017 12:03,https://twitter.com/#!/contestadventur/status/824588566344847361,,,8.24589E+17,8.24217E+17
contestadventur,adnanmalhar,Mentions,26/01/2017 12:03,"Join in
@thexoxoday
@RisingKS
@MkPavithran
@adnanmalhar
@kvsriram91
@manokanan28
@kamalcrazie
@Tabrezmass1
@yunekka
@TeamKeerthyS",,,,26/01/2017 12:03,https://twitter.com/#!/contestadventur/status/824588566344847361,,,8.24589E+17,8.24217E+17
contestadventur,mkpavithran,Mentions,26/01/2017 12:03,"Join in
@thexoxoday
@RisingKS
@MkPavithran
@adnanmalhar
@kvsriram91
@manokanan28
@kamalcrazie
@Tabrezmass1
@yunekka
@TeamKeerthyS",,,,26/01/2017 12:03,https://twitter.com/#!/contestadventur/status/824588566344847361,,,8.24589E+17,8.24217E+17
contestadventur,risingks,Mentions,26/01/2017 12:03,"Join in
@thexoxoday
@RisingKS
@MkPavithran
@adnanmalhar
@kvsriram91
@manokanan28
@kamalcrazie
@Tabrezmass1
@yunekka
@TeamKeerthyS",,,,26/01/2017 12:03,https://twitter.com/#!/contestadventur/status/824588566344847361,,,8.24589E+17,8.24217E+17
contestadventur,vigneshwaranaji,Mentions,26/01/2017 12:03,"Join in
@thexoxoday
@SUBBU15061974
@thalaivar1994
@narayananrajini
@ArasuKarthik2
@anandhrajini
@Akil_Smarty
@prasan191990
@Vigneshwaranaji",,,,26/01/2017 12:03,https://twitter.com/#!/contestadventur/status/824588641116708865,,,8.24589E+17,8.24217E+17
contestadventur,prasan191990,Mentions,26/01/2017 12:03,"Join in
@thexoxoday
@SUBBU15061974
@thalaivar1994
@narayananrajini
@ArasuKarthik2
@anandhrajini
@Akil_Smarty
@prasan191990
@Vigneshwaranaji",,,,26/01/2017 12:03,https://twitter.com/#!/contestadventur/status/824588641116708865,,,8.24589E+17,8.24217E+17
contestadventur,akil_smarty,Mentions,26/01/2017 12:03,"Join in
@thexoxoday
@SUBBU15061974
@thalaivar1994
@narayananrajini
@ArasuKarthik2
@anandhrajini
@Akil_Smarty
@prasan191990
@Vigneshwaranaji",,,,26/01/2017 12:03,https://twitter.com/#!/contestadventur/status/824588641116708865,,,8.24589E+17,8.24217E+17
contestadventur,anandhrajini,Mentions,26/01/2017 12:03,"Join in
@thexoxoday
@SUBBU15061974
@thalaivar1994
@narayananrajini
@ArasuKarthik2
@anandhrajini
@Akil_Smarty
@prasan191990
@Vigneshwaranaji",,,,26/01/2017 12:03,https://twitter.com/#!/contestadventur/status/824588641116708865,,,8.24589E+17,8.24217E+17
contestadventur,arasukarthik2,Mentions,26/01/2017 12:03,"Join in
@thexoxoday
@SUBBU15061974
@thalaivar1994
@narayananrajini
@ArasuKarthik2
@anandhrajini
@Akil_Smarty
@prasan191990
@Vigneshwaranaji",,,,26/01/2017 12:03,https://twitter.com/#!/contestadventur/status/824588641116708865,,,8.24589E+17,8.24217E+17
contestadventur,narayananrajini,Mentions,26/01/2017 12:03,"Join in
@thexoxoday
@SUBBU15061974
@thalaivar1994
@narayananrajini
@ArasuKarthik2
@anandhrajini
@Akil_Smarty
@prasan191990
@Vigneshwaranaji",,,,26/01/2017 12:03,https://twitter.com/#!/contestadventur/status/824588641116708865,,,8.24589E+17,8.24217E+17
contestadventur,thalaivar1994,Mentions,26/01/2017 12:03,"Join in
@thexoxoday
@SUBBU15061974
@thalaivar1994
@narayananrajini
@ArasuKarthik2
@anandhrajini
@Akil_Smarty
@prasan191990
@Vigneshwaranaji",,,,26/01/2017 12:03,https://twitter.com/#!/contestadventur/status/824588641116708865,,,8.24589E+17,8.24217E+17
contestadventur,subbu15061974,Mentions,26/01/2017 12:03,"Join in
@thexoxoday
@SUBBU15061974
@thalaivar1994
@narayananrajini
@ArasuKarthik2
@anandhrajini
@Akil_Smarty
@prasan191990
@Vigneshwaranaji",,,,26/01/2017 12:03,https://twitter.com/#!/contestadventur/status/824588641116708865,,,8.24589E+17,8.24217E+17
contestadventur,rajeshkv2013,Mentions,26/01/2017 12:04,"Join in
@thexoxoday
@senthilbalajis
@kumaravel_icici
@Dangerside2
@thalaivar_da
@rajiniaziz
@BabuSenthil
@lakshmi1979
@Rajeshkv2013",,,,26/01/2017 12:04,https://twitter.com/#!/contestadventur/status/824588821865984002,,,8.24589E+17,8.24217E+17
contestadventur,lakshmi1979,Mentions,26/01/2017 12:04,"Join in
@thexoxoday
@senthilbalajis
@kumaravel_icici
@Dangerside2
@thalaivar_da
@rajiniaziz
@BabuSenthil
@lakshmi1979
@Rajeshkv2013",,,,26/01/2017 12:04,https://twitter.com/#!/contestadventur/status/824588821865984002,,,8.24589E+17,8.24217E+17
contestadventur,babusenthil,Mentions,26/01/2017 12:04,"Join in
@thexoxoday
@senthilbalajis
@kumaravel_icici
@Dangerside2
@thalaivar_da
@rajiniaziz
@BabuSenthil
@lakshmi1979
@Rajeshkv2013",,,,26/01/2017 12:04,https://twitter.com/#!/contestadventur/status/824588821865984002,,,8.24589E+17,8.24217E+17
contestadventur,thalaivar_da,Mentions,26/01/2017 12:04,"Join in
@thexoxoday
@senthilbalajis
@kumaravel_icici
@Dangerside2
@thalaivar_da
@rajiniaziz
@BabuSenthil
@lakshmi1979
@Rajeshkv2013",,,,26/01/2017 12:04,https://twitter.com/#!/contestadventur/status/824588821865984002,,,8.24589E+17,8.24217E+17
contestadventur,dangerside2,Mentions,26/01/2017 12:04,"Join in
@thexoxoday
@senthilbalajis
@kumaravel_icici
@Dangerside2
@thalaivar_da
@rajiniaziz
@BabuSenthil
@lakshmi1979
@Rajeshkv2013",,,,26/01/2017 12:04,https://twitter.com/#!/contestadventur/status/824588821865984002,,,8.24589E+17,8.24217E+17
contestadventur,kumaravel_icici,Mentions,26/01/2017 12:04,"Join in
@thexoxoday
@senthilbalajis
@kumaravel_icici
@Dangerside2
@thalaivar_da
@rajiniaziz
@BabuSenthil
@lakshmi1979
@Rajeshkv2013",,,,26/01/2017 12:04,https://twitter.com/#!/contestadventur/status/824588821865984002,,,8.24589E+17,8.24217E+17
contestadventur,senthilbalajis,Mentions,26/01/2017 12:04,"Join in
@thexoxoday
@senthilbalajis
@kumaravel_icici
@Dangerside2
@thalaivar_da
@rajiniaziz
@BabuSenthil
@lakshmi1979
@Rajeshkv2013",,,,26/01/2017 12:04,https://twitter.com/#!/contestadventur/status/824588821865984002,,,8.24589E+17,8.24217E+17
contestadventur,sodaabottle,Mentions,26/01/2017 12:04,"Join in
@thexoxoday
@leonberthdezuza
@vishwapalamadai
@Arjuna36688883
@KishoreKonka
@suryariolohith1
@itismkk
@MakeshSelvaraj
@SodaaBottle",,,,26/01/2017 12:04,https://twitter.com/#!/contestadventur/status/824588909988286464,,,8.24589E+17,8.24217E+17
contestadventur,makeshselvaraj,Mentions,26/01/2017 12:04,"Join in
@thexoxoday
@leonberthdezuza
@vishwapalamadai
@Arjuna36688883
@KishoreKonka
@suryariolohith1
@itismkk
@MakeshSelvaraj
@SodaaBottle",,,,26/01/2017 12:04,https://twitter.com/#!/contestadventur/status/824588909988286464,,,8.24589E+17,8.24217E+17
contestadventur,itismkk,Mentions,26/01/2017 12:04,"Join in
@thexoxoday
@leonberthdezuza
@vishwapalamadai
@Arjuna36688883
@KishoreKonka
@suryariolohith1
@itismkk
@MakeshSelvaraj
@SodaaBottle",,,,26/01/2017 12:04,https://twitter.com/#!/contestadventur/status/824588909988286464,,,8.24589E+17,8.24217E+17
contestadventur,suryariolohith1,Mentions,26/01/2017 12:04,"Join in
@thexoxoday
@leonberthdezuza
@vishwapalamadai
@Arjuna36688883
@KishoreKonka
@suryariolohith1
@itismkk
@MakeshSelvaraj
@SodaaBottle",,,,26/01/2017 12:04,https://twitter.com/#!/contestadventur/status/824588909988286464,,,8.24589E+17,8.24217E+17
contestadventur,kishorekonka,Mentions,26/01/2017 12:04,"Join in
@thexoxoday
@leonberthdezuza
@vishwapalamadai
@Arjuna36688883
@KishoreKonka
@suryariolohith1
@itismkk
@MakeshSelvaraj
@SodaaBottle",,,,26/01/2017 12:04,https://twitter.com/#!/contestadventur/status/824588909988286464,,,8.24589E+17,8.24217E+17
contestadventur,arjuna36688883,Mentions,26/01/2017 12:04,"Join in
@thexoxoday
@leonberthdezuza
@vishwapalamadai
@Arjuna36688883
@KishoreKonka
@suryariolohith1
@itismkk
@MakeshSelvaraj
@SodaaBottle",,,,26/01/2017 12:04,https://twitter.com/#!/contestadventur/status/824588909988286464,,,8.24589E+17,8.24217E+17
contestadventur,vishwapalamadai,Mentions,26/01/2017 12:04,"Join in
@thexoxoday
@leonberthdezuza
@vishwapalamadai
@Arjuna36688883
@KishoreKonka
@suryariolohith1
@itismkk
@MakeshSelvaraj
@SodaaBottle",,,,26/01/2017 12:04,https://twitter.com/#!/contestadventur/status/824588909988286464,,,8.24589E+17,8.24217E+17
contestadventur,leonberthdezuza,Mentions,26/01/2017 12:04,"Join in
@thexoxoday
@leonberthdezuza
@vishwapalamadai
@Arjuna36688883
@KishoreKonka
@suryariolohith1
@itismkk
@MakeshSelvaraj
@SodaaBottle",,,,26/01/2017 12:04,https://twitter.com/#!/contestadventur/status/824588909988286464,,,8.24589E+17,8.24217E+17
contestadventur,siddhu922,Mentions,26/01/2017 12:05,"Join in
@thexoxoday
@AkashNarayan98
@giri_dharan_19
@govindh_offl
@CoolNarayanan
@haran5199
@viki3380
@rudhrarajni
@MRajamanoj
@siddhu922",,,,26/01/2017 12:05,https://twitter.com/#!/contestadventur/status/824588997460520960,,,8.24589E+17,8.24217E+17
contestadventur,mrajamanoj,Mentions,26/01/2017 12:05,"Join in
@thexoxoday
@AkashNarayan98
@giri_dharan_19
@govindh_offl
@CoolNarayanan
@haran5199
@viki3380
@rudhrarajni
@MRajamanoj
@siddhu922",,,,26/01/2017 12:05,https://twitter.com/#!/contestadventur/status/824588997460520960,,,8.24589E+17,8.24217E+17
contestadventur,rudhrarajni,Mentions,26/01/2017 12:05,"Join in
@thexoxoday
@AkashNarayan98
@giri_dharan_19
@govindh_offl
@CoolNarayanan
@haran5199
@viki3380
@rudhrarajni
@MRajamanoj
@siddhu922",,,,26/01/2017 12:05,https://twitter.com/#!/contestadventur/status/824588997460520960,,,8.24589E+17,8.24217E+17
contestadventur,viki3380,Mentions,26/01/2017 12:05,"Join in
@thexoxoday
@AkashNarayan98
@giri_dharan_19
@govindh_offl
@CoolNarayanan
@haran5199
@viki3380
@rudhrarajni
@MRajamanoj
@siddhu922",,,,26/01/2017 12:05,https://twitter.com/#!/contestadventur/status/824588997460520960,,,8.24589E+17,8.24217E+17
contestadventur,haran5199,Mentions,26/01/2017 12:05,"Join in
@thexoxoday
@AkashNarayan98
@giri_dharan_19
@govindh_offl
@CoolNarayanan
@haran5199
@viki3380
@rudhrarajni
@MRajamanoj
@siddhu922",,,,26/01/2017 12:05,https://twitter.com/#!/contestadventur/status/824588997460520960,,,8.24589E+17,8.24217E+17
contestadventur,coolnarayanan,Mentions,26/01/2017 12:05,"Join in
@thexoxoday
@AkashNarayan98
@giri_dharan_19
@govindh_offl
@CoolNarayanan
@haran5199
@viki3380
@rudhrarajni
@MRajamanoj
@siddhu922",,,,26/01/2017 12:05,https://twitter.com/#!/contestadventur/status/824588997460520960,,,8.24589E+17,8.24217E+17
contestadventur,giri_dharan_19,Mentions,26/01/2017 12:05,"Join in
@thexoxoday
@AkashNarayan98
@giri_dharan_19
@govindh_offl
@CoolNarayanan
@haran5199
@viki3380
@rudhrarajni
@MRajamanoj
@siddhu922",,,,26/01/2017 12:05,https://twitter.com/#!/contestadventur/status/824588997460520960,,,8.24589E+17,8.24217E+17
contestadventur,akashnarayan98,Mentions,26/01/2017 12:05,"Join in
@thexoxoday
@AkashNarayan98
@giri_dharan_19
@govindh_offl
@CoolNarayanan
@haran5199
@viki3380
@rudhrarajni
@MRajamanoj
@siddhu922",,,,26/01/2017 12:05,https://twitter.com/#!/contestadventur/status/824588997460520960,,,8.24589E+17,8.24217E+17
contestadventur,agnelsujinx,Mentions,26/01/2017 12:05,"Join in
@thexoxoday
@thishanujanvij2
@itisprashanth
@classy_offl
@beemji
@jaSbNy
@alpha93339
@Waynekatesh
@YouTube
@joee_27
@agnelsujinx",,,,26/01/2017 12:05,https://twitter.com/#!/contestadventur/status/824589160098902018,,,8.24589E+17,8.24217E+17
contestadventur,joee_27,Mentions,26/01/2017 12:05,"Join in
@thexoxoday
@thishanujanvij2
@itisprashanth
@classy_offl
@beemji
@jaSbNy
@alpha93339
@Waynekatesh
@YouTube
@joee_27
@agnelsujinx",,,,26/01/2017 12:05,https://twitter.com/#!/contestadventur/status/824589160098902018,,,8.24589E+17,8.24217E+17
contestadventur,youtube,Mentions,26/01/2017 12:05,"Join in
@thexoxoday
@thishanujanvij2
@itisprashanth
@classy_offl
@beemji
@jaSbNy
@alpha93339
@Waynekatesh
@YouTube
@joee_27
@agnelsujinx",,,,26/01/2017 12:05,https://twitter.com/#!/contestadventur/status/824589160098902018,,,8.24589E+17,8.24217E+17
contestadventur,waynekatesh,Mentions,26/01/2017 12:05,"Join in
@thexoxoday
@thishanujanvij2
@itisprashanth
@classy_offl
@beemji
@jaSbNy
@alpha93339
@Waynekatesh
@YouTube
@joee_27
@agnelsujinx",,,,26/01/2017 12:05,https://twitter.com/#!/contestadventur/status/824589160098902018,,,8.24589E+17,8.24217E+17
contestadventur,alpha93339,Mentions,26/01/2017 12:05,"Join in
@thexoxoday
@thishanujanvij2
@itisprashanth
@classy_offl
@beemji
@jaSbNy
@alpha93339
@Waynekatesh
@YouTube
@joee_27
@agnelsujinx",,,,26/01/2017 12:05,https://twitter.com/#!/contestadventur/status/824589160098902018,,,8.24589E+17,8.24217E+17
contestadventur,jasbny,Mentions,26/01/2017 12:05,"Join in
@thexoxoday
@thishanujanvij2
@itisprashanth
@classy_offl
@beemji
@jaSbNy
@alpha93339
@Waynekatesh
@YouTube
@joee_27
@agnelsujinx",,,,26/01/2017 12:05,https://twitter.com/#!/contestadventur/status/824589160098902018,,,8.24589E+17,8.24217E+17
contestadventur,beemji,Mentions,26/01/2017 12:05,"Join in
@thexoxoday
@thishanujanvij2
@itisprashanth
@classy_offl
@beemji
@jaSbNy
@alpha93339
@Waynekatesh
@YouTube
@joee_27
@agnelsujinx",,,,26/01/2017 12:05,https://twitter.com/#!/contestadventur/status/824589160098902018,,,8.24589E+17,8.24217E+17
contestadventur,classy_offl,Mentions,26/01/2017 12:05,"Join in
@thexoxoday
@thishanujanvij2
@itisprashanth
@classy_offl
@beemji
@jaSbNy
@alpha93339
@Waynekatesh
@YouTube
@joee_27
@agnelsujinx",,,,26/01/2017 12:05,https://twitter.com/#!/contestadventur/status/824589160098902018,,,8.24589E+17,8.24217E+17
contestadventur,itisprashanth,Mentions,26/01/2017 12:05,"Join in
@thexoxoday
@thishanujanvij2
@itisprashanth
@classy_offl
@beemji
@jaSbNy
@alpha93339
@Waynekatesh
@YouTube
@joee_27
@agnelsujinx",,,,26/01/2017 12:05,https://twitter.com/#!/contestadventur/status/824589160098902018,,,8.24589E+17,8.24217E+17
contestadventur,thishanujanvij2,Mentions,26/01/2017 12:05,"Join in
@thexoxoday
@thishanujanvij2
@itisprashanth
@classy_offl
@beemji
@jaSbNy
@alpha93339
@Waynekatesh
@YouTube
@joee_27
@agnelsujinx",,,,26/01/2017 12:05,https://twitter.com/#!/contestadventur/status/824589160098902018,,,8.24589E+17,8.24217E+17
contestadventur,itisshiva,Mentions,26/01/2017 12:06,"Join in
@thexoxoday
@bhaski002
@senthilrsk85
@mano_dtsi
@theVcreations
@alameenindia
@jkjwilliam_john
@csk_mgr
@Vijay22Harish
@ItisShiva",,,,26/01/2017 12:06,https://twitter.com/#!/contestadventur/status/824589218638819328,,,8.24589E+17,8.24217E+17
contestadventur,vijay22harish,Mentions,26/01/2017 12:06,"Join in
@thexoxoday
@bhaski002
@senthilrsk85
@mano_dtsi
@theVcreations
@alameenindia
@jkjwilliam_john
@csk_mgr
@Vijay22Harish
@ItisShiva",,,,26/01/2017 12:06,https://twitter.com/#!/contestadventur/status/824589218638819328,,,8.24589E+17,8.24217E+17
contestadventur,csk_mgr,Mentions,26/01/2017 12:06,"Join in
@thexoxoday
@bhaski002
@senthilrsk85
@mano_dtsi
@theVcreations
@alameenindia
@jkjwilliam_john
@csk_mgr
@Vijay22Harish
@ItisShiva",,,,26/01/2017 12:06,https://twitter.com/#!/contestadventur/status/824589218638819328,,,8.24589E+17,8.24217E+17
contestadventur,jkjwilliam_john,Mentions,26/01/2017 12:06,"Join in
@thexoxoday
@bhaski002
@senthilrsk85
@mano_dtsi
@theVcreations
@alameenindia
@jkjwilliam_john
@csk_mgr
@Vijay22Harish
@ItisShiva",,,,26/01/2017 12:06,https://twitter.com/#!/contestadventur/status/824589218638819328,,,8.24589E+17,8.24217E+17
contestadventur,alameenindia,Mentions,26/01/2017 12:06,"Join in
@thexoxoday
@bhaski002
@senthilrsk85
@mano_dtsi
@theVcreations
@alameenindia
@jkjwilliam_john
@csk_mgr
@Vijay22Harish
@ItisShiva",,,,26/01/2017 12:06,https://twitter.com/#!/contestadventur/status/824589218638819328,,,8.24589E+17,8.24217E+17
contestadventur,thevcreations,Mentions,26/01/2017 12:06,"Join in
@thexoxoday
@bhaski002
@senthilrsk85
@mano_dtsi
@theVcreations
@alameenindia
@jkjwilliam_john
@csk_mgr
@Vijay22Harish
@ItisShiva",,,,26/01/2017 12:06,https://twitter.com/#!/contestadventur/status/824589218638819328,,,8.24589E+17,8.24217E+17
contestadventur,mano_dtsi,Mentions,26/01/2017 12:06,"Join in
@thexoxoday
@bhaski002
@senthilrsk85
@mano_dtsi
@theVcreations
@alameenindia
@jkjwilliam_john
@csk_mgr
@Vijay22Harish
@ItisShiva",,,,26/01/2017 12:06,https://twitter.com/#!/contestadventur/status/824589218638819328,,,8.24589E+17,8.24217E+17
contestadventur,senthilrsk85,Mentions,26/01/2017 12:06,"Join in
@thexoxoday
@bhaski002
@senthilrsk85
@mano_dtsi
@theVcreations
@alameenindia
@jkjwilliam_john
@csk_mgr
@Vijay22Harish
@ItisShiva",,,,26/01/2017 12:06,https://twitter.com/#!/contestadventur/status/824589218638819328,,,8.24589E+17,8.24217E+17
contestadventur,bhaski002,Mentions,26/01/2017 12:06,"Join in
@thexoxoday
@bhaski002
@senthilrsk85
@mano_dtsi
@theVcreations
@alameenindia
@jkjwilliam_john
@csk_mgr
@Vijay22Harish
@ItisShiva",,,,26/01/2017 12:06,https://twitter.com/#!/contestadventur/status/824589218638819328,,,8.24589E+17,8.24217E+17
contestadventur,thangarajscea,Mentions,26/01/2017 12:06,"Join in
@thexoxoday
@thehappykumar
@akhil_akhil4490
@Virgonathan
@Teju_VT
@shiyamjack
@Er_Sharaj
@meeraadhinakar
@csmoon005
@thangarajscea",,,,26/01/2017 12:06,https://twitter.com/#!/contestadventur/status/824589308484935681,,,8.24589E+17,8.24217E+17
contestadventur,csmoon005,Mentions,26/01/2017 12:06,"Join in
@thexoxoday
@thehappykumar
@akhil_akhil4490
@Virgonathan
@Teju_VT
@shiyamjack
@Er_Sharaj
@meeraadhinakar
@csmoon005
@thangarajscea",,,,26/01/2017 12:06,https://twitter.com/#!/contestadventur/status/824589308484935681,,,8.24589E+17,8.24217E+17
contestadventur,meeraadhinakar,Mentions,26/01/2017 12:06,"Join in
@thexoxoday
@thehappykumar
@akhil_akhil4490
@Virgonathan
@Teju_VT
@shiyamjack
@Er_Sharaj
@meeraadhinakar
@csmoon005
@thangarajscea",,,,26/01/2017 12:06,https://twitter.com/#!/contestadventur/status/824589308484935681,,,8.24589E+17,8.24217E+17
contestadventur,er_sharaj,Mentions,26/01/2017 12:06,"Join in
@thexoxoday
@thehappykumar
@akhil_akhil4490
@Virgonathan
@Teju_VT
@shiyamjack
@Er_Sharaj
@meeraadhinakar
@csmoon005
@thangarajscea",,,,26/01/2017 12:06,https://twitter.com/#!/contestadventur/status/824589308484935681,,,8.24589E+17,8.24217E+17
contestadventur,shiyamjack,Mentions,26/01/2017 12:06,"Join in
@thexoxoday
@thehappykumar
@akhil_akhil4490
@Virgonathan
@Teju_VT
@shiyamjack
@Er_Sharaj
@meeraadhinakar
@csmoon005
@thangarajscea",,,,26/01/2017 12:06,https://twitter.com/#!/contestadventur/status/824589308484935681,,,8.24589E+17,8.24217E+17
contestadventur,teju_vt,Mentions,26/01/2017 12:06,"Join in
@thexoxoday
@thehappykumar
@akhil_akhil4490
@Virgonathan
@Teju_VT
@shiyamjack
@Er_Sharaj
@meeraadhinakar
@csmoon005
@thangarajscea",,,,26/01/2017 12:06,https://twitter.com/#!/contestadventur/status/824589308484935681,,,8.24589E+17,8.24217E+17
contestadventur,virgonathan,Mentions,26/01/2017 12:06,"Join in
@thexoxoday
@thehappykumar
@akhil_akhil4490
@Virgonathan
@Teju_VT
@shiyamjack
@Er_Sharaj
@meeraadhinakar
@csmoon005
@thangarajscea",,,,26/01/2017 12:06,https://twitter.com/#!/contestadventur/status/824589308484935681,,,8.24589E+17,8.24217E+17
contestadventur,akhil_akhil4490,Mentions,26/01/2017 12:06,"Join in
@thexoxoday
@thehappykumar
@akhil_akhil4490
@Virgonathan
@Teju_VT
@shiyamjack
@Er_Sharaj
@meeraadhinakar
@csmoon005
@thangarajscea",,,,26/01/2017 12:06,https://twitter.com/#!/contestadventur/status/824589308484935681,,,8.24589E+17,8.24217E+17
contestadventur,thehappykumar,Mentions,26/01/2017 12:06,"Join in
@thexoxoday
@thehappykumar
@akhil_akhil4490
@Virgonathan
@Teju_VT
@shiyamjack
@Er_Sharaj
@meeraadhinakar
@csmoon005
@thangarajscea",,,,26/01/2017 12:06,https://twitter.com/#!/contestadventur/status/824589308484935681,,,8.24589E+17,8.24217E+17
contestadventur,sahana48,Mentions,26/01/2017 12:06,"Join in
@thexoxoday
@Official_Sri30
@vumeshanand
@rajeshkumarsamy
@AngelusArch
@ranjithjuly92
@sivasankarcbe
@Monish_P
@sahana48",,,,26/01/2017 12:06,https://twitter.com/#!/contestadventur/status/824589398314414081,,,8.24589E+17,8.24217E+17
contestadventur,monish_p,Mentions,26/01/2017 12:06,"Join in
@thexoxoday
@Official_Sri30
@vumeshanand
@rajeshkumarsamy
@AngelusArch
@ranjithjuly92
@sivasankarcbe
@Monish_P
@sahana48",,,,26/01/2017 12:06,https://twitter.com/#!/contestadventur/status/824589398314414081,,,8.24589E+17,8.24217E+17
contestadventur,sivasankarcbe,Mentions,26/01/2017 12:06,"Join in
@thexoxoday
@Official_Sri30
@vumeshanand
@rajeshkumarsamy
@AngelusArch
@ranjithjuly92
@sivasankarcbe
@Monish_P
@sahana48",,,,26/01/2017 12:06,https://twitter.com/#!/contestadventur/status/824589398314414081,,,8.24589E+17,8.24217E+17
contestadventur,ranjithjuly92,Mentions,26/01/2017 12:06,"Join in
@thexoxoday
@Official_Sri30
@vumeshanand
@rajeshkumarsamy
@AngelusArch
@ranjithjuly92
@sivasankarcbe
@Monish_P
@sahana48",,,,26/01/2017 12:06,https://twitter.com/#!/contestadventur/status/824589398314414081,,,8.24589E+17,8.24217E+17
contestadventur,angelusarch,Mentions,26/01/2017 12:06,"Join in
@thexoxoday
@Official_Sri30
@vumeshanand
@rajeshkumarsamy
@AngelusArch
@ranjithjuly92
@sivasankarcbe
@Monish_P
@sahana48",,,,26/01/2017 12:06,https://twitter.com/#!/contestadventur/status/824589398314414081,,,8.24589E+17,8.24217E+17
contestadventur,rajeshkumarsamy,Mentions,26/01/2017 12:06,"Join in
@thexoxoday
@Official_Sri30
@vumeshanand
@rajeshkumarsamy
@AngelusArch
@ranjithjuly92
@sivasankarcbe
@Monish_P
@sahana48",,,,26/01/2017 12:06,https://twitter.com/#!/contestadventur/status/824589398314414081,,,8.24589E+17,8.24217E+17
contestadventur,vumeshanand,Mentions,26/01/2017 12:06,"Join in
@thexoxoday
@Official_Sri30
@vumeshanand
@rajeshkumarsamy
@AngelusArch
@ranjithjuly92
@sivasankarcbe
@Monish_P
@sahana48",,,,26/01/2017 12:06,https://twitter.com/#!/contestadventur/status/824589398314414081,,,8.24589E+17,8.24217E+17
contestadventur,official_sri30,Mentions,26/01/2017 12:06,"Join in
@thexoxoday
@Official_Sri30
@vumeshanand
@rajeshkumarsamy
@AngelusArch
@ranjithjuly92
@sivasankarcbe
@Monish_P
@sahana48",,,,26/01/2017 12:06,https://twitter.com/#!/contestadventur/status/824589398314414081,,,8.24589E+17,8.24217E+17
abhineshkgupta,lynnpereira30,Mentions,26/01/2017 08:41,@thexoxoday guys join in @sidbansal22 @reach2deepak @GavinRR1 @priyabansal66 @lynnpereira30 https://t.co/SSmHIpt9Pb,https://twitter.com/thexoxoday/status/824216655802880000,twitter.com,,26/01/2017 08:41,https://twitter.com/#!/abhineshkgupta/status/824537826087821312,,,8.24538E+17,
abhineshkgupta,gavinrr1,Mentions,26/01/2017 08:41,@thexoxoday guys join in @sidbansal22 @reach2deepak @GavinRR1 @priyabansal66 @lynnpereira30 https://t.co/SSmHIpt9Pb,https://twitter.com/thexoxoday/status/824216655802880000,twitter.com,,26/01/2017 08:41,https://twitter.com/#!/abhineshkgupta/status/824537826087821312,,,8.24538E+17,
abhineshkgupta,reach2deepak,Mentions,26/01/2017 08:41,@thexoxoday guys join in @sidbansal22 @reach2deepak @GavinRR1 @priyabansal66 @lynnpereira30 https://t.co/SSmHIpt9Pb,https://twitter.com/thexoxoday/status/824216655802880000,twitter.com,,26/01/2017 08:41,https://twitter.com/#!/abhineshkgupta/status/824537826087821312,,,8.24538E+17,
sharmaheena821,thexoxoday,Mentions,26/01/2017 15:56,RT @thexoxoday: Keep participating in our #contest to win an Audi Q3 ride and a lavish dinner for two at the Taj Mahal Palace! #ContestAler…,,,contest,26/01/2017 15:56,https://twitter.com/#!/sharmaheena821/status/824647217499766784,,,8.24647E+17,
sharmaheena821,thexoxoday,Mentions,26/01/2017 15:56,RT @thexoxoday: Our contest is #LIVE! Follow us to #participate and #RT and tag 5 of your friends to #win! #ContestAlert #Contest https://t…,,,live participate rt win contestalert contest,26/01/2017 15:56,https://twitter.com/#!/sharmaheena821/status/824647225422835712,,,8.24647E+17,
mochapaper,thexoxoday,Mentions,26/01/2017 15:58,RT @thexoxoday: Our contest is #LIVE! Follow us to #participate and #RT and tag 5 of your friends to #win! #ContestAlert #Contest https://t…,,,live participate rt win contestalert contest,26/01/2017 15:58,https://twitter.com/#!/mochapaper/status/824647592537645056,,,8.24648E+17,
teresa_diaz__,thexoxoday,Mentions,26/01/2017 16:01,RT @thexoxoday: Our contest is #LIVE! Follow us to #participate and #RT and tag 5 of your friends to #win! #ContestAlert #Contest https://t…,,,live participate rt win contestalert contest,26/01/2017 16:01,https://twitter.com/#!/teresa_diaz__/status/824648367527452672,,,8.24648E+17,
jasonsullivan29,thexoxoday,Mentions,26/01/2017 16:01,RT @thexoxoday: Our contest is #LIVE! Follow us to #participate and #RT and tag 5 of your friends to #win! #ContestAlert #Contest https://t…,,,live participate rt win contestalert contest,26/01/2017 16:01,https://twitter.com/#!/jasonsullivan29/status/824648371021320192,,,8.24648E+17,
angelareed_uk,thexoxoday,Mentions,26/01/2017 16:01,RT @thexoxoday: Our contest is #LIVE! Follow us to #participate and #RT and tag 5 of your friends to #win! #ContestAlert #Contest https://t…,,,live participate rt win contestalert contest,26/01/2017 16:01,https://twitter.com/#!/angelareed_uk/status/824648382815895561,,,8.24648E+17,
ronaldperez_,thexoxoday,Mentions,26/01/2017 16:01,RT @thexoxoday: Our contest is #LIVE! Follow us to #participate and #RT and tag 5 of your friends to #win! #ContestAlert #Contest https://t…,,,live participate rt win contestalert contest,26/01/2017 16:01,https://twitter.com/#!/ronaldperez_/status/824648396036136960,,,8.24648E+17,
agarwalkshweta,kamal_bansal,Mentions,26/01/2017 17:10,@thexoxoday you wanna ride? Check this out @sidbansal22 @harshulagarwal @amey_p @fawked @Kamal_Bansal,,,,26/01/2017 17:10,https://twitter.com/#!/agarwalkshweta/status/824665885449289730,,,8.24666E+17,8.24256E+17
agarwalkshweta,kamal_bansal,Mentions,26/01/2017 17:10,@thexoxoday you wanna ride? Check this out @sidbansal22 @harshulagarwal @amey_p @fawked @Kamal_Bansal https://t.co/3OZ3B7RstE,https://twitter.com/thexoxoday/status/824255784708165632,twitter.com,,26/01/2017 17:10,https://twitter.com/#!/agarwalkshweta/status/824665943989190658,,,8.24666E+17,
agarwalkshweta,amey_p,Mentions,26/01/2017 17:10,@thexoxoday you wanna ride? Check this out @sidbansal22 @harshulagarwal @amey_p @fawked @Kamal_Bansal,,,,26/01/2017 17:10,https://twitter.com/#!/agarwalkshweta/status/824665885449289730,,,8.24666E+17,8.24256E+17
agarwalkshweta,amey_p,Mentions,26/01/2017 17:10,@thexoxoday you wanna ride? Check this out @sidbansal22 @harshulagarwal @amey_p @fawked @Kamal_Bansal https://t.co/3OZ3B7RstE,https://twitter.com/thexoxoday/status/824255784708165632,twitter.com,,26/01/2017 17:10,https://twitter.com/#!/agarwalkshweta/status/824665943989190658,,,8.24666E+17,
agarwalkshweta,harshulagarwal,Mentions,26/01/2017 17:10,@thexoxoday you wanna ride? Check this out @sidbansal22 @harshulagarwal @amey_p @fawked @Kamal_Bansal,,,,26/01/2017 17:10,https://twitter.com/#!/agarwalkshweta/status/824665885449289730,,,8.24666E+17,8.24256E+17
agarwalkshweta,harshulagarwal,Mentions,26/01/2017 17:10,@thexoxoday you wanna ride? Check this out @sidbansal22 @harshulagarwal @amey_p @fawked @Kamal_Bansal https://t.co/3OZ3B7RstE,https://twitter.com/thexoxoday/status/824255784708165632,twitter.com,,26/01/2017 17:10,https://twitter.com/#!/agarwalkshweta/status/824665943989190658,,,8.24666E+17,
nehalroys,jenilparikh19,Mentions,26/01/2017 17:44,@thexoxoday @satyasroy @goldenheart31 @yugesh76896737 @SejalPa50039734 @jenilparikh19 #contestalert,,,contestalert,26/01/2017 17:44,https://twitter.com/#!/nehalroys/status/824674372493438982,,,8.24674E+17,8.24256E+17
nehalroys,sejalpa50039734,Mentions,26/01/2017 17:44,@thexoxoday @satyasroy @goldenheart31 @yugesh76896737 @SejalPa50039734 @jenilparikh19 #contestalert,,,contestalert,26/01/2017 17:44,https://twitter.com/#!/nehalroys/status/824674372493438982,,,8.24674E+17,8.24256E+17
nehalroys,yugesh76896737,Mentions,26/01/2017 17:44,@thexoxoday @satyasroy @goldenheart31 @yugesh76896737 @SejalPa50039734 @jenilparikh19 #contestalert,,,contestalert,26/01/2017 17:44,https://twitter.com/#!/nehalroys/status/824674372493438982,,,8.24674E+17,8.24256E+17
nehalroys,goldenheart31,Mentions,26/01/2017 17:44,@thexoxoday @satyasroy @goldenheart31 @yugesh76896737 @SejalPa50039734 @jenilparikh19 #contestalert,,,contestalert,26/01/2017 17:44,https://twitter.com/#!/nehalroys/status/824674372493438982,,,8.24674E+17,8.24256E+17
contestadventur,satyasroy,Mentions,26/01/2017 10:42,"Join in
@thexoxoday
@meens_m
@pratheeshu1
@PankajSoin
@apoorvapratap
@nihi_p
@jpneo
@poojaalld
@bhelman9
@satyasroy
@siljapillai
@yayam02",,,,26/01/2017 10:42,https://twitter.com/#!/contestadventur/status/824568224222031872,,,8.24568E+17,8.24217E+17
nehalroys,satyasroy,Mentions,26/01/2017 17:44,@thexoxoday @satyasroy @goldenheart31 @yugesh76896737 @SejalPa50039734 @jenilparikh19 #contestalert,,,contestalert,26/01/2017 17:44,https://twitter.com/#!/nehalroys/status/824674372493438982,,,8.24674E+17,8.24256E+17
nehalroys,thexoxoday,Mentions,26/01/2017 17:43,RT @thexoxoday: Our #Contest is #live! #RT and tag 5 of your friends to win this dream ride on an Audi R8 and a Dinner at Taj Mahal Palace!…,,,contest live rt,26/01/2017 17:43,https://twitter.com/#!/nehalroys/status/824674157719932930,,,8.24674E+17,
nehalroys,thexoxoday,Mentions,26/01/2017 17:43,RT @thexoxoday: Our contest is #LIVE! Follow us to #participate and #RT and tag 5 of your friends to #win! #ContestAlert #Contest https://t…,,,live participate rt win contestalert contest,26/01/2017 17:43,https://twitter.com/#!/nehalroys/status/824674173863809024,,,8.24674E+17,
nehalroys,thexoxoday,Replies to,26/01/2017 17:44,@thexoxoday @satyasroy @goldenheart31 @yugesh76896737 @SejalPa50039734 @jenilparikh19 #contestalert,,,contestalert,26/01/2017 17:44,https://twitter.com/#!/nehalroys/status/824674372493438982,,,8.24674E+17,8.24256E+17
nehalroys,contest_hub,Mentions,26/01/2017 17:45,@thexoxoday  @ContestAdventur @india4contests @contestmantra @ContestMela @thefreejinn @ContestKiDuniya  @ContestsAlert @Contest_Hub,,,,26/01/2017 17:45,https://twitter.com/#!/nehalroys/status/824674570397425671,,,8.24675E+17,8.24256E+17
nehalroys,contestsalert,Mentions,26/01/2017 17:45,@thexoxoday  @ContestAdventur @india4contests @contestmantra @ContestMela @thefreejinn @ContestKiDuniya  @ContestsAlert @Contest_Hub,,,,26/01/2017 17:45,https://twitter.com/#!/nehalroys/status/824674570397425671,,,8.24675E+17,8.24256E+17
nehalroys,contestkiduniya,Mentions,26/01/2017 17:45,@thexoxoday  @ContestAdventur @india4contests @contestmantra @ContestMela @thefreejinn @ContestKiDuniya  @ContestsAlert @Contest_Hub,,,,26/01/2017 17:45,https://twitter.com/#!/nehalroys/status/824674570397425671,,,8.24675E+17,8.24256E+17
nehalroys,thefreejinn,Mentions,26/01/2017 17:45,@thexoxoday  @ContestAdventur @india4contests @contestmantra @ContestMela @thefreejinn @ContestKiDuniya  @ContestsAlert @Contest_Hub,,,,26/01/2017 17:45,https://twitter.com/#!/nehalroys/status/824674570397425671,,,8.24675E+17,8.24256E+17
nehalroys,contestmela,Mentions,26/01/2017 17:45,@thexoxoday  @ContestAdventur @india4contests @contestmantra @ContestMela @thefreejinn @ContestKiDuniya  @ContestsAlert @Contest_Hub,,,,26/01/2017 17:45,https://twitter.com/#!/nehalroys/status/824674570397425671,,,8.24675E+17,8.24256E+17
nehalroys,contestmantra,Mentions,26/01/2017 17:45,@thexoxoday  @ContestAdventur @india4contests @contestmantra @ContestMela @thefreejinn @ContestKiDuniya  @ContestsAlert @Contest_Hub,,,,26/01/2017 17:45,https://twitter.com/#!/nehalroys/status/824674570397425671,,,8.24675E+17,8.24256E+17
nehalroys,india4contests,Mentions,26/01/2017 17:45,@thexoxoday  @ContestAdventur @india4contests @contestmantra @ContestMela @thefreejinn @ContestKiDuniya  @ContestsAlert @Contest_Hub,,,,26/01/2017 17:45,https://twitter.com/#!/nehalroys/status/824674570397425671,,,8.24675E+17,8.24256E+17
nehalroys,contestadventur,Mentions,26/01/2017 17:45,@thexoxoday  @ContestAdventur @india4contests @contestmantra @ContestMela @thefreejinn @ContestKiDuniya  @ContestsAlert @Contest_Hub,,,,26/01/2017 17:45,https://twitter.com/#!/nehalroys/status/824674570397425671,,,8.24675E+17,8.24256E+17
nehalroys,thexoxoday,Replies to,26/01/2017 17:45,@thexoxoday  @ContestAdventur @india4contests @contestmantra @ContestMela @thefreejinn @ContestKiDuniya  @ContestsAlert @Contest_Hub,,,,26/01/2017 17:45,https://twitter.com/#!/nehalroys/status/824674570397425671,,,8.24675E+17,8.24256E+17
nehalroys,contestalert,Mentions,26/01/2017 17:45,@thexoxoday @ContestAlert wish to get luckiest here,,,,26/01/2017 17:45,https://twitter.com/#!/nehalroys/status/824674643860738048,,,8.24675E+17,8.24256E+17
nehalroys,thexoxoday,Replies to,26/01/2017 17:45,@thexoxoday @ContestAlert wish to get luckiest here,,,,26/01/2017 17:45,https://twitter.com/#!/nehalroys/status/824674643860738048,,,8.24675E+17,8.24256E+17
nehalroys,thexoxoday,Mentions,26/01/2017 17:46,RT @thexoxoday: Keep participating in our #contest to win an Audi Q3 ride and a lavish dinner for two at the Taj Mahal Palace! #ContestAler…,,,contest,26/01/2017 17:46,https://twitter.com/#!/nehalroys/status/824674765986263044,,,8.24675E+17,
nehalroys,thexoxoday,Mentions,26/01/2017 17:46,RT @thexoxoday: A shoutout to everyone who wants to #Participate! Our #contest is now live! Follow us to participate. #RT and tag 5 of your…,,,participate contest rt,26/01/2017 17:46,https://twitter.com/#!/nehalroys/status/824674820730355712,,,8.24675E+17,
nehalroys,audi,Mentions,26/01/2017 17:47,@thexoxoday @thexoxoday wanna win this luxurious experience wid  @Audi and @tajmahalplace,,,,26/01/2017 17:47,https://twitter.com/#!/nehalroys/status/824675024741265408,,,8.24675E+17,8.24231E+17
nehalroys,thexoxoday,Replies to,26/01/2017 17:47,@thexoxoday @thexoxoday wanna win this luxurious experience wid  @Audi and @tajmahalplace,,,,26/01/2017 17:47,https://twitter.com/#!/nehalroys/status/824675024741265408,,,8.24675E+17,8.24231E+17
nehalroys,dewcool2,Mentions,26/01/2017 17:47,RT @thexoxoday: Our #Contest is now live! #RT and tag 5 of your friends to #win an Audi R8 ride and dinner at Taj! #ContestAlert @dewcool2…,,,contest rt win contestalert,26/01/2017 17:47,https://twitter.com/#!/nehalroys/status/824675258766659584,,,8.24675E+17,
nehalroys,thexoxoday,Mentions,26/01/2017 17:47,RT @thexoxoday: Our #Contest is now live! #RT and tag 5 of your friends to #win an Audi R8 ride and dinner at Taj! #ContestAlert @dewcool2…,,,contest rt win contestalert,26/01/2017 17:47,https://twitter.com/#!/nehalroys/status/824675258766659584,,,8.24675E+17,
nehalroys,thexoxoday,Mentions,26/01/2017 17:48,RT @thexoxoday: We are #live with our #contest! Follow to participate. All you have to do is #RT and tag 5 of your friends to win! https://…,,,live contest rt,26/01/2017 17:48,https://twitter.com/#!/nehalroys/status/824675270267404289,,,8.24675E+17,
nehalroys,thexoxoday,Mentions,26/01/2017 17:48,"RT @thexoxoday: #ContestAlert Remember, Follow Us to Participate! #contest #contestindia #ContestofChampions https://t.co/yD5kFC1kES",,,contestalert contest contestindia contestofchampions,26/01/2017 17:48,https://twitter.com/#!/nehalroys/status/824675283085197312,,,8.24675E+17,
nehalroys,broke,Mentions,26/01/2017 17:48,RT @thexoxoday: We have a #contest coming up. Follow us to participate! @IndianContests @Contesttable @iheartcontest @photo_contests @Broke…,,,contest,26/01/2017 17:48,https://twitter.com/#!/nehalroys/status/824675299182997506,,,8.24675E+17,
nehalroys,photo_contests,Mentions,26/01/2017 17:48,RT @thexoxoday: We have a #contest coming up. Follow us to participate! @IndianContests @Contesttable @iheartcontest @photo_contests @Broke…,,,contest,26/01/2017 17:48,https://twitter.com/#!/nehalroys/status/824675299182997506,,,8.24675E+17,
nehalroys,iheartcontest,Mentions,26/01/2017 17:48,RT @thexoxoday: We have a #contest coming up. Follow us to participate! @IndianContests @Contesttable @iheartcontest @photo_contests @Broke…,,,contest,26/01/2017 17:48,https://twitter.com/#!/nehalroys/status/824675299182997506,,,8.24675E+17,
nehalroys,contesttable,Mentions,26/01/2017 17:48,RT @thexoxoday: We have a #contest coming up. Follow us to participate! @IndianContests @Contesttable @iheartcontest @photo_contests @Broke…,,,contest,26/01/2017 17:48,https://twitter.com/#!/nehalroys/status/824675299182997506,,,8.24675E+17,
nehalroys,thexoxoday,Mentions,26/01/2017 17:48,RT @thexoxoday: We have a #contest coming up. Follow us to participate! @IndianContests @Contesttable @iheartcontest @photo_contests @Broke…,,,contest,26/01/2017 17:48,https://twitter.com/#!/nehalroys/status/824675299182997506,,,8.24675E+17,
nehalroys,ruchirasalvi2,Mentions,26/01/2017 17:48,"RT @thexoxoday: We have a contest coming up, you guys! Follow us to participate. @plum_paradise @mala_24amrish @ruchirasalvi2 @Acharyaempir…",,,,26/01/2017 17:48,https://twitter.com/#!/nehalroys/status/824675310239121412,,,8.24675E+17,
nehalroys,mala_24amrish,Mentions,26/01/2017 17:48,"RT @thexoxoday: We have a contest coming up, you guys! Follow us to participate. @plum_paradise @mala_24amrish @ruchirasalvi2 @Acharyaempir…",,,,26/01/2017 17:48,https://twitter.com/#!/nehalroys/status/824675310239121412,,,8.24675E+17,
nehalroys,plum_paradise,Mentions,26/01/2017 17:48,"RT @thexoxoday: We have a contest coming up, you guys! Follow us to participate. @plum_paradise @mala_24amrish @ruchirasalvi2 @Acharyaempir…",,,,26/01/2017 17:48,https://twitter.com/#!/nehalroys/status/824675310239121412,,,8.24675E+17,
nehalroys,thexoxoday,Mentions,26/01/2017 17:48,"RT @thexoxoday: We have a contest coming up, you guys! Follow us to participate. @plum_paradise @mala_24amrish @ruchirasalvi2 @Acharyaempir…",,,,26/01/2017 17:48,https://twitter.com/#!/nehalroys/status/824675310239121412,,,8.24675E+17,
nehalroys,contestimeline,Mentions,26/01/2017 17:48,RT @thexoxoday: @ContesTimeline We have a #contest coming up. Give us a shoutout! #ContestAlert,,,contest contestalert,26/01/2017 17:48,https://twitter.com/#!/nehalroys/status/824675331441381378,,,8.24675E+17,
nehalroys,thexoxoday,Mentions,26/01/2017 17:48,RT @thexoxoday: @ContesTimeline We have a #contest coming up. Give us a shoutout! #ContestAlert,,,contest contestalert,26/01/2017 17:48,https://twitter.com/#!/nehalroys/status/824675331441381378,,,8.24675E+17,
nehalroys,contestinindia,Mentions,26/01/2017 17:48,RT @thexoxoday: An exciting contest is coming up in a few hours @contestinIndia! Share it with your followers team #ContestAlert #contest,,,contestalert contest,26/01/2017 17:48,https://twitter.com/#!/nehalroys/status/824675342136840193,,,8.24675E+17,
nehalroys,thexoxoday,Mentions,26/01/2017 17:48,RT @thexoxoday: An exciting contest is coming up in a few hours @contestinIndia! Share it with your followers team #ContestAlert #contest,,,contestalert contest,26/01/2017 17:48,https://twitter.com/#!/nehalroys/status/824675342136840193,,,8.24675E+17,
nehalroys,contestkiduniya,Mentions,26/01/2017 17:48,RT @thexoxoday: The contest will be live very soon @ContestKiDuniya . Give us a shoutout! #contest #ContestAlert,,,contest contestalert,26/01/2017 17:48,https://twitter.com/#!/nehalroys/status/824675352874258432,,,8.24675E+17,
nehalroys,thexoxoday,Mentions,26/01/2017 17:48,RT @thexoxoday: The contest will be live very soon @ContestKiDuniya . Give us a shoutout! #contest #ContestAlert,,,contest contestalert,26/01/2017 17:48,https://twitter.com/#!/nehalroys/status/824675352874258432,,,8.24675E+17,
nehalroys,thefreejinn,Mentions,26/01/2017 17:48,RT @thexoxoday: An exciting contest is coming up in a few hours @thefreejinn! Give us a shout out folks  #ContestAlert #Contest,,,contestalert contest,26/01/2017 17:48,https://twitter.com/#!/nehalroys/status/824675364953792514,,,8.24675E+17,
nehalroys,thexoxoday,Mentions,26/01/2017 17:48,RT @thexoxoday: An exciting contest is coming up in a few hours @thefreejinn! Give us a shout out folks  #ContestAlert #Contest,,,contestalert contest,26/01/2017 17:48,https://twitter.com/#!/nehalroys/status/824675364953792514,,,8.24675E+17,
nehalroys,contestmantra,Mentions,26/01/2017 17:48,RT @thexoxoday: Our contest will be live soon @contestmantra !Give us a shoutout team! #ContestAlert #Contest,,,contestalert contest,26/01/2017 17:48,https://twitter.com/#!/nehalroys/status/824675381353598976,,,8.24675E+17,
nehalroys,thexoxoday,Mentions,26/01/2017 17:48,RT @thexoxoday: Our contest will be live soon @contestmantra !Give us a shoutout team! #ContestAlert #Contest,,,contestalert contest,26/01/2017 17:48,https://twitter.com/#!/nehalroys/status/824675381353598976,,,8.24675E+17,
nehalroys,contestadventur,Mentions,26/01/2017 17:48,RT @thexoxoday: Team @ContestAdventur give us a shout out for our upcoming contest! https://t.co/NhL0pRdJtT,https://twitter.com/thexoxoday/status/824198983845351424,twitter.com,,26/01/2017 17:48,https://twitter.com/#!/nehalroys/status/824675398625718272,,,8.24675E+17,
nehalroys,thexoxoday,Mentions,26/01/2017 17:48,RT @thexoxoday: Team @ContestAdventur give us a shout out for our upcoming contest! https://t.co/NhL0pRdJtT,https://twitter.com/thexoxoday/status/824198983845351424,twitter.com,,26/01/2017 17:48,https://twitter.com/#!/nehalroys/status/824675398625718272,,,8.24675E+17,
nehalroys,contestindia_,Mentions,26/01/2017 17:48,RT @thexoxoday: #ContestAlert ! We have a #contest coming up in an hour. Keep watching this space for more! @ContestIndia_  @contestindia12…,,,contestalert contest,26/01/2017 17:48,https://twitter.com/#!/nehalroys/status/824675413280620544,,,8.24675E+17,
nehalroys,thexoxoday,Mentions,26/01/2017 17:48,RT @thexoxoday: #ContestAlert ! We have a #contest coming up in an hour. Keep watching this space for more! @ContestIndia_  @contestindia12…,,,contestalert contest,26/01/2017 17:48,https://twitter.com/#!/nehalroys/status/824675413280620544,,,8.24675E+17,
baileyfoodstuff,thexoxoday,Mentions,26/01/2017 19:14,RT @thexoxoday: Our #Contest is #live! #RT and tag 5 of your friends to win this dream ride on an Audi R8 and a Dinner at Taj Mahal Palace!…,,,contest live rt,26/01/2017 19:14,https://twitter.com/#!/baileyfoodstuff/status/824697072897101826,,,8.24697E+17,
contestadventur,mitch_john573,Mentions,26/01/2017 10:34,"Join in
@thexoxoday
@erpratik68
@ragavendhra29
@real_piyush
@iamsrk
@rachit_g2
@lohit_lion
@Mitch_John573
@asma05830717
@himatpatel5",,,,26/01/2017 10:34,https://twitter.com/#!/contestadventur/status/824566150176444416,,,8.24566E+17,8.24217E+17
mitch_john573,thexoxoday,Mentions,26/01/2017 11:16,RT @thexoxoday: A shoutout to everyone who wants to #Participate! Our #contest is now live! Follow us to participate. #RT and tag 5 of your…,,,participate contest rt,26/01/2017 11:16,https://twitter.com/#!/mitch_john573/status/824576642542481409,,,8.24577E+17,
mitch_john573,thexoxoday,Mentions,26/01/2017 11:16,RT @thexoxoday: Our #Contest is #live! #RT and tag 5 of your friends to win this dream ride on an Audi R8 and a Dinner at Taj Mahal Palace!…,,,contest live rt,26/01/2017 11:16,https://twitter.com/#!/mitch_john573/status/824576645071675394,,,8.24577E+17,
mitch_john573,thexoxoday,Mentions,26/01/2017 14:48,RT @thexoxoday: Our contest is #LIVE! Follow us to #participate and #RT and tag 5 of your friends to #win! #ContestAlert #Contest https://t…,,,live participate rt win contestalert contest,26/01/2017 14:48,https://twitter.com/#!/mitch_john573/status/824629992025792513,,,8.2463E+17,
mitch_john573,dewcool2,Mentions,26/01/2017 21:16,RT @thexoxoday: Our #Contest is now live! #RT and tag 5 of your friends to #win an Audi R8 ride and dinner at Taj! #ContestAlert @dewcool2…,,,contest rt win contestalert,26/01/2017 21:16,https://twitter.com/#!/mitch_john573/status/824727635489992704,,,8.24728E+17,
mitch_john573,thexoxoday,Mentions,26/01/2017 21:16,RT @thexoxoday: Our #Contest is now live! #RT and tag 5 of your friends to #win an Audi R8 ride and dinner at Taj! #ContestAlert @dewcool2…,,,contest rt win contestalert,26/01/2017 21:16,https://twitter.com/#!/mitch_john573/status/824727635489992704,,,8.24728E+17,
arsalan194708,thexoxoday,Mentions,27/01/2017 03:51,RT @thexoxoday: Our contest is #LIVE! Follow us to #participate and #RT and tag 5 of your friends to #win! #ContestAlert #Contest https://t…,,,live participate rt win contestalert contest,27/01/2017 03:51,https://twitter.com/#!/arsalan194708/status/824827074410070020,,,8.24827E+17,
sidbansal22,vbatra20,Mentions,26/01/2017 08:30,@thexoxoday Join in folks @K219Shruti @shraddha_bari  @Arampal88 @vbatra20 @pratima_talreja,,,,26/01/2017 08:30,https://twitter.com/#!/sidbansal22/status/824535072074301442,,,8.24535E+17,8.24217E+17
abhineshkgupta,fawked,Mentions,26/01/2017 08:39,RT @sidbansal22: @thexoxoday @priyabansal66 @agarwalkshweta @shwtz9 @fawked @abhineshkgupta,,,,26/01/2017 08:39,https://twitter.com/#!/abhineshkgupta/status/824537171789041664,,,8.24537E+17,
agarwalkshweta,fawked,Mentions,26/01/2017 17:10,@thexoxoday you wanna ride? Check this out @sidbansal22 @harshulagarwal @amey_p @fawked @Kamal_Bansal,,,,26/01/2017 17:10,https://twitter.com/#!/agarwalkshweta/status/824665885449289730,,,8.24666E+17,8.24256E+17
agarwalkshweta,fawked,Mentions,26/01/2017 17:10,@thexoxoday you wanna ride? Check this out @sidbansal22 @harshulagarwal @amey_p @fawked @Kamal_Bansal https://t.co/3OZ3B7RstE,https://twitter.com/thexoxoday/status/824255784708165632,twitter.com,,26/01/2017 17:10,https://twitter.com/#!/agarwalkshweta/status/824665943989190658,,,8.24666E+17,
sidbansal22,fawked,Mentions,26/01/2017 08:34,@thexoxoday @priyabansal66 @agarwalkshweta @shwtz9 @fawked @abhineshkgupta,,,,26/01/2017 08:34,https://twitter.com/#!/sidbansal22/status/824535942535020544,,,8.24536E+17,8.24217E+17
abhineshkgupta,shwtz9,Mentions,26/01/2017 08:39,RT @sidbansal22: @thexoxoday @priyabansal66 @agarwalkshweta @shwtz9 @fawked @abhineshkgupta,,,,26/01/2017 08:39,https://twitter.com/#!/abhineshkgupta/status/824537171789041664,,,8.24537E+17,
sidbansal22,shwtz9,Mentions,26/01/2017 08:34,@thexoxoday @priyabansal66 @agarwalkshweta @shwtz9 @fawked @abhineshkgupta,,,,26/01/2017 08:34,https://twitter.com/#!/sidbansal22/status/824535942535020544,,,8.24536E+17,8.24217E+17
abhineshkgupta,agarwalkshweta,Mentions,26/01/2017 08:39,RT @sidbansal22: @thexoxoday @priyabansal66 @agarwalkshweta @shwtz9 @fawked @abhineshkgupta,,,,26/01/2017 08:39,https://twitter.com/#!/abhineshkgupta/status/824537171789041664,,,8.24537E+17,
agarwalkshweta,thexoxoday,Mentions,26/01/2017 17:07,RT @thexoxoday: Our #Contest is #live! #RT and tag 5 of your friends to win this dream ride on an Audi R8 and a Dinner at Taj Mahal Palace!…,,,contest live rt,26/01/2017 17:07,https://twitter.com/#!/agarwalkshweta/status/824665026598473728,,,8.24665E+17,
agarwalkshweta,sidbansal22,Mentions,26/01/2017 17:10,@thexoxoday you wanna ride? Check this out @sidbansal22 @harshulagarwal @amey_p @fawked @Kamal_Bansal,,,,26/01/2017 17:10,https://twitter.com/#!/agarwalkshweta/status/824665885449289730,,,8.24666E+17,8.24256E+17
agarwalkshweta,thexoxoday,Replies to,26/01/2017 17:10,@thexoxoday you wanna ride? Check this out @sidbansal22 @harshulagarwal @amey_p @fawked @Kamal_Bansal,,,,26/01/2017 17:10,https://twitter.com/#!/agarwalkshweta/status/824665885449289730,,,8.24666E+17,8.24256E+17
agarwalkshweta,sidbansal22,Mentions,26/01/2017 17:10,@thexoxoday you wanna ride? Check this out @sidbansal22 @harshulagarwal @amey_p @fawked @Kamal_Bansal https://t.co/3OZ3B7RstE,https://twitter.com/thexoxoday/status/824255784708165632,twitter.com,,26/01/2017 17:10,https://twitter.com/#!/agarwalkshweta/status/824665943989190658,,,8.24666E+17,
agarwalkshweta,thexoxoday,Replies to,26/01/2017 17:10,@thexoxoday you wanna ride? Check this out @sidbansal22 @harshulagarwal @amey_p @fawked @Kamal_Bansal https://t.co/3OZ3B7RstE,https://twitter.com/thexoxoday/status/824255784708165632,twitter.com,,26/01/2017 17:10,https://twitter.com/#!/agarwalkshweta/status/824665943989190658,,,8.24666E+17,
sidbansal22,agarwalkshweta,Mentions,26/01/2017 08:34,@thexoxoday @priyabansal66 @agarwalkshweta @shwtz9 @fawked @abhineshkgupta,,,,26/01/2017 08:34,https://twitter.com/#!/sidbansal22/status/824535942535020544,,,8.24536E+17,8.24217E+17
sidbansal22,arampal88,Mentions,26/01/2017 08:30,@thexoxoday Join in folks @K219Shruti @shraddha_bari  @Arampal88 @vbatra20 @pratima_talreja,,,,26/01/2017 08:30,https://twitter.com/#!/sidbansal22/status/824535072074301442,,,8.24535E+17,8.24217E+17
sidbansal22,arampal88,Mentions,27/01/2017 04:23,@thexoxoday join in @UJ_INDI @ishandhatrak1 @KSricky @aviralmittal @Arampal88,,,,27/01/2017 04:23,https://twitter.com/#!/sidbansal22/status/824835229353406464,,,8.24835E+17,8.24832E+17
sidbansal22,aviralmittal,Mentions,27/01/2017 04:23,@thexoxoday join in @UJ_INDI @ishandhatrak1 @KSricky @aviralmittal @Arampal88,,,,27/01/2017 04:23,https://twitter.com/#!/sidbansal22/status/824835229353406464,,,8.24835E+17,8.24832E+17
sidbansal22,ksricky,Mentions,27/01/2017 04:23,@thexoxoday join in @UJ_INDI @ishandhatrak1 @KSricky @aviralmittal @Arampal88,,,,27/01/2017 04:23,https://twitter.com/#!/sidbansal22/status/824835229353406464,,,8.24835E+17,8.24832E+17
sidbansal22,ishandhatrak1,Mentions,27/01/2017 04:23,@thexoxoday join in @UJ_INDI @ishandhatrak1 @KSricky @aviralmittal @Arampal88,,,,27/01/2017 04:23,https://twitter.com/#!/sidbansal22/status/824835229353406464,,,8.24835E+17,8.24832E+17
binny_kukreja,akshay_gk47,Mentions,25/01/2017 14:04,@thexoxoday @akii_naik @Akshay_GK47 @nitin_cul @karanbanga110 @shounak_bafna join in #ContestAlert,,,contestalert,25/01/2017 14:04,https://twitter.com/#!/binny_kukreja/status/824256559987511297,,,8.24257E+17,8.24256E+17
akii_naik,akshay_gk47,Mentions,25/01/2017 15:47,RT @binny_kukreja: @thexoxoday @akii_naik @Akshay_GK47 @nitin_cul @karanbanga110 @shounak_bafna join in #ContestAlert,,,contestalert,25/01/2017 15:47,https://twitter.com/#!/akii_naik/status/824282499350204416,,,8.24282E+17,
binny_kukreja,karanbanga110,Mentions,25/01/2017 14:04,@thexoxoday @akii_naik @Akshay_GK47 @nitin_cul @karanbanga110 @shounak_bafna join in #ContestAlert,,,contestalert,25/01/2017 14:04,https://twitter.com/#!/binny_kukreja/status/824256559987511297,,,8.24257E+17,8.24256E+17
shounak_bafna,karanbanga110,Mentions,25/01/2017 15:49,"RT @akii_naik: @thexoxoday 
@binny_kukreja 
@shounak_bafna 
@Aditya_K_SRKian 
@karanbanga110 
@Jsvndr 
#Live #RT 
Wish To Win :)
All the Be…",,,live rt,25/01/2017 15:49,https://twitter.com/#!/shounak_bafna/status/824283179942981632,,,8.24283E+17,
akii_naik,karanbanga110,Mentions,25/01/2017 15:47,RT @binny_kukreja: @thexoxoday @akii_naik @Akshay_GK47 @nitin_cul @karanbanga110 @shounak_bafna join in #ContestAlert,,,contestalert,25/01/2017 15:47,https://twitter.com/#!/akii_naik/status/824282499350204416,,,8.24282E+17,
akii_naik,karanbanga110,Mentions,25/01/2017 15:49,"@thexoxoday 
@binny_kukreja 
@shounak_bafna 
@Aditya_K_SRKian 
@karanbanga110 
@Jsvndr 
#Live #RT 
Wish To Win :)
All the Best all",,,live rt,25/01/2017 15:49,https://twitter.com/#!/akii_naik/status/824282965089861633,,,8.24283E+17,8.24217E+17
shounak_bafna,aditya_k_srkian,Mentions,25/01/2017 15:49,"RT @akii_naik: @thexoxoday 
@binny_kukreja 
@shounak_bafna 
@Aditya_K_SRKian 
@karanbanga110 
@Jsvndr 
#Live #RT 
Wish To Win :)
All the Be…",,,live rt,25/01/2017 15:49,https://twitter.com/#!/shounak_bafna/status/824283179942981632,,,8.24283E+17,
akii_naik,aditya_k_srkian,Mentions,25/01/2017 15:49,"@thexoxoday 
@binny_kukreja 
@shounak_bafna 
@Aditya_K_SRKian 
@karanbanga110 
@Jsvndr 
#Live #RT 
Wish To Win :)
All the Best all",,,live rt,25/01/2017 15:49,https://twitter.com/#!/akii_naik/status/824282965089861633,,,8.24283E+17,8.24217E+17
binny_kukreja,shounak_bafna,Mentions,25/01/2017 14:04,@thexoxoday @akii_naik @Akshay_GK47 @nitin_cul @karanbanga110 @shounak_bafna join in #ContestAlert,,,contestalert,25/01/2017 14:04,https://twitter.com/#!/binny_kukreja/status/824256559987511297,,,8.24257E+17,8.24256E+17
shounak_bafna,jsvndr,Mentions,25/01/2017 15:49,"RT @akii_naik: @thexoxoday 
@binny_kukreja 
@shounak_bafna 
@Aditya_K_SRKian 
@karanbanga110 
@Jsvndr 
#Live #RT 
Wish To Win :)
All the Be…",,,live rt,25/01/2017 15:49,https://twitter.com/#!/shounak_bafna/status/824283179942981632,,,8.24283E+17,
shounak_bafna,binny_kukreja,Mentions,25/01/2017 15:49,"RT @akii_naik: @thexoxoday 
@binny_kukreja 
@shounak_bafna 
@Aditya_K_SRKian 
@karanbanga110 
@Jsvndr 
#Live #RT 
Wish To Win :)
All the Be…",,,live rt,25/01/2017 15:49,https://twitter.com/#!/shounak_bafna/status/824283179942981632,,,8.24283E+17,
shounak_bafna,thexoxoday,Mentions,25/01/2017 15:49,"RT @akii_naik: @thexoxoday 
@binny_kukreja 
@shounak_bafna 
@Aditya_K_SRKian 
@karanbanga110 
@Jsvndr 
#Live #RT 
Wish To Win :)
All the Be…",,,live rt,25/01/2017 15:49,https://twitter.com/#!/shounak_bafna/status/824283179942981632,,,8.24283E+17,
shounak_bafna,akii_naik,Mentions,25/01/2017 15:49,"RT @akii_naik: @thexoxoday 
@binny_kukreja 
@shounak_bafna 
@Aditya_K_SRKian 
@karanbanga110 
@Jsvndr 
#Live #RT 
Wish To Win :)
All the Be…",,,live rt,25/01/2017 15:49,https://twitter.com/#!/shounak_bafna/status/824283179942981632,,,8.24283E+17,
akii_naik,shounak_bafna,Mentions,25/01/2017 15:47,RT @binny_kukreja: @thexoxoday @akii_naik @Akshay_GK47 @nitin_cul @karanbanga110 @shounak_bafna join in #ContestAlert,,,contestalert,25/01/2017 15:47,https://twitter.com/#!/akii_naik/status/824282499350204416,,,8.24282E+17,
akii_naik,shounak_bafna,Mentions,25/01/2017 15:49,"@thexoxoday 
@binny_kukreja 
@shounak_bafna 
@Aditya_K_SRKian 
@karanbanga110 
@Jsvndr 
#Live #RT 
Wish To Win :)
All the Best all",,,live rt,25/01/2017 15:49,https://twitter.com/#!/akii_naik/status/824282965089861633,,,8.24283E+17,8.24217E+17
binny_kukreja,thexoxoday,Replies to,25/01/2017 11:45,@thexoxoday I am from shimla. M I eligible for it?,,,,25/01/2017 11:45,https://twitter.com/#!/binny_kukreja/status/824221770001551360,,,8.24222E+17,8.24222E+17
binny_kukreja,thexoxoday,Replies to,25/01/2017 11:48,@thexoxoday my entries coming. U made my day team 😍😍😍😀😀,,,,25/01/2017 11:48,https://twitter.com/#!/binny_kukreja/status/824222335666372609,,,8.24222E+17,8.24222E+17
binny_kukreja,thexoxoday,Mentions,25/01/2017 14:02,RT @thexoxoday: Our contest is #LIVE! Follow us to #participate and #RT and tag 5 of your friends to #win! #ContestAlert #Contest https://t…,,,live participate rt win contestalert contest,25/01/2017 14:02,https://twitter.com/#!/binny_kukreja/status/824256186795040768,,,8.24256E+17,
binny_kukreja,nitin_cul,Mentions,25/01/2017 14:04,@thexoxoday @akii_naik @Akshay_GK47 @nitin_cul @karanbanga110 @shounak_bafna join in #ContestAlert,,,contestalert,25/01/2017 14:04,https://twitter.com/#!/binny_kukreja/status/824256559987511297,,,8.24257E+17,8.24256E+17
binny_kukreja,akii_naik,Mentions,25/01/2017 14:04,@thexoxoday @akii_naik @Akshay_GK47 @nitin_cul @karanbanga110 @shounak_bafna join in #ContestAlert,,,contestalert,25/01/2017 14:04,https://twitter.com/#!/binny_kukreja/status/824256559987511297,,,8.24257E+17,8.24256E+17
binny_kukreja,thexoxoday,Replies to,25/01/2017 14:04,@thexoxoday @akii_naik @Akshay_GK47 @nitin_cul @karanbanga110 @shounak_bafna join in #ContestAlert,,,contestalert,25/01/2017 14:04,https://twitter.com/#!/binny_kukreja/status/824256559987511297,,,8.24257E+17,8.24256E+17
binny_kukreja,fotokiran,Mentions,25/01/2017 14:04,@thexoxoday @pavnisharma17 @joyal_patel @sunitakatyal @PinkyDholakia @fotokiran join in #ContestAlert,,,contestalert,25/01/2017 14:04,https://twitter.com/#!/binny_kukreja/status/824256745954508801,,,8.24257E+17,8.24256E+17
binny_kukreja,pinkydholakia,Mentions,25/01/2017 14:04,@thexoxoday @pavnisharma17 @joyal_patel @sunitakatyal @PinkyDholakia @fotokiran join in #ContestAlert,,,contestalert,25/01/2017 14:04,https://twitter.com/#!/binny_kukreja/status/824256745954508801,,,8.24257E+17,8.24256E+17
binny_kukreja,thexoxoday,Replies to,25/01/2017 14:04,@thexoxoday @pavnisharma17 @joyal_patel @sunitakatyal @PinkyDholakia @fotokiran join in #ContestAlert,,,contestalert,25/01/2017 14:04,https://twitter.com/#!/binny_kukreja/status/824256745954508801,,,8.24257E+17,8.24256E+17
binny_kukreja,thexoxoday,Replies to,25/01/2017 14:05,@thexoxoday hope you will notice my efforts #ContestAlert,,,contestalert,25/01/2017 14:05,https://twitter.com/#!/binny_kukreja/status/824256883477323776,,,8.24257E+17,8.24254E+17
contestadventur,binny_kukreja,Mentions,26/01/2017 10:23,"Join in
@thexoxoday
@ApoorvRane
@Starkpedya
@SumukhrJ
@shivampop
@ShrirajSweety
@Audacious_swain
@binny_kukreja
@abdullah_rider",,,,26/01/2017 10:23,https://twitter.com/#!/contestadventur/status/824563453733900288,,,8.24563E+17,8.24217E+17
akii_naik,binny_kukreja,Mentions,25/01/2017 15:47,RT @binny_kukreja: @thexoxoday @akii_naik @Akshay_GK47 @nitin_cul @karanbanga110 @shounak_bafna join in #ContestAlert,,,contestalert,25/01/2017 15:47,https://twitter.com/#!/akii_naik/status/824282499350204416,,,8.24282E+17,
akii_naik,binny_kukreja,Mentions,25/01/2017 15:49,"@thexoxoday 
@binny_kukreja 
@shounak_bafna 
@Aditya_K_SRKian 
@karanbanga110 
@Jsvndr 
#Live #RT 
Wish To Win :)
All the Best all",,,live rt,25/01/2017 15:49,https://twitter.com/#!/akii_naik/status/824282965089861633,,,8.24283E+17,8.24217E+17
contestadventur,khosla_mohit,Mentions,26/01/2017 10:16,"Join in
@thexoxoday
@lilmissbossy14_
@DeepalBhatnagar
@Sambhav1137
@khosla_mohit
@keshu3194
@v_k0210
@myslfRaja
@atletidekolkata
@BCCI",,,,26/01/2017 10:16,https://twitter.com/#!/contestadventur/status/824561721058529281,,,8.24562E+17,8.24217E+17
akii_naik,khosla_mohit,Mentions,25/01/2017 15:50,"@thexoxoday 
@frankashish 
@Angelnaik1 
@Rishi_1410 
@nishant07_naik 
@khosla_mohit 
#Contest",,,contest,25/01/2017 15:50,https://twitter.com/#!/akii_naik/status/824283350294786049,,,8.24283E+17,8.24208E+17
akii_naik,rishi_1410,Mentions,25/01/2017 15:50,"@thexoxoday 
@frankashish 
@Angelnaik1 
@Rishi_1410 
@nishant07_naik 
@khosla_mohit 
#Contest",,,contest,25/01/2017 15:50,https://twitter.com/#!/akii_naik/status/824283350294786049,,,8.24283E+17,8.24208E+17
akii_naik,rishi_1410,Mentions,27/01/2017 04:26,"@thexoxoday 
@frankashish 
@ruzul_naik 
@nishant07_naik 
@Angelnaik1 
@Rishi_1410 
Done With All the Instructions",,,,27/01/2017 04:26,https://twitter.com/#!/akii_naik/status/824835937846833156,,,8.24836E+17,8.24832E+17
akii_naik,angelnaik1,Mentions,25/01/2017 15:50,"@thexoxoday 
@frankashish 
@Angelnaik1 
@Rishi_1410 
@nishant07_naik 
@khosla_mohit 
#Contest",,,contest,25/01/2017 15:50,https://twitter.com/#!/akii_naik/status/824283350294786049,,,8.24283E+17,8.24208E+17
akii_naik,angelnaik1,Mentions,27/01/2017 04:26,"@thexoxoday 
@frankashish 
@ruzul_naik 
@nishant07_naik 
@Angelnaik1 
@Rishi_1410 
Done With All the Instructions",,,,27/01/2017 04:26,https://twitter.com/#!/akii_naik/status/824835937846833156,,,8.24836E+17,8.24832E+17
akii_naik,nishant07_naik,Mentions,25/01/2017 15:50,"@thexoxoday 
@frankashish 
@Angelnaik1 
@Rishi_1410 
@nishant07_naik 
@khosla_mohit 
#Contest",,,contest,25/01/2017 15:50,https://twitter.com/#!/akii_naik/status/824283350294786049,,,8.24283E+17,8.24208E+17
akii_naik,nishant07_naik,Mentions,27/01/2017 04:26,"@thexoxoday 
@frankashish 
@ruzul_naik 
@nishant07_naik 
@Angelnaik1 
@Rishi_1410 
Done With All the Instructions",,,,27/01/2017 04:26,https://twitter.com/#!/akii_naik/status/824835937846833156,,,8.24836E+17,8.24832E+17
akii_naik,ruzul_naik,Mentions,27/01/2017 04:26,"@thexoxoday 
@frankashish 
@ruzul_naik 
@nishant07_naik 
@Angelnaik1 
@Rishi_1410 
Done With All the Instructions",,,,27/01/2017 04:26,https://twitter.com/#!/akii_naik/status/824835937846833156,,,8.24836E+17,8.24832E+17
akii_naik,frankashish,Mentions,25/01/2017 15:50,"@thexoxoday 
@frankashish 
@Angelnaik1 
@Rishi_1410 
@nishant07_naik 
@khosla_mohit 
#Contest",,,contest,25/01/2017 15:50,https://twitter.com/#!/akii_naik/status/824283350294786049,,,8.24283E+17,8.24208E+17
akii_naik,frankashish,Mentions,27/01/2017 04:26,"@thexoxoday 
@frankashish 
@ruzul_naik 
@nishant07_naik 
@Angelnaik1 
@Rishi_1410 
Done With All the Instructions",,,,27/01/2017 04:26,https://twitter.com/#!/akii_naik/status/824835937846833156,,,8.24836E+17,8.24832E+17
contestadventur,akii_naik,Mentions,26/01/2017 10:51,"Join in
@thexoxoday
@rvirgo9
@priyanka_optom
@Neha06071985
@akii_naik
@TwinkleMour
@MissFunnynFine
@twinkle5101
@GopiDarak
@speedysingh19",,,,26/01/2017 10:51,https://twitter.com/#!/contestadventur/status/824570345256472578,,,8.2457E+17,8.24217E+17
akii_naik,nitin_cul,Mentions,25/01/2017 15:47,RT @binny_kukreja: @thexoxoday @akii_naik @Akshay_GK47 @nitin_cul @karanbanga110 @shounak_bafna join in #ContestAlert,,,contestalert,25/01/2017 15:47,https://twitter.com/#!/akii_naik/status/824282499350204416,,,8.24282E+17,
akii_naik,thexoxoday,Mentions,25/01/2017 15:47,RT @binny_kukreja: @thexoxoday @akii_naik @Akshay_GK47 @nitin_cul @karanbanga110 @shounak_bafna join in #ContestAlert,,,contestalert,25/01/2017 15:47,https://twitter.com/#!/akii_naik/status/824282499350204416,,,8.24282E+17,
akii_naik,jsvndr,Mentions,25/01/2017 15:49,"@thexoxoday 
@binny_kukreja 
@shounak_bafna 
@Aditya_K_SRKian 
@karanbanga110 
@Jsvndr 
#Live #RT 
Wish To Win :)
All the Best all",,,live rt,25/01/2017 15:49,https://twitter.com/#!/akii_naik/status/824282965089861633,,,8.24283E+17,8.24217E+17
akii_naik,thexoxoday,Replies to,25/01/2017 15:49,"@thexoxoday 
@binny_kukreja 
@shounak_bafna 
@Aditya_K_SRKian 
@karanbanga110 
@Jsvndr 
#Live #RT 
Wish To Win :)
All the Best all",,,live rt,25/01/2017 15:49,https://twitter.com/#!/akii_naik/status/824282965089861633,,,8.24283E+17,8.24217E+17
akii_naik,thexoxoday,Replies to,25/01/2017 15:50,"@thexoxoday 
@frankashish 
@Angelnaik1 
@Rishi_1410 
@nishant07_naik 
@khosla_mohit 
#Contest",,,contest,25/01/2017 15:50,https://twitter.com/#!/akii_naik/status/824283350294786049,,,8.24283E+17,8.24208E+17
akii_naik,thexoxoday,Mentions,25/01/2017 15:58,RT @thexoxoday: Our #Contest is #live! #RT and tag 5 of your friends to win this dream ride on an Audi R8 and a Dinner at Taj Mahal Palace!…,,,contest live rt,25/01/2017 15:58,https://twitter.com/#!/akii_naik/status/824285350969405440,,,8.24285E+17,
akii_naik,thexoxoday,Replies to,27/01/2017 04:26,"@thexoxoday 
@frankashish 
@ruzul_naik 
@nishant07_naik 
@Angelnaik1 
@Rishi_1410 
Done With All the Instructions",,,,27/01/2017 04:26,https://twitter.com/#!/akii_naik/status/824835937846833156,,,8.24836E+17,8.24832E+17
nehayagnik,aditikaps,Mentions,25/01/2017 13:23,"@thexoxoday I want to go for this Grand dinner with my hubby @Dishantyagnik77. 

Tagging @ameeta3 @pjptl55 @kittupari31 @aditikaps @imbevda",,,,25/01/2017 13:23,https://twitter.com/#!/nehayagnik/status/824246201348407296,,,8.24246E+17,8.24217E+17
kajol_saxena,kittupari31,Mentions,25/01/2017 15:20,"RT @NehaYagnik: @thexoxoday I want to go for this Grand dinner with my hubby @Dishantyagnik77. 

Tagging @ameeta3 @pjptl55 @kittupari31 @ad…",,,,25/01/2017 15:20,https://twitter.com/#!/kajol_saxena/status/824275836203397121,,,8.24276E+17,
nehayagnik,kittupari31,Mentions,25/01/2017 13:23,"@thexoxoday I want to go for this Grand dinner with my hubby @Dishantyagnik77. 

Tagging @ameeta3 @pjptl55 @kittupari31 @aditikaps @imbevda",,,,25/01/2017 13:23,https://twitter.com/#!/nehayagnik/status/824246201348407296,,,8.24246E+17,8.24217E+17
kajol_saxena,pjptl55,Mentions,25/01/2017 15:20,"RT @NehaYagnik: @thexoxoday I want to go for this Grand dinner with my hubby @Dishantyagnik77. 

Tagging @ameeta3 @pjptl55 @kittupari31 @ad…",,,,25/01/2017 15:20,https://twitter.com/#!/kajol_saxena/status/824275836203397121,,,8.24276E+17,
1985luckygal,pjptl55,Mentions,25/01/2017 12:27,"@thexoxoday #win #RT #contest 

Tagging my pure mumbaikar friends -- @shabbir_ard @Being_Akbar @pjptl55 @poojari_shruti @digitalera313",,,win rt contest,25/01/2017 12:27,https://twitter.com/#!/1985luckygal/status/824232128485343232,,,8.24232E+17,8.24217E+17
nehayagnik,pjptl55,Mentions,25/01/2017 13:23,"@thexoxoday I want to go for this Grand dinner with my hubby @Dishantyagnik77. 

Tagging @ameeta3 @pjptl55 @kittupari31 @aditikaps @imbevda",,,,25/01/2017 13:23,https://twitter.com/#!/nehayagnik/status/824246201348407296,,,8.24246E+17,8.24217E+17
kajol_saxena,ameeta3,Mentions,25/01/2017 15:20,"RT @NehaYagnik: @thexoxoday I want to go for this Grand dinner with my hubby @Dishantyagnik77. 

Tagging @ameeta3 @pjptl55 @kittupari31 @ad…",,,,25/01/2017 15:20,https://twitter.com/#!/kajol_saxena/status/824275836203397121,,,8.24276E+17,
contestadventur,ameeta3,Mentions,25/01/2017 11:48,"Join in
@thexoxoday
@vishalvasan1997
@There_FunkyOne
@Edu_comp
@ameeta3
@bhansali_jinal
@Pranav_Dangi
@mipaltan
@prakhar_outlook",,,,25/01/2017 11:48,https://twitter.com/#!/contestadventur/status/824222493690896384,,,8.24222E+17,8.24217E+17
nehayagnik,ameeta3,Mentions,25/01/2017 13:23,"@thexoxoday I want to go for this Grand dinner with my hubby @Dishantyagnik77. 

Tagging @ameeta3 @pjptl55 @kittupari31 @aditikaps @imbevda",,,,25/01/2017 13:23,https://twitter.com/#!/nehayagnik/status/824246201348407296,,,8.24246E+17,8.24217E+17
kajol_saxena,dishantyagnik77,Mentions,25/01/2017 15:20,"RT @NehaYagnik: @thexoxoday I want to go for this Grand dinner with my hubby @Dishantyagnik77. 

Tagging @ameeta3 @pjptl55 @kittupari31 @ad…",,,,25/01/2017 15:20,https://twitter.com/#!/kajol_saxena/status/824275836203397121,,,8.24276E+17,
nehayagnik,dishantyagnik77,Mentions,25/01/2017 13:23,"@thexoxoday I want to go for this Grand dinner with my hubby @Dishantyagnik77. 

Tagging @ameeta3 @pjptl55 @kittupari31 @aditikaps @imbevda",,,,25/01/2017 13:23,https://twitter.com/#!/nehayagnik/status/824246201348407296,,,8.24246E+17,8.24217E+17
kajol_saxena,thexoxoday,Mentions,25/01/2017 15:20,"RT @NehaYagnik: @thexoxoday I want to go for this Grand dinner with my hubby @Dishantyagnik77. 

Tagging @ameeta3 @pjptl55 @kittupari31 @ad…",,,,25/01/2017 15:20,https://twitter.com/#!/kajol_saxena/status/824275836203397121,,,8.24276E+17,
kajol_saxena,nehayagnik,Mentions,25/01/2017 15:20,"RT @NehaYagnik: @thexoxoday I want to go for this Grand dinner with my hubby @Dishantyagnik77. 

Tagging @ameeta3 @pjptl55 @kittupari31 @ad…",,,,25/01/2017 15:20,https://twitter.com/#!/kajol_saxena/status/824275836203397121,,,8.24276E+17,
kajol_saxena,thexoxoday,Mentions,25/01/2017 15:21,@NehaYagnik @thexoxoday  ATB dear 😘,,,,25/01/2017 15:21,https://twitter.com/#!/kajol_saxena/status/824275923251904512,,,8.24276E+17,8.24246E+17
kajol_saxena,nehayagnik,Replies to,25/01/2017 15:21,@NehaYagnik @thexoxoday  ATB dear 😘,,,,25/01/2017 15:21,https://twitter.com/#!/kajol_saxena/status/824275923251904512,,,8.24276E+17,8.24246E+17
nehayagnik,kajol_saxena,Mentions,25/01/2017 15:37,RT @kajol_saxena: @NehaYagnik @thexoxoday  ATB dear 😘,,,,25/01/2017 15:37,https://twitter.com/#!/nehayagnik/status/824279958977736708,,,8.2428E+17,
nehayagnik,kajol_saxena,Replies to,25/01/2017 15:37,@kajol_saxena @thexoxoday thank you so much dear 😘! Wish i win!,,,,25/01/2017 15:37,https://twitter.com/#!/nehayagnik/status/824279959380303874,,,8.2428E+17,8.24276E+17
nehayagnik,thexoxoday,Mentions,25/01/2017 13:18,RT @thexoxoday: Our #Contest is #live! #RT and tag 5 of your friends to win this dream ride on an Audi R8 and a Dinner at Taj Mahal Palace!…,,,contest live rt,25/01/2017 13:18,https://twitter.com/#!/nehayagnik/status/824245130089680900,,,8.24245E+17,
nehayagnik,thexoxoday,Replies to,25/01/2017 13:20,"@thexoxoday Dinner at Hotel Taj, Mumbai only or anywhere in India?",,,,25/01/2017 13:20,https://twitter.com/#!/nehayagnik/status/824245521980264448,,,8.24246E+17,8.24217E+17
nehayagnik,imbevda,Mentions,25/01/2017 13:23,"@thexoxoday I want to go for this Grand dinner with my hubby @Dishantyagnik77. 

Tagging @ameeta3 @pjptl55 @kittupari31 @aditikaps @imbevda",,,,25/01/2017 13:23,https://twitter.com/#!/nehayagnik/status/824246201348407296,,,8.24246E+17,8.24217E+17
nehayagnik,thexoxoday,Replies to,25/01/2017 13:23,"@thexoxoday I want to go for this Grand dinner with my hubby @Dishantyagnik77. 

Tagging @ameeta3 @pjptl55 @kittupari31 @aditikaps @imbevda",,,,25/01/2017 13:23,https://twitter.com/#!/nehayagnik/status/824246201348407296,,,8.24246E+17,8.24217E+17
nehayagnik,thexoxoday,Mentions,25/01/2017 13:24,RT @thexoxoday: A shoutout to everyone who wants to #Participate! Our #contest is now live! Follow us to participate. #RT and tag 5 of your…,,,participate contest rt,25/01/2017 13:24,https://twitter.com/#!/nehayagnik/status/824246512368619520,,,8.24247E+17,
nehayagnik,dewcool2,Mentions,25/01/2017 13:24,RT @thexoxoday: Our #Contest is now live! #RT and tag 5 of your friends to #win an Audi R8 ride and dinner at Taj! #ContestAlert @dewcool2…,,,contest rt win contestalert,25/01/2017 13:24,https://twitter.com/#!/nehayagnik/status/824246580417089537,,,8.24247E+17,
nehayagnik,thexoxoday,Mentions,25/01/2017 13:24,RT @thexoxoday: Our #Contest is now live! #RT and tag 5 of your friends to #win an Audi R8 ride and dinner at Taj! #ContestAlert @dewcool2…,,,contest rt win contestalert,25/01/2017 13:24,https://twitter.com/#!/nehayagnik/status/824246580417089537,,,8.24247E+17,
nehayagnik,thexoxoday,Mentions,25/01/2017 13:24,RT @thexoxoday: We are #live with our #contest! Follow to participate. All you have to do is #RT and tag 5 of your friends to win! https://…,,,live contest rt,25/01/2017 13:24,https://twitter.com/#!/nehayagnik/status/824246603036893185,,,8.24247E+17,
nehayagnik,thexoxoday,Mentions,25/01/2017 13:24,"RT @thexoxoday: #ContestAlert Remember, Follow Us to Participate! #contest #contestindia #ContestofChampions https://t.co/yD5kFC1kES",,,contestalert contest contestindia contestofchampions,25/01/2017 13:24,https://twitter.com/#!/nehayagnik/status/824246614718119936,,,8.24247E+17,
nehayagnik,broke,Mentions,25/01/2017 13:24,RT @thexoxoday: We have a #contest coming up. Follow us to participate! @IndianContests @Contesttable @iheartcontest @photo_contests @Broke…,,,contest,25/01/2017 13:24,https://twitter.com/#!/nehayagnik/status/824246625908457472,,,8.24247E+17,
nehayagnik,photo_contests,Mentions,25/01/2017 13:24,RT @thexoxoday: We have a #contest coming up. Follow us to participate! @IndianContests @Contesttable @iheartcontest @photo_contests @Broke…,,,contest,25/01/2017 13:24,https://twitter.com/#!/nehayagnik/status/824246625908457472,,,8.24247E+17,
nehayagnik,iheartcontest,Mentions,25/01/2017 13:24,RT @thexoxoday: We have a #contest coming up. Follow us to participate! @IndianContests @Contesttable @iheartcontest @photo_contests @Broke…,,,contest,25/01/2017 13:24,https://twitter.com/#!/nehayagnik/status/824246625908457472,,,8.24247E+17,
nehayagnik,contesttable,Mentions,25/01/2017 13:24,RT @thexoxoday: We have a #contest coming up. Follow us to participate! @IndianContests @Contesttable @iheartcontest @photo_contests @Broke…,,,contest,25/01/2017 13:24,https://twitter.com/#!/nehayagnik/status/824246625908457472,,,8.24247E+17,
nehayagnik,thexoxoday,Mentions,25/01/2017 13:24,RT @thexoxoday: We have a #contest coming up. Follow us to participate! @IndianContests @Contesttable @iheartcontest @photo_contests @Broke…,,,contest,25/01/2017 13:24,https://twitter.com/#!/nehayagnik/status/824246625908457472,,,8.24247E+17,
nehayagnik,thexoxoday,Replies to,25/01/2017 13:26,@thexoxoday done! Wish to win this contest to give my hubby a Grand 10th Wedding Anniversary Surprise. ;),,,,25/01/2017 13:26,https://twitter.com/#!/nehayagnik/status/824246996143919105,,,8.24247E+17,8.24208E+17
nehayagnik,thexoxoday,Mentions,25/01/2017 15:37,RT @kajol_saxena: @NehaYagnik @thexoxoday  ATB dear 😘,,,,25/01/2017 15:37,https://twitter.com/#!/nehayagnik/status/824279958977736708,,,8.2428E+17,
nehayagnik,thexoxoday,Mentions,25/01/2017 15:37,@kajol_saxena @thexoxoday thank you so much dear 😘! Wish i win!,,,,25/01/2017 15:37,https://twitter.com/#!/nehayagnik/status/824279959380303874,,,8.2428E+17,8.24276E+17
nehayagnik,thexoxoday,Mentions,26/01/2017 15:53,RT @thexoxoday: Our contest is #LIVE! Follow us to #participate and #RT and tag 5 of your friends to #win! #ContestAlert #Contest https://t…,,,live participate rt win contestalert contest,26/01/2017 15:53,https://twitter.com/#!/nehayagnik/status/824646368782323712,,,8.24646E+17,
nehayagnik,thexoxoday,Mentions,26/01/2017 15:53,RT @thexoxoday: Keep participating in our #contest to win an Audi Q3 ride and a lavish dinner for two at the Taj Mahal Palace! #ContestAler…,,,contest,26/01/2017 15:53,https://twitter.com/#!/nehayagnik/status/824646394568933379,,,8.24646E+17,
nehayagnik,thexoxoday,Mentions,27/01/2017 04:30,"RT @thexoxoday: Follow us to participate, all you have to do is #RT and tag 5 of your friends and visit - https://t.co/sDYj0Z0PUX #contest…",https://www.xoxoday.com/?utm_source=twitter&utm_campaign=contest-post&utm_medium=social,xoxoday.com,rt contest,27/01/2017 04:30,https://twitter.com/#!/nehayagnik/status/824837055750557697,,,8.24837E+17,
hellolalit,maladarak,Mentions,27/01/2017 04:52,"@thexoxoday 
Join for dinner 
@aadiivaasii 
@BabuBeg 
@ns_verma 
@PinkyDholakia 
@snehalataj
@fotokiran
@nitin_cul 
@Jsvndr 
@maladarak",,,,27/01/2017 04:52,https://twitter.com/#!/hellolalit/status/824842589748596736,,,8.24843E+17,8.24217E+17
hellolalit,jsvndr,Mentions,27/01/2017 04:52,"@thexoxoday 
Join for dinner 
@aadiivaasii 
@BabuBeg 
@ns_verma 
@PinkyDholakia 
@snehalataj
@fotokiran
@nitin_cul 
@Jsvndr 
@maladarak",,,,27/01/2017 04:52,https://twitter.com/#!/hellolalit/status/824842589748596736,,,8.24843E+17,8.24217E+17
aadiivaasii,jsvndr,Mentions,27/01/2017 05:03,"RT @hellolalit: @thexoxoday 
Join for dinner 
@aadiivaasii 
@BabuBeg 
@ns_verma 
@PinkyDholakia 
@snehalataj
@fotokiran
@nitin_cul 
@Jsvndr…",,,,27/01/2017 05:03,https://twitter.com/#!/aadiivaasii/status/824845328608157696,,,8.24845E+17,
contestadventur,nitin_cul,Mentions,26/01/2017 10:20,"Join in
@thexoxoday
@mridulpahuja
@chopra_hunny
@aadiivaasii
@kuhely1
@poojari_shruti
@DrShobha
@prachimana
@nitin_cul
@perfectdinesh",,,,26/01/2017 10:20,https://twitter.com/#!/contestadventur/status/824562649232924676,,,8.24563E+17,8.24217E+17
hellolalit,nitin_cul,Mentions,27/01/2017 04:52,"@thexoxoday 
Join for dinner 
@aadiivaasii 
@BabuBeg 
@ns_verma 
@PinkyDholakia 
@snehalataj
@fotokiran
@nitin_cul 
@Jsvndr 
@maladarak",,,,27/01/2017 04:52,https://twitter.com/#!/hellolalit/status/824842589748596736,,,8.24843E+17,8.24217E+17
aadiivaasii,nitin_cul,Mentions,27/01/2017 05:03,"RT @hellolalit: @thexoxoday 
Join for dinner 
@aadiivaasii 
@BabuBeg 
@ns_verma 
@PinkyDholakia 
@snehalataj
@fotokiran
@nitin_cul 
@Jsvndr…",,,,27/01/2017 05:03,https://twitter.com/#!/aadiivaasii/status/824845328608157696,,,8.24845E+17,
imbevda,aadiivaasii,Mentions,25/01/2017 13:34,@thexoxoday yaay @nishajg @Sonalify @capersrouge @iamyugandhara @aadiivaasii,,,,25/01/2017 13:34,https://twitter.com/#!/imbevda/status/824249038518173697,,,8.24249E+17,8.24231E+17
contestadventur,aadiivaasii,Mentions,26/01/2017 10:20,"Join in
@thexoxoday
@mridulpahuja
@chopra_hunny
@aadiivaasii
@kuhely1
@poojari_shruti
@DrShobha
@prachimana
@nitin_cul
@perfectdinesh",,,,26/01/2017 10:20,https://twitter.com/#!/contestadventur/status/824562649232924676,,,8.24563E+17,8.24217E+17
hellolalit,aadiivaasii,Mentions,27/01/2017 04:52,"@thexoxoday 
Join for dinner 
@aadiivaasii 
@BabuBeg 
@ns_verma 
@PinkyDholakia 
@snehalataj
@fotokiran
@nitin_cul 
@Jsvndr 
@maladarak",,,,27/01/2017 04:52,https://twitter.com/#!/hellolalit/status/824842589748596736,,,8.24843E+17,8.24217E+17
aadiivaasii,fotokiran,Mentions,27/01/2017 05:03,"RT @hellolalit: @thexoxoday 
Join for dinner 
@aadiivaasii 
@BabuBeg 
@ns_verma 
@PinkyDholakia 
@snehalataj
@fotokiran
@nitin_cul 
@Jsvndr…",,,,27/01/2017 05:03,https://twitter.com/#!/aadiivaasii/status/824845328608157696,,,8.24845E+17,
aadiivaasii,snehalataj,Mentions,27/01/2017 05:03,"RT @hellolalit: @thexoxoday 
Join for dinner 
@aadiivaasii 
@BabuBeg 
@ns_verma 
@PinkyDholakia 
@snehalataj
@fotokiran
@nitin_cul 
@Jsvndr…",,,,27/01/2017 05:03,https://twitter.com/#!/aadiivaasii/status/824845328608157696,,,8.24845E+17,
aadiivaasii,pinkydholakia,Mentions,27/01/2017 05:03,"RT @hellolalit: @thexoxoday 
Join for dinner 
@aadiivaasii 
@BabuBeg 
@ns_verma 
@PinkyDholakia 
@snehalataj
@fotokiran
@nitin_cul 
@Jsvndr…",,,,27/01/2017 05:03,https://twitter.com/#!/aadiivaasii/status/824845328608157696,,,8.24845E+17,
aadiivaasii,ns_verma,Mentions,27/01/2017 05:03,"RT @hellolalit: @thexoxoday 
Join for dinner 
@aadiivaasii 
@BabuBeg 
@ns_verma 
@PinkyDholakia 
@snehalataj
@fotokiran
@nitin_cul 
@Jsvndr…",,,,27/01/2017 05:03,https://twitter.com/#!/aadiivaasii/status/824845328608157696,,,8.24845E+17,
aadiivaasii,babubeg,Mentions,27/01/2017 05:03,"RT @hellolalit: @thexoxoday 
Join for dinner 
@aadiivaasii 
@BabuBeg 
@ns_verma 
@PinkyDholakia 
@snehalataj
@fotokiran
@nitin_cul 
@Jsvndr…",,,,27/01/2017 05:03,https://twitter.com/#!/aadiivaasii/status/824845328608157696,,,8.24845E+17,
aadiivaasii,thexoxoday,Mentions,27/01/2017 05:03,"RT @hellolalit: @thexoxoday 
Join for dinner 
@aadiivaasii 
@BabuBeg 
@ns_verma 
@PinkyDholakia 
@snehalataj
@fotokiran
@nitin_cul 
@Jsvndr…",,,,27/01/2017 05:03,https://twitter.com/#!/aadiivaasii/status/824845328608157696,,,8.24845E+17,
aadiivaasii,hellolalit,Mentions,27/01/2017 05:03,"RT @hellolalit: @thexoxoday 
Join for dinner 
@aadiivaasii 
@BabuBeg 
@ns_verma 
@PinkyDholakia 
@snehalataj
@fotokiran
@nitin_cul 
@Jsvndr…",,,,27/01/2017 05:03,https://twitter.com/#!/aadiivaasii/status/824845328608157696,,,8.24845E+17,
digdilemc,thexoxoday,Mentions,27/01/2017 05:06,"RT @thexoxoday: We will be announcing the winner on Monday, which means, you still have three more days to participate and #win! #ContestAl…",,,win,27/01/2017 05:06,https://twitter.com/#!/digdilemc/status/824845907547926528,,,8.24846E+17,
snehalataj,fajadwet,Mentions,25/01/2017 11:34,@thexoxoday @reenajain89 @fajadwet @mehandisuresh @JainLalita54 @sureshnakoda @call_jain,,,,25/01/2017 11:34,https://twitter.com/#!/snehalataj/status/824218854414897156,,,8.24219E+17,8.24217E+17
master_spoondot,thexoxoday,Mentions,26/01/2017 05:49,RT @thexoxoday: Our contest is #LIVE! Follow us to #participate and #RT and tag 5 of your friends to #win! #ContestAlert #Contest https://t…,,,live participate rt win contestalert contest,26/01/2017 05:49,https://twitter.com/#!/master_spoondot/status/824494552165847042,,,8.24495E+17,
master_spoondot,thexoxoday,Mentions,27/01/2017 05:16,RT @thexoxoday: A shoutout to everyone who wants to #Participate! Our #contest is now live! Follow us to participate. #RT and tag 5 of your…,,,participate contest rt,27/01/2017 05:16,https://twitter.com/#!/master_spoondot/status/824848579898466306,,,8.24849E+17,
ruchitajain16,jainshantilal12,Mentions,25/01/2017 14:22,@thexoxoday hope to win @rkj14389 @JainLina @hjain1596 @dikshitajain199 @JainShantilal12 #ContestAlert,,,contestalert,25/01/2017 14:22,https://twitter.com/#!/ruchitajain16/status/824261257826070530,,,8.24261E+17,8.24256E+17
ruchitajain16,dikshitajain199,Mentions,25/01/2017 14:22,@thexoxoday hope to win @rkj14389 @JainLina @hjain1596 @dikshitajain199 @JainShantilal12 #ContestAlert,,,contestalert,25/01/2017 14:22,https://twitter.com/#!/ruchitajain16/status/824261257826070530,,,8.24261E+17,8.24256E+17
ruchitajain16,hjain1596,Mentions,25/01/2017 14:22,@thexoxoday hope to win @rkj14389 @JainLina @hjain1596 @dikshitajain199 @JainShantilal12 #ContestAlert,,,contestalert,25/01/2017 14:22,https://twitter.com/#!/ruchitajain16/status/824261257826070530,,,8.24261E+17,8.24256E+17
ruchitajain16,jainlina,Mentions,25/01/2017 14:22,@thexoxoday hope to win @rkj14389 @JainLina @hjain1596 @dikshitajain199 @JainShantilal12 #ContestAlert,,,contestalert,25/01/2017 14:22,https://twitter.com/#!/ruchitajain16/status/824261257826070530,,,8.24261E+17,8.24256E+17
ruchitajain16,rkj14389,Mentions,25/01/2017 14:22,@thexoxoday hope to win @rkj14389 @JainLina @hjain1596 @dikshitajain199 @JainShantilal12 #ContestAlert,,,contestalert,25/01/2017 14:22,https://twitter.com/#!/ruchitajain16/status/824261257826070530,,,8.24261E+17,8.24256E+17
ruchitajain16,contestimeline,Mentions,25/01/2017 15:02,RT @thexoxoday: @ContesTimeline We have a #contest coming up. Give us a shoutout! #ContestAlert,,,contest contestalert,25/01/2017 15:02,https://twitter.com/#!/ruchitajain16/status/824271319856508930,,,8.24271E+17,
ruchitajain16,contestinindia,Mentions,25/01/2017 15:02,RT @thexoxoday: An exciting contest is coming up in a few hours @contestinIndia! Share it with your followers team #ContestAlert #contest,,,contestalert contest,25/01/2017 15:02,https://twitter.com/#!/ruchitajain16/status/824271354056896513,,,8.24271E+17,
ruchitajain16,thexoxoday,Mentions,25/01/2017 14:18,RT @thexoxoday: Our contest is #LIVE! Follow us to #participate and #RT and tag 5 of your friends to #win! #ContestAlert #Contest https://t…,,,live participate rt win contestalert contest,25/01/2017 14:18,https://twitter.com/#!/ruchitajain16/status/824260152719273984,,,8.2426E+17,
ruchitajain16,thexoxoday,Replies to,25/01/2017 14:22,@thexoxoday hope to win @rkj14389 @JainLina @hjain1596 @dikshitajain199 @JainShantilal12 #ContestAlert,,,contestalert,25/01/2017 14:22,https://twitter.com/#!/ruchitajain16/status/824261257826070530,,,8.24261E+17,8.24256E+17
ruchitajain16,thexoxoday,Mentions,25/01/2017 14:23,RT @thexoxoday: Keep participating in our #contest to win an Audi Q3 ride and a lavish dinner for two at the Taj Mahal Palace! #ContestAler…,,,contest,25/01/2017 14:23,https://twitter.com/#!/ruchitajain16/status/824261457059729410,,,8.24261E+17,
ruchitajain16,ruchirasalvi2,Mentions,25/01/2017 15:02,"RT @thexoxoday: We have a contest coming up, you guys! Follow us to participate. @plum_paradise @mala_24amrish @ruchirasalvi2 @Acharyaempir…",,,,25/01/2017 15:02,https://twitter.com/#!/ruchitajain16/status/824271159973789696,,,8.24271E+17,
ruchitajain16,mala_24amrish,Mentions,25/01/2017 15:02,"RT @thexoxoday: We have a contest coming up, you guys! Follow us to participate. @plum_paradise @mala_24amrish @ruchirasalvi2 @Acharyaempir…",,,,25/01/2017 15:02,https://twitter.com/#!/ruchitajain16/status/824271159973789696,,,8.24271E+17,
ruchitajain16,plum_paradise,Mentions,25/01/2017 15:02,"RT @thexoxoday: We have a contest coming up, you guys! Follow us to participate. @plum_paradise @mala_24amrish @ruchirasalvi2 @Acharyaempir…",,,,25/01/2017 15:02,https://twitter.com/#!/ruchitajain16/status/824271159973789696,,,8.24271E+17,
ruchitajain16,thexoxoday,Mentions,25/01/2017 15:02,"RT @thexoxoday: We have a contest coming up, you guys! Follow us to participate. @plum_paradise @mala_24amrish @ruchirasalvi2 @Acharyaempir…",,,,25/01/2017 15:02,https://twitter.com/#!/ruchitajain16/status/824271159973789696,,,8.24271E+17,
ruchitajain16,contestweeter,Mentions,25/01/2017 15:02,"RT @thexoxoday: @contestweeter We have a #contest coming up, give us a shoutout you guys! #ContestAlert",,,contest contestalert,25/01/2017 15:02,https://twitter.com/#!/ruchitajain16/status/824271286520205312,,,8.24271E+17,
ruchitajain16,thexoxoday,Mentions,25/01/2017 15:02,"RT @thexoxoday: @contestweeter We have a #contest coming up, give us a shoutout you guys! #ContestAlert",,,contest contestalert,25/01/2017 15:02,https://twitter.com/#!/ruchitajain16/status/824271286520205312,,,8.24271E+17,
ruchitajain16,thexoxoday,Mentions,25/01/2017 15:02,RT @thexoxoday: @ContesTimeline We have a #contest coming up. Give us a shoutout! #ContestAlert,,,contest contestalert,25/01/2017 15:02,https://twitter.com/#!/ruchitajain16/status/824271319856508930,,,8.24271E+17,
ruchitajain16,thexoxoday,Mentions,25/01/2017 15:02,RT @thexoxoday: An exciting contest is coming up in a few hours @contestinIndia! Share it with your followers team #ContestAlert #contest,,,contestalert contest,25/01/2017 15:02,https://twitter.com/#!/ruchitajain16/status/824271354056896513,,,8.24271E+17,
ruchitajain16,contests2share,Mentions,25/01/2017 15:03,RT @thexoxoday: @contests2share Give us a shoutout for our #contest that is coming up.,,,contest,25/01/2017 15:03,https://twitter.com/#!/ruchitajain16/status/824271389704290305,,,8.24271E+17,
ruchitajain16,thexoxoday,Mentions,25/01/2017 15:03,RT @thexoxoday: @contests2share Give us a shoutout for our #contest that is coming up.,,,contest,25/01/2017 15:03,https://twitter.com/#!/ruchitajain16/status/824271389704290305,,,8.24271E+17,
ruchitajain16,thexoxoday,Mentions,27/01/2017 05:26,"RT @thexoxoday: Follow us to participate, all you have to do is #RT and tag 5 of your friends and visit - https://t.co/sDYj0Z0PUX #contest…",https://www.xoxoday.com/?utm_source=twitter&utm_campaign=contest-post&utm_medium=social,xoxoday.com,rt contest,27/01/2017 05:26,https://twitter.com/#!/ruchitajain16/status/824851156568403969,,,8.24851E+17,
ruchitajain16,thexoxoday,Mentions,27/01/2017 05:27,"RT @thexoxoday: We will be announcing the winner on Monday, which means, you still have three more days to participate and #win! #ContestAl…",,,win,27/01/2017 05:27,https://twitter.com/#!/ruchitajain16/status/824851190152245248,,,8.24851E+17,
baconsob5,thexoxoday,Mentions,27/01/2017 05:30,RT @thexoxoday: Our contest is #LIVE! Follow us to #participate and #RT and tag 5 of your friends to #win! #ContestAlert #Contest https://t…,,,live participate rt win contestalert contest,27/01/2017 05:30,https://twitter.com/#!/baconsob5/status/824852055353221126,,,8.24852E+17,
kedgecool,thexoxoday,Mentions,27/01/2017 05:30,RT @thexoxoday: Our contest is #LIVE! Follow us to #participate and #RT and tag 5 of your friends to #win! #ContestAlert #Contest https://t…,,,live participate rt win contestalert contest,27/01/2017 05:30,https://twitter.com/#!/kedgecool/status/824852077687894018,,,8.24852E+17,
uj_indi,siddharth_sg,Mentions,27/01/2017 05:38,@thexoxoday join in @HimanshuGander  @SunealNambiar @harshpatel777 @Amit_RedDevil @siddharth_sg,,,,27/01/2017 05:38,https://twitter.com/#!/uj_indi/status/824854010884599809,,,8.24854E+17,
uj_indi,amit_reddevil,Mentions,27/01/2017 05:38,@thexoxoday join in @HimanshuGander  @SunealNambiar @harshpatel777 @Amit_RedDevil @siddharth_sg,,,,27/01/2017 05:38,https://twitter.com/#!/uj_indi/status/824854010884599809,,,8.24854E+17,
uj_indi,harshpatel777,Mentions,27/01/2017 05:38,@thexoxoday join in @HimanshuGander  @SunealNambiar @harshpatel777 @Amit_RedDevil @siddharth_sg,,,,27/01/2017 05:38,https://twitter.com/#!/uj_indi/status/824854010884599809,,,8.24854E+17,
uj_indi,sunealnambiar,Mentions,27/01/2017 05:38,@thexoxoday join in @HimanshuGander  @SunealNambiar @harshpatel777 @Amit_RedDevil @siddharth_sg,,,,27/01/2017 05:38,https://twitter.com/#!/uj_indi/status/824854010884599809,,,8.24854E+17,
uj_indi,himanshugander,Mentions,27/01/2017 05:38,@thexoxoday join in @HimanshuGander  @SunealNambiar @harshpatel777 @Amit_RedDevil @siddharth_sg,,,,27/01/2017 05:38,https://twitter.com/#!/uj_indi/status/824854010884599809,,,8.24854E+17,
sidbansal22,uj_indi,Mentions,27/01/2017 04:23,@thexoxoday join in @UJ_INDI @ishandhatrak1 @KSricky @aviralmittal @Arampal88,,,,27/01/2017 04:23,https://twitter.com/#!/sidbansal22/status/824835229353406464,,,8.24835E+17,8.24832E+17
uj_indi,thexoxoday,Replies to,27/01/2017 05:38,@thexoxoday join in @HimanshuGander  @SunealNambiar @harshpatel777 @Amit_RedDevil @siddharth_sg,,,,27/01/2017 05:38,https://twitter.com/#!/uj_indi/status/824854010884599809,,,8.24854E+17,
cloningbusines1,thexoxoday,Mentions,27/01/2017 05:46,RT @thexoxoday: Our contest is #LIVE! Follow us to #participate and #RT and tag 5 of your friends to #win! #ContestAlert #Contest https://t…,,,live participate rt win contestalert contest,27/01/2017 05:46,https://twitter.com/#!/cloningbusines1/status/824856138680197120,,,8.24856E+17,
siderealmash5,thexoxoday,Mentions,27/01/2017 06:02,RT @thexoxoday: Our contest is #LIVE! Follow us to #participate and #RT and tag 5 of your friends to #win! #ContestAlert #Contest https://t…,,,live participate rt win contestalert contest,27/01/2017 06:02,https://twitter.com/#!/siderealmash5/status/824860195394170880,,,8.2486E+17,
romaguptasinha,dhill,Mentions,27/01/2017 06:07,RT @annu_dogra: @thexoxoday #Contest  #live #RT Tagging my superb 5 friends @7243633d4b9648d  @AbiAbee18 @RomaGuptaSinha @corallista @dhill…,,,contest live rt,27/01/2017 06:07,https://twitter.com/#!/romaguptasinha/status/824861306456989696,,,8.24861E+17,
abhineshkgupta,sneha,Mentions,26/01/2017 13:40,RT @priyabansal66: @thexoxoday wowww.. a dinner date!! Check this out guys @abhineshkgupta @tanuj1987 @sneha,,,,26/01/2017 13:40,https://twitter.com/#!/abhineshkgupta/status/824612967589175296,,,8.24613E+17,
priyabansal66,sneha,Mentions,26/01/2017 13:32,@thexoxoday wowww.. a dinner date!! Check this out guys @abhineshkgupta @tanuj1987 @sneha,,,,26/01/2017 13:32,https://twitter.com/#!/priyabansal66/status/824610947113381889,,,8.24611E+17,8.24217E+17
abhineshkgupta,tanuj1987,Mentions,26/01/2017 13:40,RT @priyabansal66: @thexoxoday wowww.. a dinner date!! Check this out guys @abhineshkgupta @tanuj1987 @sneha,,,,26/01/2017 13:40,https://twitter.com/#!/abhineshkgupta/status/824612967589175296,,,8.24613E+17,
priyabansal66,tanuj1987,Mentions,26/01/2017 13:32,@thexoxoday wowww.. a dinner date!! Check this out guys @abhineshkgupta @tanuj1987 @sneha,,,,26/01/2017 13:32,https://twitter.com/#!/priyabansal66/status/824610947113381889,,,8.24611E+17,8.24217E+17
abhineshkgupta,priyabansal66,Mentions,26/01/2017 08:39,RT @sidbansal22: @thexoxoday @priyabansal66 @agarwalkshweta @shwtz9 @fawked @abhineshkgupta,,,,26/01/2017 08:39,https://twitter.com/#!/abhineshkgupta/status/824537171789041664,,,8.24537E+17,
abhineshkgupta,thexoxoday,Mentions,26/01/2017 08:39,RT @sidbansal22: @thexoxoday @priyabansal66 @agarwalkshweta @shwtz9 @fawked @abhineshkgupta,,,,26/01/2017 08:39,https://twitter.com/#!/abhineshkgupta/status/824537171789041664,,,8.24537E+17,
abhineshkgupta,sidbansal22,Mentions,26/01/2017 08:39,RT @sidbansal22: @thexoxoday @priyabansal66 @agarwalkshweta @shwtz9 @fawked @abhineshkgupta,,,,26/01/2017 08:39,https://twitter.com/#!/abhineshkgupta/status/824537171789041664,,,8.24537E+17,
abhineshkgupta,priyabansal66,Mentions,26/01/2017 08:41,@thexoxoday guys join in @sidbansal22 @reach2deepak @GavinRR1 @priyabansal66 @lynnpereira30 https://t.co/SSmHIpt9Pb,https://twitter.com/thexoxoday/status/824216655802880000,twitter.com,,26/01/2017 08:41,https://twitter.com/#!/abhineshkgupta/status/824537826087821312,,,8.24538E+17,
abhineshkgupta,sidbansal22,Mentions,26/01/2017 08:41,@thexoxoday guys join in @sidbansal22 @reach2deepak @GavinRR1 @priyabansal66 @lynnpereira30 https://t.co/SSmHIpt9Pb,https://twitter.com/thexoxoday/status/824216655802880000,twitter.com,,26/01/2017 08:41,https://twitter.com/#!/abhineshkgupta/status/824537826087821312,,,8.24538E+17,
abhineshkgupta,thexoxoday,Replies to,26/01/2017 08:41,@thexoxoday guys join in @sidbansal22 @reach2deepak @GavinRR1 @priyabansal66 @lynnpereira30 https://t.co/SSmHIpt9Pb,https://twitter.com/thexoxoday/status/824216655802880000,twitter.com,,26/01/2017 08:41,https://twitter.com/#!/abhineshkgupta/status/824537826087821312,,,8.24538E+17,
abhineshkgupta,thexoxoday,Mentions,26/01/2017 13:40,RT @priyabansal66: @thexoxoday wowww.. a dinner date!! Check this out guys @abhineshkgupta @tanuj1987 @sneha,,,,26/01/2017 13:40,https://twitter.com/#!/abhineshkgupta/status/824612967589175296,,,8.24613E+17,
abhineshkgupta,priyabansal66,Mentions,26/01/2017 13:40,RT @priyabansal66: @thexoxoday wowww.. a dinner date!! Check this out guys @abhineshkgupta @tanuj1987 @sneha,,,,26/01/2017 13:40,https://twitter.com/#!/abhineshkgupta/status/824612967589175296,,,8.24613E+17,
sidbansal22,abhineshkgupta,Mentions,26/01/2017 08:34,@thexoxoday @priyabansal66 @agarwalkshweta @shwtz9 @fawked @abhineshkgupta,,,,26/01/2017 08:34,https://twitter.com/#!/sidbansal22/status/824535942535020544,,,8.24536E+17,8.24217E+17
priyabansal66,abhineshkgupta,Mentions,26/01/2017 13:32,@thexoxoday wowww.. a dinner date!! Check this out guys @abhineshkgupta @tanuj1987 @sneha,,,,26/01/2017 13:32,https://twitter.com/#!/priyabansal66/status/824610947113381889,,,8.24611E+17,8.24217E+17
k219shruti,arpitdjain,Mentions,27/01/2017 06:23,@thexoxoday I visited the website.Your turn now @sidbansal22 @shraddha_bari @pratima_talreja @priyabansal66 @arpitdjain #Contest,,,contest,27/01/2017 06:23,https://twitter.com/#!/k219shruti/status/824865467370139648,,,8.24865E+17,8.24832E+17
contestadventur,priyabansal66,Mentions,25/01/2017 11:49,"Join in
@thexoxoday
@9Apps
@vidmate
@swifty
@APUS
@SouvikR_Says
@IamRiya99
@priyabansal66
@toposant55
@rahulj942
@Ict_fanatic
@narendra_2312",,,,25/01/2017 11:49,https://twitter.com/#!/contestadventur/status/824222652906606592,,,8.24223E+17,8.24217E+17
sidbansal22,priyabansal66,Mentions,26/01/2017 08:34,@thexoxoday @priyabansal66 @agarwalkshweta @shwtz9 @fawked @abhineshkgupta,,,,26/01/2017 08:34,https://twitter.com/#!/sidbansal22/status/824535942535020544,,,8.24536E+17,8.24217E+17
priyabansal66,thexoxoday,Mentions,26/01/2017 13:31,RT @thexoxoday: Our #Contest is #live! #RT and tag 5 of your friends to win this dream ride on an Audi R8 and a Dinner at Taj Mahal Palace!…,,,contest live rt,26/01/2017 13:31,https://twitter.com/#!/priyabansal66/status/824610641889624065,,,8.24611E+17,
priyabansal66,thexoxoday,Replies to,26/01/2017 13:32,@thexoxoday wowww.. a dinner date!! Check this out guys @abhineshkgupta @tanuj1987 @sneha,,,,26/01/2017 13:32,https://twitter.com/#!/priyabansal66/status/824610947113381889,,,8.24611E+17,8.24217E+17
priyabansal66,thexoxoday,Mentions,27/01/2017 04:20,RT @thexoxoday: Pack Your Bags #NOW and head to these unexplored and untouched weekend getaways near #Mumbai and #Pune  - https://t.co/RJva…,,,now mumbai pune,27/01/2017 04:20,https://twitter.com/#!/priyabansal66/status/824834365838413824,,,8.24834E+17,
priyabansal66,thexoxoday,Mentions,27/01/2017 06:26,RT @thexoxoday: Here's our list of the 13 best untouched getaways from #Mumbai and #Pune for the upcoming #longweekend! Click here - https:…,,,mumbai pune longweekend,27/01/2017 06:26,https://twitter.com/#!/priyabansal66/status/824866241974120450,,,8.24866E+17,
priyabansal66,thexoxoday,Mentions,27/01/2017 06:27,"RT @thexoxoday: Follow us to participate, all you have to do is #RT and tag 5 of your friends and visit - https://t.co/sDYj0Z0PUX #contest…",https://www.xoxoday.com/?utm_source=twitter&utm_campaign=contest-post&utm_medium=social,xoxoday.com,rt contest,27/01/2017 06:27,https://twitter.com/#!/priyabansal66/status/824866299608068101,,,8.24866E+17,
priyabansal66,thexoxoday,Mentions,27/01/2017 06:27,"RT @thexoxoday: We will be announcing the winner on Monday, which means, you still have three more days to participate and #win! #ContestAl…",,,win,27/01/2017 06:27,https://twitter.com/#!/priyabansal66/status/824866326950748161,,,8.24866E+17,
priyabansal66,thexoxoday,Mentions,27/01/2017 06:27,RT @thexoxoday: Our contest is #LIVE! Follow us to #participate and #RT and tag 5 of your friends to #win! #ContestAlert #Contest https://t…,,,live participate rt win contestalert contest,27/01/2017 06:27,https://twitter.com/#!/priyabansal66/status/824866342473830403,,,8.24866E+17,
priyabansal66,thexoxoday,Mentions,27/01/2017 06:27,RT @thexoxoday: Keep participating in our #contest to win an Audi Q3 ride and a lavish dinner for two at the Taj Mahal Palace! #ContestAler…,,,contest,27/01/2017 06:27,https://twitter.com/#!/priyabansal66/status/824866354909941760,,,8.24866E+17,
k219shruti,priyabansal66,Mentions,27/01/2017 06:23,@thexoxoday I visited the website.Your turn now @sidbansal22 @shraddha_bari @pratima_talreja @priyabansal66 @arpitdjain #Contest,,,contest,27/01/2017 06:23,https://twitter.com/#!/k219shruti/status/824865467370139648,,,8.24865E+17,8.24832E+17
sidbansal22,thexoxoday,Mentions,26/01/2017 08:29,RT @thexoxoday: Our #Contest is #live! #RT and tag 5 of your friends to win this dream ride on an Audi R8 and a Dinner at Taj Mahal Palace!…,,,contest live rt,26/01/2017 08:29,https://twitter.com/#!/sidbansal22/status/824534693446033408,,,8.24535E+17,
sidbansal22,dewcool2,Mentions,26/01/2017 08:29,RT @thexoxoday: Our #Contest is now live! #RT and tag 5 of your friends to #win an Audi R8 ride and dinner at Taj! #ContestAlert @dewcool2…,,,contest rt win contestalert,26/01/2017 08:29,https://twitter.com/#!/sidbansal22/status/824534837704978433,,,8.24535E+17,
sidbansal22,thexoxoday,Mentions,26/01/2017 08:29,RT @thexoxoday: Our #Contest is now live! #RT and tag 5 of your friends to #win an Audi R8 ride and dinner at Taj! #ContestAlert @dewcool2…,,,contest rt win contestalert,26/01/2017 08:29,https://twitter.com/#!/sidbansal22/status/824534837704978433,,,8.24535E+17,
sidbansal22,pratima_talreja,Mentions,26/01/2017 08:30,@thexoxoday Join in folks @K219Shruti @shraddha_bari  @Arampal88 @vbatra20 @pratima_talreja,,,,26/01/2017 08:30,https://twitter.com/#!/sidbansal22/status/824535072074301442,,,8.24535E+17,8.24217E+17
sidbansal22,shraddha_bari,Mentions,26/01/2017 08:30,@thexoxoday Join in folks @K219Shruti @shraddha_bari  @Arampal88 @vbatra20 @pratima_talreja,,,,26/01/2017 08:30,https://twitter.com/#!/sidbansal22/status/824535072074301442,,,8.24535E+17,8.24217E+17
sidbansal22,k219shruti,Mentions,26/01/2017 08:30,@thexoxoday Join in folks @K219Shruti @shraddha_bari  @Arampal88 @vbatra20 @pratima_talreja,,,,26/01/2017 08:30,https://twitter.com/#!/sidbansal22/status/824535072074301442,,,8.24535E+17,8.24217E+17
sidbansal22,thexoxoday,Replies to,26/01/2017 08:30,@thexoxoday Join in folks @K219Shruti @shraddha_bari  @Arampal88 @vbatra20 @pratima_talreja,,,,26/01/2017 08:30,https://twitter.com/#!/sidbansal22/status/824535072074301442,,,8.24535E+17,8.24217E+17
sidbansal22,thexoxoday,Replies to,26/01/2017 08:34,@thexoxoday @priyabansal66 @agarwalkshweta @shwtz9 @fawked @abhineshkgupta,,,,26/01/2017 08:34,https://twitter.com/#!/sidbansal22/status/824535942535020544,,,8.24536E+17,8.24217E+17
sidbansal22,thexoxoday,Mentions,27/01/2017 04:23,"RT @thexoxoday: We will be announcing the winner on Monday, which means, you still have three more days to participate and #win! #ContestAl…",,,win,27/01/2017 04:23,https://twitter.com/#!/sidbansal22/status/824835073971257344,,,8.24835E+17,
sidbansal22,thexoxoday,Replies to,27/01/2017 04:23,@thexoxoday join in @UJ_INDI @ishandhatrak1 @KSricky @aviralmittal @Arampal88,,,,27/01/2017 04:23,https://twitter.com/#!/sidbansal22/status/824835229353406464,,,8.24835E+17,8.24832E+17
k219shruti,sidbansal22,Mentions,27/01/2017 06:23,@thexoxoday I visited the website.Your turn now @sidbansal22 @shraddha_bari @pratima_talreja @priyabansal66 @arpitdjain #Contest,,,contest,27/01/2017 06:23,https://twitter.com/#!/k219shruti/status/824865467370139648,,,8.24865E+17,8.24832E+17
k219shruti,thexoxoday,Mentions,27/01/2017 06:20,RT @thexoxoday: Our #Contest is #live! #RT and tag 5 of your friends to win this dream ride on an Audi R8 and a Dinner at Taj Mahal Palace!…,,,contest live rt,27/01/2017 06:20,https://twitter.com/#!/k219shruti/status/824864666593603584,,,8.24865E+17,
k219shruti,thexoxoday,Mentions,27/01/2017 06:20,"RT @thexoxoday: Follow us to participate, all you have to do is #RT and tag 5 of your friends and visit - https://t.co/sDYj0Z0PUX #contest…",https://www.xoxoday.com/?utm_source=twitter&utm_campaign=contest-post&utm_medium=social,xoxoday.com,rt contest,27/01/2017 06:20,https://twitter.com/#!/k219shruti/status/824864706649219072,,,8.24865E+17,
k219shruti,pratima_talreja,Mentions,27/01/2017 06:23,@thexoxoday I visited the website.Your turn now @sidbansal22 @shraddha_bari @pratima_talreja @priyabansal66 @arpitdjain #Contest,,,contest,27/01/2017 06:23,https://twitter.com/#!/k219shruti/status/824865467370139648,,,8.24865E+17,8.24832E+17
k219shruti,shraddha_bari,Mentions,27/01/2017 06:23,@thexoxoday I visited the website.Your turn now @sidbansal22 @shraddha_bari @pratima_talreja @priyabansal66 @arpitdjain #Contest,,,contest,27/01/2017 06:23,https://twitter.com/#!/k219shruti/status/824865467370139648,,,8.24865E+17,8.24832E+17
k219shruti,thexoxoday,Replies to,27/01/2017 06:23,@thexoxoday I visited the website.Your turn now @sidbansal22 @shraddha_bari @pratima_talreja @priyabansal66 @arpitdjain #Contest,,,contest,27/01/2017 06:23,https://twitter.com/#!/k219shruti/status/824865467370139648,,,8.24865E+17,8.24832E+17
k219shruti,thexoxoday,Mentions,27/01/2017 06:43,RT @thexoxoday: Here's our list of the 13 best untouched getaways from #Mumbai and #Pune for the upcoming #longweekend! Click here - https:…,,,mumbai pune longweekend,27/01/2017 06:43,https://twitter.com/#!/k219shruti/status/824870334616608769,,,8.2487E+17,
thepixiewife,thexoxoday,Mentions,26/01/2017 06:45,RT @thexoxoday: Our contest is #LIVE! Follow us to #participate and #RT and tag 5 of your friends to #win! #ContestAlert #Contest https://t…,,,live participate rt win contestalert contest,26/01/2017 06:45,https://twitter.com/#!/thepixiewife/status/824508451065827328,,,8.24508E+17,
thepixiewife,thexoxoday,Mentions,27/01/2017 06:45,"RT @thexoxoday: We will be announcing the winner on Monday, which means, you still have three more days to participate and #win! #ContestAl…",,,win,27/01/2017 06:45,https://twitter.com/#!/thepixiewife/status/824870905788583937,,,8.24871E+17,
rehanak55,thexoxoday,Mentions,25/01/2017 11:54,RT @thexoxoday: Our #Contest is #live! #RT and tag 5 of your friends to win this dream ride on an Audi R8 and a Dinner at Taj Mahal Palace!…,,,contest live rt,25/01/2017 11:54,https://twitter.com/#!/rehanak55/status/824223805602144256,,,8.24224E+17,
rehanak55,hetalrawat,Mentions,25/01/2017 11:55,"@thexoxoday #Contest I would like to go for dinner with my bestie
@hetalrawat as we best of pals and would love to enjoy the ride &amp; dinner !",,,contest,25/01/2017 11:55,https://twitter.com/#!/rehanak55/status/824224184373018624,,,8.24224E+17,8.24217E+17
rehanak55,thexoxoday,Replies to,25/01/2017 11:55,"@thexoxoday #Contest I would like to go for dinner with my bestie
@hetalrawat as we best of pals and would love to enjoy the ride &amp; dinner !",,,contest,25/01/2017 11:55,https://twitter.com/#!/rehanak55/status/824224184373018624,,,8.24224E+17,8.24217E+17
rehanak55,dewcool2,Mentions,25/01/2017 11:55,RT @thexoxoday: Our #Contest is now live! #RT and tag 5 of your friends to #win an Audi R8 ride and dinner at Taj! #ContestAlert @dewcool2…,,,contest rt win contestalert,25/01/2017 11:55,https://twitter.com/#!/rehanak55/status/824224218791473152,,,8.24224E+17,
rehanak55,thexoxoday,Mentions,25/01/2017 11:55,RT @thexoxoday: Our #Contest is now live! #RT and tag 5 of your friends to #win an Audi R8 ride and dinner at Taj! #ContestAlert @dewcool2…,,,contest rt win contestalert,25/01/2017 11:55,https://twitter.com/#!/rehanak55/status/824224218791473152,,,8.24224E+17,
rehanak55,thexoxoday,Mentions,25/01/2017 11:57,RT @thexoxoday: We are #live with our #contest! Follow to participate. All you have to do is #RT and tag 5 of your friends to win! https://…,,,live contest rt,25/01/2017 11:57,https://twitter.com/#!/rehanak55/status/824224717678768128,,,8.24225E+17,
rehanak55,beshakthi,Mentions,25/01/2017 12:07,"@thexoxoday #Contest Join in 
@anahitairani1 
@tofarzeen 
@BeShakthi 
@sd12dec 
@Deepaadhan 
@godsowntalk 
@blessedkamal 
@KARRIVINODKUMAR",,,contest,25/01/2017 12:07,https://twitter.com/#!/rehanak55/status/824227151524331520,,,8.24227E+17,8.24217E+17
rehanak55,anahitairani1,Mentions,25/01/2017 12:07,"@thexoxoday #Contest Join in 
@anahitairani1 
@tofarzeen 
@BeShakthi 
@sd12dec 
@Deepaadhan 
@godsowntalk 
@blessedkamal 
@KARRIVINODKUMAR",,,contest,25/01/2017 12:07,https://twitter.com/#!/rehanak55/status/824227151524331520,,,8.24227E+17,8.24217E+17
rehanak55,thexoxoday,Replies to,25/01/2017 12:07,"@thexoxoday #Contest Join in 
@anahitairani1 
@tofarzeen 
@BeShakthi 
@sd12dec 
@Deepaadhan 
@godsowntalk 
@blessedkamal 
@KARRIVINODKUMAR",,,contest,25/01/2017 12:07,https://twitter.com/#!/rehanak55/status/824227151524331520,,,8.24227E+17,8.24217E+17
rehanak55,thexoxoday,Mentions,25/01/2017 12:07,"RT @thexoxoday: #ContestAlert Remember, Follow Us to Participate! #contest #contestindia #ContestofChampions https://t.co/yD5kFC1kES",,,contestalert contest contestindia contestofchampions,25/01/2017 12:07,https://twitter.com/#!/rehanak55/status/824227193261879296,,,8.24227E+17,
hetalrawat,rehanak55,Mentions,25/01/2017 11:56,"RT @rehanak55: @thexoxoday #Contest I would like to go for dinner with my bestie
@hetalrawat as we best of pals and would love to enjoy the…",,,contest,25/01/2017 11:56,https://twitter.com/#!/hetalrawat/status/824224301494648833,,,8.24224E+17,
hetalrawat,rehanak55,Mentions,25/01/2017 11:56,Yay di we will have great time! @rehanak55 @thexoxoday,,,,25/01/2017 11:56,https://twitter.com/#!/hetalrawat/status/824224385280053248,,,8.24224E+17,8.24224E+17
quavohunchomigo,thexoxoday,Mentions,27/01/2017 06:52,"RT @thexoxoday: We will be announcing the winner on Monday, which means, you still have three more days to participate and #win! #ContestAl…",,,win,27/01/2017 06:52,https://twitter.com/#!/quavohunchomigo/status/824872638430339072,,,8.24873E+17,
takeoffverybest,thexoxoday,Mentions,26/01/2017 05:59,RT @thexoxoday: Keep participating in our #contest to win an Audi Q3 ride and a lavish dinner for two at the Taj Mahal Palace! #ContestAler…,,,contest,26/01/2017 05:59,https://twitter.com/#!/takeoffverybest/status/824497075354238976,,,8.24497E+17,
takeoffverybest,thexoxoday,Mentions,26/01/2017 06:05,RT @thexoxoday: Our contest is #LIVE! Follow us to #participate and #RT and tag 5 of your friends to #win! #ContestAlert #Contest https://t…,,,live participate rt win contestalert contest,26/01/2017 06:05,https://twitter.com/#!/takeoffverybest/status/824498512419295232,,,8.24499E+17,
takeoffverybest,thexoxoday,Mentions,27/01/2017 07:00,"RT @thexoxoday: We will be announcing the winner on Monday, which means, you still have three more days to participate and #win! #ContestAl…",,,win,27/01/2017 07:00,https://twitter.com/#!/takeoffverybest/status/824874731438428161,,,8.24875E+17,
mandudish,thexoxoday,Mentions,26/01/2017 06:52,RT @thexoxoday: Our contest is #LIVE! Follow us to #participate and #RT and tag 5 of your friends to #win! #ContestAlert #Contest https://t…,,,live participate rt win contestalert contest,26/01/2017 06:52,https://twitter.com/#!/mandudish/status/824510418626473984,,,8.2451E+17,
mandudish,thexoxoday,Mentions,27/01/2017 07:08,"RT @thexoxoday: We will be announcing the winner on Monday, which means, you still have three more days to participate and #win! #ContestAl…",,,win,27/01/2017 07:08,https://twitter.com/#!/mandudish/status/824876696398540800,,,8.24877E+17,
hetalrawat,p,Mentions,27/01/2017 06:52,"RT @Raghu587143: @thexoxoday I would like to go with my best pal @Druva587143 
my 5 friends @hetalrawat @priyalpoddar @BabuBeg @VARMAILA @P…",,,,27/01/2017 06:52,https://twitter.com/#!/hetalrawat/status/824872631727828995,,,8.24873E+17,
varmaila,p,Mentions,27/01/2017 08:10,"RT @Raghu587143: @thexoxoday I would like to go with my best pal @Druva587143 
my 5 friends @hetalrawat @priyalpoddar @BabuBeg @VARMAILA @P…",,,,27/01/2017 08:10,https://twitter.com/#!/varmaila/status/824892280163049474,,,8.24892E+17,
call_jain,tajhotels,Mentions,27/01/2017 09:09,"@thexoxoday @contestrun @sureshnakoda @mehandisuresh @JainLalita54 @snehalataj        
wish I could give dinner to my mom @TajHotels",,,,27/01/2017 09:09,https://twitter.com/#!/call_jain/status/824907239085527040,,,8.24907E+17,8.24217E+17
americaduped,thexoxoday,Mentions,27/01/2017 15:17,"@thexoxoday 
to the Left/Neo-Cons
We have the Power and the Responsibility to Maintain our Freedom!

https://t.co/V7bille1Bt
 '",http://onfreedomroad.info/,onfreedomroad.info,,27/01/2017 15:17,https://twitter.com/#!/americaduped/status/824999707546046464,,,8.25E+17,
shwtz7,dhyani1811,Mentions,25/01/2017 11:52,@thexoxoday join  @alexguiarebello @MehekMahtani @Venki_PM @parasharzboy @Dhyani1811,,,,25/01/2017 11:52,https://twitter.com/#!/shwtz7/status/824223312834203649,,,8.24223E+17,8.24217E+17
shwtz7,parasharzboy,Mentions,25/01/2017 11:52,@thexoxoday join  @alexguiarebello @MehekMahtani @Venki_PM @parasharzboy @Dhyani1811,,,,25/01/2017 11:52,https://twitter.com/#!/shwtz7/status/824223312834203649,,,8.24223E+17,8.24217E+17
shwtz7,venki_pm,Mentions,25/01/2017 11:52,@thexoxoday join  @alexguiarebello @MehekMahtani @Venki_PM @parasharzboy @Dhyani1811,,,,25/01/2017 11:52,https://twitter.com/#!/shwtz7/status/824223312834203649,,,8.24223E+17,8.24217E+17
shwtz7,mehekmahtani,Mentions,25/01/2017 11:52,@thexoxoday join  @alexguiarebello @MehekMahtani @Venki_PM @parasharzboy @Dhyani1811,,,,25/01/2017 11:52,https://twitter.com/#!/shwtz7/status/824223312834203649,,,8.24223E+17,8.24217E+17
shwtz7,alexguiarebello,Mentions,25/01/2017 11:52,@thexoxoday join  @alexguiarebello @MehekMahtani @Venki_PM @parasharzboy @Dhyani1811,,,,25/01/2017 11:52,https://twitter.com/#!/shwtz7/status/824223312834203649,,,8.24223E+17,8.24217E+17
shwtz7,musicali12,Mentions,25/01/2017 11:53,@thexoxoday Join @geetusri @soodabhinav08  @Anupama75  @Acharyaempire  @MusicALi12,,,,25/01/2017 11:53,https://twitter.com/#!/shwtz7/status/824223656049905665,,,8.24224E+17,8.24217E+17
shwtz7,anupama75,Mentions,25/01/2017 11:53,@thexoxoday Join @geetusri @soodabhinav08  @Anupama75  @Acharyaempire  @MusicALi12,,,,25/01/2017 11:53,https://twitter.com/#!/shwtz7/status/824223656049905665,,,8.24224E+17,8.24217E+17
shwtz7,soodabhinav08,Mentions,25/01/2017 11:53,@thexoxoday Join @geetusri @soodabhinav08  @Anupama75  @Acharyaempire  @MusicALi12,,,,25/01/2017 11:53,https://twitter.com/#!/shwtz7/status/824223656049905665,,,8.24224E+17,8.24217E+17
shwtz7,geetusri,Mentions,25/01/2017 11:53,@thexoxoday Join @geetusri @soodabhinav08  @Anupama75  @Acharyaempire  @MusicALi12,,,,25/01/2017 11:53,https://twitter.com/#!/shwtz7/status/824223656049905665,,,8.24224E+17,8.24217E+17
shwtz7,wanderlust_gurl,Mentions,25/01/2017 11:54,@thexoxoday Join @bombaylives @wanderlust_gurl  @sushmabindu @drarpita92 @modipreksha,,,,25/01/2017 11:54,https://twitter.com/#!/shwtz7/status/824223845053702146,,,8.24224E+17,8.24217E+17
shwtz7,bombaylives,Mentions,25/01/2017 11:54,@thexoxoday Join @bombaylives @wanderlust_gurl  @sushmabindu @drarpita92 @modipreksha,,,,25/01/2017 11:54,https://twitter.com/#!/shwtz7/status/824223845053702146,,,8.24224E+17,8.24217E+17
shwtz7,drshefali23,Mentions,25/01/2017 12:36,@thexoxoday join this fab contest @stuffednstarved @stunningmoon @docavneet @BhaktisBanter @DrShefali23,,,,25/01/2017 12:36,https://twitter.com/#!/shwtz7/status/824234362111524864,,,8.24234E+17,8.24231E+17
shwtz7,bhaktisbanter,Mentions,25/01/2017 12:36,@thexoxoday join this fab contest @stuffednstarved @stunningmoon @docavneet @BhaktisBanter @DrShefali23,,,,25/01/2017 12:36,https://twitter.com/#!/shwtz7/status/824234362111524864,,,8.24234E+17,8.24231E+17
shwtz7,docavneet,Mentions,25/01/2017 12:36,@thexoxoday join this fab contest @stuffednstarved @stunningmoon @docavneet @BhaktisBanter @DrShefali23,,,,25/01/2017 12:36,https://twitter.com/#!/shwtz7/status/824234362111524864,,,8.24234E+17,8.24231E+17
shwtz7,stunningmoon,Mentions,25/01/2017 12:36,@thexoxoday join this fab contest @stuffednstarved @stunningmoon @docavneet @BhaktisBanter @DrShefali23,,,,25/01/2017 12:36,https://twitter.com/#!/shwtz7/status/824234362111524864,,,8.24234E+17,8.24231E+17
shwtz7,stuffednstarved,Mentions,25/01/2017 12:36,@thexoxoday join this fab contest @stuffednstarved @stunningmoon @docavneet @BhaktisBanter @DrShefali23,,,,25/01/2017 12:36,https://twitter.com/#!/shwtz7/status/824234362111524864,,,8.24234E+17,8.24231E+17
anahitairani1,nidc13,Mentions,25/01/2017 16:54,"@thexoxoday Ooh wow,  better late than never. Joining in and tagging @tofarzeen @Vincivijayan @NehaSolomon @nidc13 @VHetal 
 #ContestAlert",,,contestalert,25/01/2017 16:54,https://twitter.com/#!/anahitairani1/status/824299439443636226,,,8.24299E+17,8.24217E+17
shwtz7,nidc13,Mentions,25/01/2017 12:37,@thexoxoday @Suruchi0603 @1985luckygal @vinaylohia82 @imbevda @nidc13 😊,,,,25/01/2017 12:37,https://twitter.com/#!/shwtz7/status/824234834805411840,,,8.24235E+17,8.24231E+17
imbevda,thexoxoday,Mentions,25/01/2017 13:33,RT @thexoxoday: A shoutout to everyone who wants to #Participate! Our #contest is now live! Follow us to participate. #RT and tag 5 of your…,,,participate contest rt,25/01/2017 13:33,https://twitter.com/#!/imbevda/status/824248760779706369,,,8.24249E+17,
imbevda,thexoxoday,Replies to,25/01/2017 13:34,@thexoxoday yaay @nishajg @Sonalify @capersrouge @iamyugandhara @aadiivaasii,,,,25/01/2017 13:34,https://twitter.com/#!/imbevda/status/824249038518173697,,,8.24249E+17,8.24231E+17
imbevda,thexoxoday,Replies to,25/01/2017 14:16,"@thexoxoday I would love to join with wife @iamyugandhara 
@nishajg @A2Afreen @Sonalify @capersrouge @saraf_silky",,,,25/01/2017 14:16,https://twitter.com/#!/imbevda/status/824259587427553280,,,8.2426E+17,8.24217E+17
shwtz7,imbevda,Mentions,25/01/2017 12:37,@thexoxoday @Suruchi0603 @1985luckygal @vinaylohia82 @imbevda @nidc13 😊,,,,25/01/2017 12:37,https://twitter.com/#!/shwtz7/status/824234834805411840,,,8.24235E+17,8.24231E+17
shwtz7,vinaylohia82,Mentions,25/01/2017 12:37,@thexoxoday @Suruchi0603 @1985luckygal @vinaylohia82 @imbevda @nidc13 😊,,,,25/01/2017 12:37,https://twitter.com/#!/shwtz7/status/824234834805411840,,,8.24235E+17,8.24231E+17
bhansalidigna,suruchi0603,Mentions,25/01/2017 13:03,@thexoxoday @22minalmehta  @misty_basu  @Suruchi0603  @PinkyDholakia  @VHetal,,,,25/01/2017 13:03,https://twitter.com/#!/bhansalidigna/status/824241235296587777,,,8.24241E+17,8.24221E+17
shwtz7,suruchi0603,Mentions,25/01/2017 12:37,@thexoxoday @Suruchi0603 @1985luckygal @vinaylohia82 @imbevda @nidc13 😊,,,,25/01/2017 12:37,https://twitter.com/#!/shwtz7/status/824234834805411840,,,8.24235E+17,8.24231E+17
shwtz7,raggedtag,Mentions,25/01/2017 12:38,@thexoxoday @ChhotaRecharge @FlowersCakesOl @nikhil_merchant @nitin_buddy @raggedtag,,,,25/01/2017 12:38,https://twitter.com/#!/shwtz7/status/824235084370710528,,,8.24235E+17,8.24231E+17
shwtz7,nitin_buddy,Mentions,25/01/2017 12:38,@thexoxoday @ChhotaRecharge @FlowersCakesOl @nikhil_merchant @nitin_buddy @raggedtag,,,,25/01/2017 12:38,https://twitter.com/#!/shwtz7/status/824235084370710528,,,8.24235E+17,8.24231E+17
shwtz7,nikhil_merchant,Mentions,25/01/2017 12:38,@thexoxoday @ChhotaRecharge @FlowersCakesOl @nikhil_merchant @nitin_buddy @raggedtag,,,,25/01/2017 12:38,https://twitter.com/#!/shwtz7/status/824235084370710528,,,8.24235E+17,8.24231E+17
shwtz7,flowerscakesol,Mentions,25/01/2017 12:38,@thexoxoday @ChhotaRecharge @FlowersCakesOl @nikhil_merchant @nitin_buddy @raggedtag,,,,25/01/2017 12:38,https://twitter.com/#!/shwtz7/status/824235084370710528,,,8.24235E+17,8.24231E+17
shwtz7,chhotarecharge,Mentions,25/01/2017 12:38,@thexoxoday @ChhotaRecharge @FlowersCakesOl @nikhil_merchant @nitin_buddy @raggedtag,,,,25/01/2017 12:38,https://twitter.com/#!/shwtz7/status/824235084370710528,,,8.24235E+17,8.24231E+17
shwtz7,artisanme79,Mentions,25/01/2017 12:40,@thexoxoday @KacchiKairi @nivedithg @shikha123poddar @shivzi @artisanme79,,,,25/01/2017 12:40,https://twitter.com/#!/shwtz7/status/824235397563621376,,,8.24235E+17,8.24231E+17
anahitairani1,shivzi,Mentions,25/01/2017 16:52,RT @ZeniaIrani: @thexoxoday This is a dream come true! Tagging @beeayeanoowhy @anahitairani1 @tofarzeen @shivzi @darshic,,,,25/01/2017 16:52,https://twitter.com/#!/anahitairani1/status/824298818577563648,,,8.24299E+17,
shwtz7,shivzi,Mentions,25/01/2017 12:40,@thexoxoday @KacchiKairi @nivedithg @shikha123poddar @shivzi @artisanme79,,,,25/01/2017 12:40,https://twitter.com/#!/shwtz7/status/824235397563621376,,,8.24235E+17,8.24231E+17
contestadventur,shikha123poddar,Mentions,26/01/2017 10:51,"Join in
@thexoxoday
@sanjeev2572
@beingSalmanKhan
@irshnu
@prashuvaja
@VaruNeeta
@shikha123poddar
@Ni3_Prajapati
@Akjain33Jain
@GateOfLeo",,,,26/01/2017 10:51,https://twitter.com/#!/contestadventur/status/824570516065312769,,,8.24571E+17,8.24217E+17
shwtz7,shikha123poddar,Mentions,25/01/2017 12:40,@thexoxoday @KacchiKairi @nivedithg @shikha123poddar @shivzi @artisanme79,,,,25/01/2017 12:40,https://twitter.com/#!/shwtz7/status/824235397563621376,,,8.24235E+17,8.24231E+17
shwtz7,nivedithg,Mentions,25/01/2017 12:40,@thexoxoday @KacchiKairi @nivedithg @shikha123poddar @shivzi @artisanme79,,,,25/01/2017 12:40,https://twitter.com/#!/shwtz7/status/824235397563621376,,,8.24235E+17,8.24231E+17
shwtz7,kacchikairi,Mentions,25/01/2017 12:40,@thexoxoday @KacchiKairi @nivedithg @shikha123poddar @shivzi @artisanme79,,,,25/01/2017 12:40,https://twitter.com/#!/shwtz7/status/824235397563621376,,,8.24235E+17,8.24231E+17
shwtz7,audi,Mentions,25/01/2017 13:31,@thexoxoday wanna win da luxury experience wid  @Audi and @tajmahalplace,,,,25/01/2017 13:31,https://twitter.com/#!/shwtz7/status/824248325872328704,,,8.24248E+17,8.24231E+17
shwtz7,maitrenimishra,Mentions,25/01/2017 16:55,@thexoxoday @Pinku40 @PinkyDholakia @NDbros @roxannebamboat @MaitreniMishra,,,,25/01/2017 16:55,https://twitter.com/#!/shwtz7/status/824299750174298113,,,8.243E+17,8.24256E+17
shwtz7,roxannebamboat,Mentions,25/01/2017 16:55,@thexoxoday @Pinku40 @PinkyDholakia @NDbros @roxannebamboat @MaitreniMishra,,,,25/01/2017 16:55,https://twitter.com/#!/shwtz7/status/824299750174298113,,,8.243E+17,8.24256E+17
shwtz7,ndbros,Mentions,25/01/2017 16:55,@thexoxoday @Pinku40 @PinkyDholakia @NDbros @roxannebamboat @MaitreniMishra,,,,25/01/2017 16:55,https://twitter.com/#!/shwtz7/status/824299750174298113,,,8.243E+17,8.24256E+17
shwtz7,pinku40,Mentions,25/01/2017 16:55,@thexoxoday @Pinku40 @PinkyDholakia @NDbros @roxannebamboat @MaitreniMishra,,,,25/01/2017 16:55,https://twitter.com/#!/shwtz7/status/824299750174298113,,,8.243E+17,8.24256E+17
bhawnaahuja007,mraina82,Mentions,25/01/2017 17:42,@Shwtz7 @thexoxoday @ekta_k88 @jayshreemehta83 @_Rashi__ @mraina82 Real Techniques Makeup Brush Set Giveaway https://t.co/QrJK65vcMX,https://youtu.be/laaIMcWTlFc,youtu.be,,25/01/2017 17:42,https://twitter.com/#!/bhawnaahuja007/status/824311595463364608,,,8.24312E+17,8.24273E+17
shwtz7,mraina82,Mentions,25/01/2017 15:08,@thexoxoday @ekta_k88 @jayshreemehta83 @BhawnaAhuja007 @_Rashi__ @mraina82,,,,25/01/2017 15:08,https://twitter.com/#!/shwtz7/status/824272652500017152,,,8.24273E+17,8.24256E+17
shwtz7,mraina82,Mentions,25/01/2017 17:59,RT @BhawnaAhuja007: @Shwtz7 @thexoxoday @ekta_k88 @jayshreemehta83 @_Rashi__ @mraina82 Real Techniques Makeup Brush Set Giveaway https://t.…,,,,25/01/2017 17:59,https://twitter.com/#!/shwtz7/status/824315783828226048,,,8.24316E+17,
bhawnaahuja007,_rashi__,Mentions,25/01/2017 17:42,@Shwtz7 @thexoxoday @ekta_k88 @jayshreemehta83 @_Rashi__ @mraina82 Real Techniques Makeup Brush Set Giveaway https://t.co/QrJK65vcMX,https://youtu.be/laaIMcWTlFc,youtu.be,,25/01/2017 17:42,https://twitter.com/#!/bhawnaahuja007/status/824311595463364608,,,8.24312E+17,8.24273E+17
shwtz7,_rashi__,Mentions,25/01/2017 15:08,@thexoxoday @ekta_k88 @jayshreemehta83 @BhawnaAhuja007 @_Rashi__ @mraina82,,,,25/01/2017 15:08,https://twitter.com/#!/shwtz7/status/824272652500017152,,,8.24273E+17,8.24256E+17
shwtz7,_rashi__,Mentions,25/01/2017 17:59,RT @BhawnaAhuja007: @Shwtz7 @thexoxoday @ekta_k88 @jayshreemehta83 @_Rashi__ @mraina82 Real Techniques Makeup Brush Set Giveaway https://t.…,,,,25/01/2017 17:59,https://twitter.com/#!/shwtz7/status/824315783828226048,,,8.24316E+17,
bhawnaahuja007,jayshreemehta83,Mentions,25/01/2017 17:42,@Shwtz7 @thexoxoday @ekta_k88 @jayshreemehta83 @_Rashi__ @mraina82 Real Techniques Makeup Brush Set Giveaway https://t.co/QrJK65vcMX,https://youtu.be/laaIMcWTlFc,youtu.be,,25/01/2017 17:42,https://twitter.com/#!/bhawnaahuja007/status/824311595463364608,,,8.24312E+17,8.24273E+17
bhawnaahuja007,ekta_k88,Mentions,25/01/2017 17:42,@Shwtz7 @thexoxoday @ekta_k88 @jayshreemehta83 @_Rashi__ @mraina82 Real Techniques Makeup Brush Set Giveaway https://t.co/QrJK65vcMX,https://youtu.be/laaIMcWTlFc,youtu.be,,25/01/2017 17:42,https://twitter.com/#!/bhawnaahuja007/status/824311595463364608,,,8.24312E+17,8.24273E+17
bhawnaahuja007,thexoxoday,Mentions,25/01/2017 17:42,@Shwtz7 @thexoxoday @ekta_k88 @jayshreemehta83 @_Rashi__ @mraina82 Real Techniques Makeup Brush Set Giveaway https://t.co/QrJK65vcMX,https://youtu.be/laaIMcWTlFc,youtu.be,,25/01/2017 17:42,https://twitter.com/#!/bhawnaahuja007/status/824311595463364608,,,8.24312E+17,8.24273E+17
bhawnaahuja007,shwtz7,Replies to,25/01/2017 17:42,@Shwtz7 @thexoxoday @ekta_k88 @jayshreemehta83 @_Rashi__ @mraina82 Real Techniques Makeup Brush Set Giveaway https://t.co/QrJK65vcMX,https://youtu.be/laaIMcWTlFc,youtu.be,,25/01/2017 17:42,https://twitter.com/#!/bhawnaahuja007/status/824311595463364608,,,8.24312E+17,8.24273E+17
shwtz7,bhawnaahuja007,Mentions,25/01/2017 15:08,@thexoxoday @ekta_k88 @jayshreemehta83 @BhawnaAhuja007 @_Rashi__ @mraina82,,,,25/01/2017 15:08,https://twitter.com/#!/shwtz7/status/824272652500017152,,,8.24273E+17,8.24256E+17
shwtz7,bhawnaahuja007,Mentions,25/01/2017 17:59,RT @BhawnaAhuja007: @Shwtz7 @thexoxoday @ekta_k88 @jayshreemehta83 @_Rashi__ @mraina82 Real Techniques Makeup Brush Set Giveaway https://t.…,,,,25/01/2017 17:59,https://twitter.com/#!/shwtz7/status/824315783828226048,,,8.24316E+17,
shwtz7,miltonrebeiro,Mentions,27/01/2017 04:08,@thexoxoday @SushmaBindu @drarpita92 @modipreksha @WanderlustGirl_ @MiltonRebeiro,,,,27/01/2017 04:08,https://twitter.com/#!/shwtz7/status/824831508011573248,,,8.24832E+17,8.24217E+17
shwtz7,wanderlustgirl_,Mentions,27/01/2017 04:08,@thexoxoday @SushmaBindu @drarpita92 @modipreksha @WanderlustGirl_ @MiltonRebeiro,,,,27/01/2017 04:08,https://twitter.com/#!/shwtz7/status/824831508011573248,,,8.24832E+17,8.24217E+17
shwtz7,drarpita92,Mentions,25/01/2017 11:54,@thexoxoday Join @bombaylives @wanderlust_gurl  @sushmabindu @drarpita92 @modipreksha,,,,25/01/2017 11:54,https://twitter.com/#!/shwtz7/status/824223845053702146,,,8.24224E+17,8.24217E+17
shwtz7,drarpita92,Mentions,27/01/2017 04:08,@thexoxoday @SushmaBindu @drarpita92 @modipreksha @WanderlustGirl_ @MiltonRebeiro,,,,27/01/2017 04:08,https://twitter.com/#!/shwtz7/status/824831508011573248,,,8.24832E+17,8.24217E+17
shwtz7,sushmabindu,Mentions,25/01/2017 11:54,@thexoxoday Join @bombaylives @wanderlust_gurl  @sushmabindu @drarpita92 @modipreksha,,,,25/01/2017 11:54,https://twitter.com/#!/shwtz7/status/824223845053702146,,,8.24224E+17,8.24217E+17
shwtz7,sushmabindu,Mentions,27/01/2017 04:08,@thexoxoday @SushmaBindu @drarpita92 @modipreksha @WanderlustGirl_ @MiltonRebeiro,,,,27/01/2017 04:08,https://twitter.com/#!/shwtz7/status/824831508011573248,,,8.24832E+17,8.24217E+17
shwtz7,cmd999,Mentions,27/01/2017 15:24,@thexoxoday @modipreksha @SimmSareen @PreetiSMenon @plum_paradise @cmd999,,,,27/01/2017 15:24,https://twitter.com/#!/shwtz7/status/825001547234828288,,,8.25002E+17,8.24256E+17
shwtz7,preetismenon,Mentions,27/01/2017 15:24,@thexoxoday @modipreksha @SimmSareen @PreetiSMenon @plum_paradise @cmd999,,,,27/01/2017 15:24,https://twitter.com/#!/shwtz7/status/825001547234828288,,,8.25002E+17,8.24256E+17
shwtz7,simmsareen,Mentions,27/01/2017 15:24,@thexoxoday @modipreksha @SimmSareen @PreetiSMenon @plum_paradise @cmd999,,,,27/01/2017 15:24,https://twitter.com/#!/shwtz7/status/825001547234828288,,,8.25002E+17,8.24256E+17
contestadventur,modipreksha,Mentions,25/01/2017 11:56,"Join in
@thexoxoday
@modipreksha
@love7x24
@iRaja93
@TheJogendra
@santosh1984
@Harsha19591
@dinesh69949249
@iDURGADA5
@sandeep_447",,,,25/01/2017 11:56,https://twitter.com/#!/contestadventur/status/824224419421700096,,,8.24224E+17,8.24217E+17
shwtz7,modipreksha,Mentions,25/01/2017 11:54,@thexoxoday Join @bombaylives @wanderlust_gurl  @sushmabindu @drarpita92 @modipreksha,,,,25/01/2017 11:54,https://twitter.com/#!/shwtz7/status/824223845053702146,,,8.24224E+17,8.24217E+17
shwtz7,modipreksha,Mentions,27/01/2017 04:08,@thexoxoday @SushmaBindu @drarpita92 @modipreksha @WanderlustGirl_ @MiltonRebeiro,,,,27/01/2017 04:08,https://twitter.com/#!/shwtz7/status/824831508011573248,,,8.24832E+17,8.24217E+17
shwtz7,modipreksha,Mentions,27/01/2017 15:24,@thexoxoday @modipreksha @SimmSareen @PreetiSMenon @plum_paradise @cmd999,,,,27/01/2017 15:24,https://twitter.com/#!/shwtz7/status/825001547234828288,,,8.25002E+17,8.24256E+17
smojawala,shwtz7,Mentions,27/01/2017 08:44,RT @Shwtz7: @thexoxoday  @hidden_keys @hashloverz @smojawala @Hoor_Paree  @garbadandiya,,,,27/01/2017 08:44,https://twitter.com/#!/smojawala/status/824900843543486464,,,8.24901E+17,
shwtz7,thexoxoday,Replies to,25/01/2017 11:52,@thexoxoday join  @alexguiarebello @MehekMahtani @Venki_PM @parasharzboy @Dhyani1811,,,,25/01/2017 11:52,https://twitter.com/#!/shwtz7/status/824223312834203649,,,8.24223E+17,8.24217E+17
shwtz7,dewcool2,Mentions,25/01/2017 11:52,RT @thexoxoday: Our #Contest is now live! #RT and tag 5 of your friends to #win an Audi R8 ride and dinner at Taj! #ContestAlert @dewcool2…,,,contest rt win contestalert,25/01/2017 11:52,https://twitter.com/#!/shwtz7/status/824223338553675777,,,8.24223E+17,
shwtz7,thexoxoday,Mentions,25/01/2017 11:52,RT @thexoxoday: Our #Contest is now live! #RT and tag 5 of your friends to #win an Audi R8 ride and dinner at Taj! #ContestAlert @dewcool2…,,,contest rt win contestalert,25/01/2017 11:52,https://twitter.com/#!/shwtz7/status/824223338553675777,,,8.24223E+17,
shwtz7,thexoxoday,Mentions,25/01/2017 11:52,RT @thexoxoday: We are #live with our #contest! Follow to participate. All you have to do is #RT and tag 5 of your friends to win! https://…,,,live contest rt,25/01/2017 11:52,https://twitter.com/#!/shwtz7/status/824223352931790848,,,8.24223E+17,
shwtz7,thexoxoday,Mentions,25/01/2017 11:52,"RT @thexoxoday: #ContestAlert Remember, Follow Us to Participate! #contest #contestindia #ContestofChampions https://t.co/yD5kFC1kES",,,contestalert contest contestindia contestofchampions,25/01/2017 11:52,https://twitter.com/#!/shwtz7/status/824223369432219648,,,8.24223E+17,
shwtz7,ruchirasalvi2,Mentions,25/01/2017 11:52,"RT @thexoxoday: We have a contest coming up, you guys! Follow us to participate. @plum_paradise @mala_24amrish @ruchirasalvi2 @Acharyaempir…",,,,25/01/2017 11:52,https://twitter.com/#!/shwtz7/status/824223391787814912,,,8.24223E+17,
shwtz7,mala_24amrish,Mentions,25/01/2017 11:52,"RT @thexoxoday: We have a contest coming up, you guys! Follow us to participate. @plum_paradise @mala_24amrish @ruchirasalvi2 @Acharyaempir…",,,,25/01/2017 11:52,https://twitter.com/#!/shwtz7/status/824223391787814912,,,8.24223E+17,
shwtz7,plum_paradise,Mentions,25/01/2017 11:52,"RT @thexoxoday: We have a contest coming up, you guys! Follow us to participate. @plum_paradise @mala_24amrish @ruchirasalvi2 @Acharyaempir…",,,,25/01/2017 11:52,https://twitter.com/#!/shwtz7/status/824223391787814912,,,8.24223E+17,
shwtz7,thexoxoday,Mentions,25/01/2017 11:52,"RT @thexoxoday: We have a contest coming up, you guys! Follow us to participate. @plum_paradise @mala_24amrish @ruchirasalvi2 @Acharyaempir…",,,,25/01/2017 11:52,https://twitter.com/#!/shwtz7/status/824223391787814912,,,8.24223E+17,
shwtz7,broke,Mentions,25/01/2017 11:52,RT @thexoxoday: We have a #contest coming up. Follow us to participate! @IndianContests @Contesttable @iheartcontest @photo_contests @Broke…,,,contest,25/01/2017 11:52,https://twitter.com/#!/shwtz7/status/824223423287070724,,,8.24223E+17,
shwtz7,photo_contests,Mentions,25/01/2017 11:52,RT @thexoxoday: We have a #contest coming up. Follow us to participate! @IndianContests @Contesttable @iheartcontest @photo_contests @Broke…,,,contest,25/01/2017 11:52,https://twitter.com/#!/shwtz7/status/824223423287070724,,,8.24223E+17,
shwtz7,iheartcontest,Mentions,25/01/2017 11:52,RT @thexoxoday: We have a #contest coming up. Follow us to participate! @IndianContests @Contesttable @iheartcontest @photo_contests @Broke…,,,contest,25/01/2017 11:52,https://twitter.com/#!/shwtz7/status/824223423287070724,,,8.24223E+17,
shwtz7,contesttable,Mentions,25/01/2017 11:52,RT @thexoxoday: We have a #contest coming up. Follow us to participate! @IndianContests @Contesttable @iheartcontest @photo_contests @Broke…,,,contest,25/01/2017 11:52,https://twitter.com/#!/shwtz7/status/824223423287070724,,,8.24223E+17,
shwtz7,thexoxoday,Mentions,25/01/2017 11:52,RT @thexoxoday: We have a #contest coming up. Follow us to participate! @IndianContests @Contesttable @iheartcontest @photo_contests @Broke…,,,contest,25/01/2017 11:52,https://twitter.com/#!/shwtz7/status/824223423287070724,,,8.24223E+17,
shwtz7,acharyaempire,Mentions,25/01/2017 11:53,@thexoxoday Join @geetusri @soodabhinav08  @Anupama75  @Acharyaempire  @MusicALi12,,,,25/01/2017 11:53,https://twitter.com/#!/shwtz7/status/824223656049905665,,,8.24224E+17,8.24217E+17
shwtz7,thexoxoday,Replies to,25/01/2017 11:53,@thexoxoday Join @geetusri @soodabhinav08  @Anupama75  @Acharyaempire  @MusicALi12,,,,25/01/2017 11:53,https://twitter.com/#!/shwtz7/status/824223656049905665,,,8.24224E+17,8.24217E+17
shwtz7,thexoxoday,Replies to,25/01/2017 11:54,@thexoxoday Join @bombaylives @wanderlust_gurl  @sushmabindu @drarpita92 @modipreksha,,,,25/01/2017 11:54,https://twitter.com/#!/shwtz7/status/824223845053702146,,,8.24224E+17,8.24217E+17
shwtz7,thexoxoday,Mentions,25/01/2017 11:54,"RT @thexoxoday: Go, Goa and add a little adventure to your trip with this Scuba Diving Experience in #Goa. Book this now - https://t.co/5tc…",,,goa,25/01/2017 11:54,https://twitter.com/#!/shwtz7/status/824224018400092160,,,8.24224E+17,
shwtz7,contestindia_,Mentions,25/01/2017 11:55,RT @thexoxoday: #ContestAlert ! We have a #contest coming up in an hour. Keep watching this space for more! @ContestIndia_  @contestindia12…,,,contestalert contest,25/01/2017 11:55,https://twitter.com/#!/shwtz7/status/824224101711482880,,,8.24224E+17,
shwtz7,thexoxoday,Mentions,25/01/2017 11:55,RT @thexoxoday: #ContestAlert ! We have a #contest coming up in an hour. Keep watching this space for more! @ContestIndia_  @contestindia12…,,,contestalert contest,25/01/2017 11:55,https://twitter.com/#!/shwtz7/status/824224101711482880,,,8.24224E+17,
shwtz7,thexoxoday,Mentions,25/01/2017 11:59,RT @thexoxoday: Our #Contest is #live! #RT and tag 5 of your friends to win this dream ride on an Audi R8 and a Dinner at Taj Mahal Palace!…,,,contest live rt,25/01/2017 11:59,https://twitter.com/#!/shwtz7/status/824225271377076224,,,8.24225E+17,
shwtz7,thexoxoday,Mentions,25/01/2017 12:35,RT @thexoxoday: A shoutout to everyone who wants to #Participate! Our #contest is now live! Follow us to participate. #RT and tag 5 of your…,,,participate contest rt,25/01/2017 12:35,https://twitter.com/#!/shwtz7/status/824234178434584576,,,8.24234E+17,
shwtz7,thexoxoday,Replies to,25/01/2017 12:36,@thexoxoday join this fab contest @stuffednstarved @stunningmoon @docavneet @BhaktisBanter @DrShefali23,,,,25/01/2017 12:36,https://twitter.com/#!/shwtz7/status/824234362111524864,,,8.24234E+17,8.24231E+17
shwtz7,1985luckygal,Mentions,25/01/2017 12:37,@thexoxoday @Suruchi0603 @1985luckygal @vinaylohia82 @imbevda @nidc13 😊,,,,25/01/2017 12:37,https://twitter.com/#!/shwtz7/status/824234834805411840,,,8.24235E+17,8.24231E+17
shwtz7,thexoxoday,Replies to,25/01/2017 12:37,@thexoxoday @Suruchi0603 @1985luckygal @vinaylohia82 @imbevda @nidc13 😊,,,,25/01/2017 12:37,https://twitter.com/#!/shwtz7/status/824234834805411840,,,8.24235E+17,8.24231E+17
shwtz7,thexoxoday,Replies to,25/01/2017 12:38,@thexoxoday @ChhotaRecharge @FlowersCakesOl @nikhil_merchant @nitin_buddy @raggedtag,,,,25/01/2017 12:38,https://twitter.com/#!/shwtz7/status/824235084370710528,,,8.24235E+17,8.24231E+17
shwtz7,thexoxoday,Replies to,25/01/2017 12:40,@thexoxoday @KacchiKairi @nivedithg @shikha123poddar @shivzi @artisanme79,,,,25/01/2017 12:40,https://twitter.com/#!/shwtz7/status/824235397563621376,,,8.24235E+17,8.24231E+17
shwtz7,thexoxoday,Replies to,25/01/2017 13:31,@thexoxoday wanna win da luxury experience wid  @Audi and @tajmahalplace,,,,25/01/2017 13:31,https://twitter.com/#!/shwtz7/status/824248325872328704,,,8.24248E+17,8.24231E+17
shwtz7,jayshreemehta83,Mentions,25/01/2017 15:08,@thexoxoday @ekta_k88 @jayshreemehta83 @BhawnaAhuja007 @_Rashi__ @mraina82,,,,25/01/2017 15:08,https://twitter.com/#!/shwtz7/status/824272652500017152,,,8.24273E+17,8.24256E+17
shwtz7,ekta_k88,Mentions,25/01/2017 15:08,@thexoxoday @ekta_k88 @jayshreemehta83 @BhawnaAhuja007 @_Rashi__ @mraina82,,,,25/01/2017 15:08,https://twitter.com/#!/shwtz7/status/824272652500017152,,,8.24273E+17,8.24256E+17
shwtz7,thexoxoday,Replies to,25/01/2017 15:08,@thexoxoday @ekta_k88 @jayshreemehta83 @BhawnaAhuja007 @_Rashi__ @mraina82,,,,25/01/2017 15:08,https://twitter.com/#!/shwtz7/status/824272652500017152,,,8.24273E+17,8.24256E+17
shwtz7,thexoxoday,Mentions,25/01/2017 16:16,RT @thexoxoday: Our contest is #LIVE! Follow us to #participate and #RT and tag 5 of your friends to #win! #ContestAlert #Contest https://t…,,,live participate rt win contestalert contest,25/01/2017 16:16,https://twitter.com/#!/shwtz7/status/824289812098093056,,,8.2429E+17,
shwtz7,pinkydholakia,Mentions,25/01/2017 16:55,@thexoxoday @Pinku40 @PinkyDholakia @NDbros @roxannebamboat @MaitreniMishra,,,,25/01/2017 16:55,https://twitter.com/#!/shwtz7/status/824299750174298113,,,8.243E+17,8.24256E+17
shwtz7,thexoxoday,Replies to,25/01/2017 16:55,@thexoxoday @Pinku40 @PinkyDholakia @NDbros @roxannebamboat @MaitreniMishra,,,,25/01/2017 16:55,https://twitter.com/#!/shwtz7/status/824299750174298113,,,8.243E+17,8.24256E+17
shwtz7,jayshreemehta83,Mentions,25/01/2017 17:59,RT @BhawnaAhuja007: @Shwtz7 @thexoxoday @ekta_k88 @jayshreemehta83 @_Rashi__ @mraina82 Real Techniques Makeup Brush Set Giveaway https://t.…,,,,25/01/2017 17:59,https://twitter.com/#!/shwtz7/status/824315783828226048,,,8.24316E+17,
shwtz7,ekta_k88,Mentions,25/01/2017 17:59,RT @BhawnaAhuja007: @Shwtz7 @thexoxoday @ekta_k88 @jayshreemehta83 @_Rashi__ @mraina82 Real Techniques Makeup Brush Set Giveaway https://t.…,,,,25/01/2017 17:59,https://twitter.com/#!/shwtz7/status/824315783828226048,,,8.24316E+17,
shwtz7,thexoxoday,Mentions,25/01/2017 17:59,RT @BhawnaAhuja007: @Shwtz7 @thexoxoday @ekta_k88 @jayshreemehta83 @_Rashi__ @mraina82 Real Techniques Makeup Brush Set Giveaway https://t.…,,,,25/01/2017 17:59,https://twitter.com/#!/shwtz7/status/824315783828226048,,,8.24316E+17,
shwtz7,thexoxoday,Replies to,27/01/2017 04:08,@thexoxoday @SushmaBindu @drarpita92 @modipreksha @WanderlustGirl_ @MiltonRebeiro,,,,27/01/2017 04:08,https://twitter.com/#!/shwtz7/status/824831508011573248,,,8.24832E+17,8.24217E+17
shwtz7,thexoxoday,Replies to,27/01/2017 08:21,@thexoxoday u do it all from Super Sunday to Long Weekend Special Occassion to Premium Experiences.Kids Conner to Hobbies and Interest thaks,,,,27/01/2017 08:21,https://twitter.com/#!/shwtz7/status/824894988370661380,,,8.24895E+17,
shwtz7,thexoxoday,Mentions,27/01/2017 08:21,RT @thexoxoday: Here's our list of the 13 best untouched getaways from #Mumbai and #Pune for the upcoming #longweekend! Click here - https:…,,,mumbai pune longweekend,27/01/2017 08:21,https://twitter.com/#!/shwtz7/status/824895071682076672,,,8.24895E+17,
shwtz7,thexoxoday,Mentions,27/01/2017 08:21,RT @thexoxoday: Pack Your Bags #NOW and head to these unexplored and untouched weekend getaways near #Mumbai and #Pune  - https://t.co/RJva…,,,now mumbai pune,27/01/2017 08:21,https://twitter.com/#!/shwtz7/status/824895095241469952,,,8.24895E+17,
shwtz7,garbadandiya,Mentions,27/01/2017 08:36,@thexoxoday  @hidden_keys @hashloverz @smojawala @Hoor_Paree  @garbadandiya,,,,27/01/2017 08:36,https://twitter.com/#!/shwtz7/status/824898840843071489,,,8.24899E+17,8.24217E+17
shwtz7,hoor_paree,Mentions,27/01/2017 08:36,@thexoxoday  @hidden_keys @hashloverz @smojawala @Hoor_Paree  @garbadandiya,,,,27/01/2017 08:36,https://twitter.com/#!/shwtz7/status/824898840843071489,,,8.24899E+17,8.24217E+17
shwtz7,smojawala,Mentions,27/01/2017 08:36,@thexoxoday  @hidden_keys @hashloverz @smojawala @Hoor_Paree  @garbadandiya,,,,27/01/2017 08:36,https://twitter.com/#!/shwtz7/status/824898840843071489,,,8.24899E+17,8.24217E+17
shwtz7,hashloverz,Mentions,27/01/2017 08:36,@thexoxoday  @hidden_keys @hashloverz @smojawala @Hoor_Paree  @garbadandiya,,,,27/01/2017 08:36,https://twitter.com/#!/shwtz7/status/824898840843071489,,,8.24899E+17,8.24217E+17
shwtz7,hidden_keys,Mentions,27/01/2017 08:36,@thexoxoday  @hidden_keys @hashloverz @smojawala @Hoor_Paree  @garbadandiya,,,,27/01/2017 08:36,https://twitter.com/#!/shwtz7/status/824898840843071489,,,8.24899E+17,8.24217E+17
shwtz7,thexoxoday,Replies to,27/01/2017 08:36,@thexoxoday  @hidden_keys @hashloverz @smojawala @Hoor_Paree  @garbadandiya,,,,27/01/2017 08:36,https://twitter.com/#!/shwtz7/status/824898840843071489,,,8.24899E+17,8.24217E+17
shwtz7,thexoxoday,Mentions,27/01/2017 15:22,"RT @thexoxoday: Follow us to participate, all you have to do is #RT and tag 5 of your friends and visit - https://t.co/sDYj0Z0PUX #contest…",https://www.xoxoday.com/?utm_source=twitter&utm_campaign=contest-post&utm_medium=social,xoxoday.com,rt contest,27/01/2017 15:22,https://twitter.com/#!/shwtz7/status/825001153817554945,,,8.25001E+17,
shwtz7,thexoxoday,Mentions,27/01/2017 15:23,"RT @thexoxoday: We will be announcing the winner on Monday, which means, you still have three more days to participate and #win! #ContestAl…",,,win,27/01/2017 15:23,https://twitter.com/#!/shwtz7/status/825001174520655872,,,8.25001E+17,
shwtz7,plum_paradise,Mentions,27/01/2017 15:24,@thexoxoday @modipreksha @SimmSareen @PreetiSMenon @plum_paradise @cmd999,,,,27/01/2017 15:24,https://twitter.com/#!/shwtz7/status/825001547234828288,,,8.25002E+17,8.24256E+17
shwtz7,thexoxoday,Replies to,27/01/2017 15:24,@thexoxoday @modipreksha @SimmSareen @PreetiSMenon @plum_paradise @cmd999,,,,27/01/2017 15:24,https://twitter.com/#!/shwtz7/status/825001547234828288,,,8.25002E+17,8.24256E+17
thexoxoday,thexox,Mentions,27/01/2017 20:22,"RT @pratima_talreja: @thexoxoday 
Wow nice website 👌👌
It contains all my to-do list it's v easy to get all things together 🤗
Thanks @thexox…",,,,27/01/2017 20:22,https://twitter.com/#!/thexoxoday/status/825076461480484864,,,8.25076E+17,
abhijitjunagade,thexoxoday,Mentions,27/01/2017 21:51,The Tech Journey of Xoxoday https://t.co/oMlpBGxs9I via @thexoxoday,https://enterpriseblog.xoxoday.com/the-tech-journey-of-xoxoday/2531,xoxoday.com,,27/01/2017 21:51,https://twitter.com/#!/abhijitjunagade/status/825098817506770944,,,8.25099E+17,
1985luckygal,hoor_paree,Mentions,25/01/2017 12:28,"@thexoxoday #Win #RT

Tagging my Mumbai Buddies - @hidden_keys @hashloverz @smojawala @Hoor_Paree 
@garbadandiya",,,win rt,25/01/2017 12:28,https://twitter.com/#!/1985luckygal/status/824232442445692930,,,8.24232E+17,8.24231E+17
smojawala,hoor_paree,Mentions,27/01/2017 08:44,RT @Shwtz7: @thexoxoday  @hidden_keys @hashloverz @smojawala @Hoor_Paree  @garbadandiya,,,,27/01/2017 08:44,https://twitter.com/#!/smojawala/status/824900843543486464,,,8.24901E+17,
garbadandiya,hoor_paree,Mentions,26/01/2017 11:21,"RT @1985luckygal: @thexoxoday #Win #RT

Tagging my Mumbai Buddies - @hidden_keys @hashloverz @smojawala @Hoor_Paree 
@garbadandiya",,,win rt,26/01/2017 11:21,https://twitter.com/#!/garbadandiya/status/824578126739107840,,,8.24578E+17,
1985luckygal,smojawala,Mentions,25/01/2017 12:28,"@thexoxoday #Win #RT

Tagging my Mumbai Buddies - @hidden_keys @hashloverz @smojawala @Hoor_Paree 
@garbadandiya",,,win rt,25/01/2017 12:28,https://twitter.com/#!/1985luckygal/status/824232442445692930,,,8.24232E+17,8.24231E+17
smojawala,garbadandiya,Mentions,27/01/2017 08:44,RT @Shwtz7: @thexoxoday  @hidden_keys @hashloverz @smojawala @Hoor_Paree  @garbadandiya,,,,27/01/2017 08:44,https://twitter.com/#!/smojawala/status/824900843543486464,,,8.24901E+17,
smojawala,hashloverz,Mentions,27/01/2017 08:44,RT @Shwtz7: @thexoxoday  @hidden_keys @hashloverz @smojawala @Hoor_Paree  @garbadandiya,,,,27/01/2017 08:44,https://twitter.com/#!/smojawala/status/824900843543486464,,,8.24901E+17,
smojawala,hidden_keys,Mentions,27/01/2017 08:44,RT @Shwtz7: @thexoxoday  @hidden_keys @hashloverz @smojawala @Hoor_Paree  @garbadandiya,,,,27/01/2017 08:44,https://twitter.com/#!/smojawala/status/824900843543486464,,,8.24901E+17,
smojawala,thexoxoday,Mentions,27/01/2017 08:44,RT @Shwtz7: @thexoxoday  @hidden_keys @hashloverz @smojawala @Hoor_Paree  @garbadandiya,,,,27/01/2017 08:44,https://twitter.com/#!/smojawala/status/824900843543486464,,,8.24901E+17,
garbadandiya,smojawala,Mentions,26/01/2017 11:21,"RT @1985luckygal: @thexoxoday #Win #RT

Tagging my Mumbai Buddies - @hidden_keys @hashloverz @smojawala @Hoor_Paree 
@garbadandiya",,,win rt,26/01/2017 11:21,https://twitter.com/#!/garbadandiya/status/824578126739107840,,,8.24578E+17,
1985luckygal,hashloverz,Mentions,25/01/2017 12:28,"@thexoxoday #Win #RT

Tagging my Mumbai Buddies - @hidden_keys @hashloverz @smojawala @Hoor_Paree 
@garbadandiya",,,win rt,25/01/2017 12:28,https://twitter.com/#!/1985luckygal/status/824232442445692930,,,8.24232E+17,8.24231E+17
garbadandiya,hashloverz,Mentions,26/01/2017 11:21,"RT @1985luckygal: @thexoxoday #Win #RT

Tagging my Mumbai Buddies - @hidden_keys @hashloverz @smojawala @Hoor_Paree 
@garbadandiya",,,win rt,26/01/2017 11:21,https://twitter.com/#!/garbadandiya/status/824578126739107840,,,8.24578E+17,
1985luckygal,hidden_keys,Mentions,25/01/2017 12:28,"@thexoxoday #Win #RT

Tagging my Mumbai Buddies - @hidden_keys @hashloverz @smojawala @Hoor_Paree 
@garbadandiya",,,win rt,25/01/2017 12:28,https://twitter.com/#!/1985luckygal/status/824232442445692930,,,8.24232E+17,8.24231E+17
garbadandiya,hidden_keys,Mentions,26/01/2017 11:21,"RT @1985luckygal: @thexoxoday #Win #RT

Tagging my Mumbai Buddies - @hidden_keys @hashloverz @smojawala @Hoor_Paree 
@garbadandiya",,,win rt,26/01/2017 11:21,https://twitter.com/#!/garbadandiya/status/824578126739107840,,,8.24578E+17,
1985luckygal,dewcool2,Mentions,25/01/2017 12:24,RT @thexoxoday: Our #Contest is now live! #RT and tag 5 of your friends to #win an Audi R8 ride and dinner at Taj! #ContestAlert @dewcool2…,,,contest rt win contestalert,25/01/2017 12:24,https://twitter.com/#!/1985luckygal/status/824231465764294656,,,8.24231E+17,
1985luckygal,thexoxoday,Mentions,25/01/2017 12:24,RT @thexoxoday: Our #Contest is now live! #RT and tag 5 of your friends to #win an Audi R8 ride and dinner at Taj! #ContestAlert @dewcool2…,,,contest rt win contestalert,25/01/2017 12:24,https://twitter.com/#!/1985luckygal/status/824231465764294656,,,8.24231E+17,
1985luckygal,thexoxoday,Mentions,25/01/2017 12:24,RT @thexoxoday: We are #live with our #contest! Follow to participate. All you have to do is #RT and tag 5 of your friends to win! https://…,,,live contest rt,25/01/2017 12:24,https://twitter.com/#!/1985luckygal/status/824231556159979521,,,8.24232E+17,
1985luckygal,thexoxoday,Replies to,25/01/2017 12:27,"@thexoxoday #win #RT #contest 

Tagging my pure mumbaikar friends -- @shabbir_ard @Being_Akbar @pjptl55 @poojari_shruti @digitalera313",,,win rt contest,25/01/2017 12:27,https://twitter.com/#!/1985luckygal/status/824232128485343232,,,8.24232E+17,8.24217E+17
1985luckygal,thexoxoday,Mentions,25/01/2017 12:27,RT @thexoxoday: A shoutout to everyone who wants to #Participate! Our #contest is now live! Follow us to participate. #RT and tag 5 of your…,,,participate contest rt,25/01/2017 12:27,https://twitter.com/#!/1985luckygal/status/824232159045042177,,,8.24232E+17,
1985luckygal,garbadandiya,Mentions,25/01/2017 12:28,"@thexoxoday #Win #RT

Tagging my Mumbai Buddies - @hidden_keys @hashloverz @smojawala @Hoor_Paree 
@garbadandiya",,,win rt,25/01/2017 12:28,https://twitter.com/#!/1985luckygal/status/824232442445692930,,,8.24232E+17,8.24231E+17
1985luckygal,thexoxoday,Replies to,25/01/2017 12:28,"@thexoxoday #Win #RT

Tagging my Mumbai Buddies - @hidden_keys @hashloverz @smojawala @Hoor_Paree 
@garbadandiya",,,win rt,25/01/2017 12:28,https://twitter.com/#!/1985luckygal/status/824232442445692930,,,8.24232E+17,8.24231E+17
1985luckygal,thexoxoday,Mentions,25/01/2017 12:38,RT @thexoxoday: Our #Contest is #live! #RT and tag 5 of your friends to win this dream ride on an Audi R8 and a Dinner at Taj Mahal Palace!…,,,contest live rt,25/01/2017 12:38,https://twitter.com/#!/1985luckygal/status/824234946013208576,,,8.24235E+17,
1985luckygal,thexoxoday,Mentions,25/01/2017 15:47,RT @thexoxoday: Our contest is #LIVE! Follow us to #participate and #RT and tag 5 of your friends to #win! #ContestAlert #Contest https://t…,,,live participate rt win contestalert contest,25/01/2017 15:47,https://twitter.com/#!/1985luckygal/status/824282487895404544,,,8.24282E+17,
garbadandiya,1985luckygal,Mentions,26/01/2017 11:21,"RT @1985luckygal: @thexoxoday #Win #RT

Tagging my Mumbai Buddies - @hidden_keys @hashloverz @smojawala @Hoor_Paree 
@garbadandiya",,,win rt,26/01/2017 11:21,https://twitter.com/#!/garbadandiya/status/824578126739107840,,,8.24578E+17,
garbadandiya,thexoxoday,Mentions,26/01/2017 11:21,"RT @1985luckygal: @thexoxoday #Win #RT

Tagging my Mumbai Buddies - @hidden_keys @hashloverz @smojawala @Hoor_Paree 
@garbadandiya",,,win rt,26/01/2017 11:21,https://twitter.com/#!/garbadandiya/status/824578126739107840,,,8.24578E+17,
garbadandiya,thexoxoday,Mentions,28/01/2017 13:38,RT @thexoxoday: Our #Contest is #live! #RT and tag 5 of your friends to win this dream ride on an Audi R8 and a Dinner at Taj Mahal Palace!…,,,contest live rt,28/01/2017 13:38,https://twitter.com/#!/garbadandiya/status/825337310761930753,,,8.25337E+17,
iamharishs,ramyavellanki,Mentions,26/01/2017 05:46,RT @8686841151rp: @thexoxoday  @MaNiShPuRoHi @iKaranSharma @iamHarishS @ramyavellanki @8686841151rp #ContestAlert #contest #Live #RT.,,,contestalert contest live rt,26/01/2017 05:46,https://twitter.com/#!/iamharishs/status/824493591808643072,,,8.24494E+17,
iamharishs,ramyavellanki,Mentions,26/01/2017 05:46,RT @8686841151rp: @thexoxoday @MaNiShPuRoHi @iKaranSharma @iamHarishS @ramyavellanki @8686841151rp #ContestAlert #contest #Live #RT,,,contestalert contest live rt,26/01/2017 05:46,https://twitter.com/#!/iamharishs/status/824493595482808320,,,8.24494E+17,
contestadventur,ramyavellanki,Mentions,25/01/2017 11:54,"Join in
@thexoxoday
@Tweet_Tweet_Raj
@U_ANOOP1
@thisispriyankaa
@CreativeVamsi
@bhansali_raj
@BadmashDip
@ramyavellanki
@Rohanrm2013",,,,25/01/2017 11:54,https://twitter.com/#!/contestadventur/status/824223885415489539,,,8.24224E+17,8.24217E+17
8686841151rp,ramyavellanki,Mentions,25/01/2017 11:59,@thexoxoday @MaNiShPuRoHi @iKaranSharma @iamHarishS @ramyavellanki @8686841151rp #ContestAlert #contest #Live #RT,,,contestalert contest live rt,25/01/2017 11:59,https://twitter.com/#!/8686841151rp/status/824225216574451712,,,8.24225E+17,8.24217E+17
8686841151rp,ramyavellanki,Mentions,25/01/2017 12:00,@thexoxoday  @MaNiShPuRoHi @iKaranSharma @iamHarishS @ramyavellanki @8686841151rp #ContestAlert #contest #Live #RT.,,,contestalert contest live rt,25/01/2017 12:00,https://twitter.com/#!/8686841151rp/status/824225432471998464,,,8.24225E+17,8.24217E+17
iamharishs,ikaransharma,Mentions,26/01/2017 05:46,RT @8686841151rp: @thexoxoday  @MaNiShPuRoHi @iKaranSharma @iamHarishS @ramyavellanki @8686841151rp #ContestAlert #contest #Live #RT.,,,contestalert contest live rt,26/01/2017 05:46,https://twitter.com/#!/iamharishs/status/824493591808643072,,,8.24494E+17,
iamharishs,manishpurohi,Mentions,26/01/2017 05:46,RT @8686841151rp: @thexoxoday  @MaNiShPuRoHi @iKaranSharma @iamHarishS @ramyavellanki @8686841151rp #ContestAlert #contest #Live #RT.,,,contestalert contest live rt,26/01/2017 05:46,https://twitter.com/#!/iamharishs/status/824493591808643072,,,8.24494E+17,
iamharishs,thexoxoday,Mentions,26/01/2017 05:46,RT @8686841151rp: @thexoxoday  @MaNiShPuRoHi @iKaranSharma @iamHarishS @ramyavellanki @8686841151rp #ContestAlert #contest #Live #RT.,,,contestalert contest live rt,26/01/2017 05:46,https://twitter.com/#!/iamharishs/status/824493591808643072,,,8.24494E+17,
iamharishs,8686841151rp,Mentions,26/01/2017 05:46,RT @8686841151rp: @thexoxoday  @MaNiShPuRoHi @iKaranSharma @iamHarishS @ramyavellanki @8686841151rp #ContestAlert #contest #Live #RT.,,,contestalert contest live rt,26/01/2017 05:46,https://twitter.com/#!/iamharishs/status/824493591808643072,,,8.24494E+17,
iamharishs,ikaransharma,Mentions,26/01/2017 05:46,RT @8686841151rp: @thexoxoday @MaNiShPuRoHi @iKaranSharma @iamHarishS @ramyavellanki @8686841151rp #ContestAlert #contest #Live #RT,,,contestalert contest live rt,26/01/2017 05:46,https://twitter.com/#!/iamharishs/status/824493595482808320,,,8.24494E+17,
iamharishs,manishpurohi,Mentions,26/01/2017 05:46,RT @8686841151rp: @thexoxoday @MaNiShPuRoHi @iKaranSharma @iamHarishS @ramyavellanki @8686841151rp #ContestAlert #contest #Live #RT,,,contestalert contest live rt,26/01/2017 05:46,https://twitter.com/#!/iamharishs/status/824493595482808320,,,8.24494E+17,
iamharishs,thexoxoday,Mentions,26/01/2017 05:46,RT @8686841151rp: @thexoxoday @MaNiShPuRoHi @iKaranSharma @iamHarishS @ramyavellanki @8686841151rp #ContestAlert #contest #Live #RT,,,contestalert contest live rt,26/01/2017 05:46,https://twitter.com/#!/iamharishs/status/824493595482808320,,,8.24494E+17,
iamharishs,8686841151rp,Mentions,26/01/2017 05:46,RT @8686841151rp: @thexoxoday @MaNiShPuRoHi @iKaranSharma @iamHarishS @ramyavellanki @8686841151rp #ContestAlert #contest #Live #RT,,,contestalert contest live rt,26/01/2017 05:46,https://twitter.com/#!/iamharishs/status/824493595482808320,,,8.24494E+17,
iamharishs,manishpurohi,Mentions,26/01/2017 05:46,RT @8686841151rp: @thexoxoday here are my 5 friends @karconnect @iKaranSharma @MaNiShPuRoHi @iamHarishS @8686841151rp #Contest #ContestAler…,,,contest,26/01/2017 05:46,https://twitter.com/#!/iamharishs/status/824493601656868865,,,8.24494E+17,
iamharishs,ikaransharma,Mentions,26/01/2017 05:46,RT @8686841151rp: @thexoxoday here are my 5 friends @karconnect @iKaranSharma @MaNiShPuRoHi @iamHarishS @8686841151rp #Contest #ContestAler…,,,contest,26/01/2017 05:46,https://twitter.com/#!/iamharishs/status/824493601656868865,,,8.24494E+17,
iamharishs,karconnect,Mentions,26/01/2017 05:46,RT @8686841151rp: @thexoxoday here are my 5 friends @karconnect @iKaranSharma @MaNiShPuRoHi @iamHarishS @8686841151rp #Contest #ContestAler…,,,contest,26/01/2017 05:46,https://twitter.com/#!/iamharishs/status/824493601656868865,,,8.24494E+17,
iamharishs,thexoxoday,Mentions,26/01/2017 05:46,RT @8686841151rp: @thexoxoday here are my 5 friends @karconnect @iKaranSharma @MaNiShPuRoHi @iamHarishS @8686841151rp #Contest #ContestAler…,,,contest,26/01/2017 05:46,https://twitter.com/#!/iamharishs/status/824493601656868865,,,8.24494E+17,
iamharishs,8686841151rp,Mentions,26/01/2017 05:46,RT @8686841151rp: @thexoxoday here are my 5 friends @karconnect @iKaranSharma @MaNiShPuRoHi @iamHarishS @8686841151rp #Contest #ContestAler…,,,contest,26/01/2017 05:46,https://twitter.com/#!/iamharishs/status/824493601656868865,,,8.24494E+17,
8686841151rp,iamharishs,Mentions,25/01/2017 11:59,@thexoxoday @MaNiShPuRoHi @iKaranSharma @iamHarishS @ramyavellanki @8686841151rp #ContestAlert #contest #Live #RT,,,contestalert contest live rt,25/01/2017 11:59,https://twitter.com/#!/8686841151rp/status/824225216574451712,,,8.24225E+17,8.24217E+17
8686841151rp,iamharishs,Mentions,25/01/2017 12:00,@thexoxoday  @MaNiShPuRoHi @iKaranSharma @iamHarishS @ramyavellanki @8686841151rp #ContestAlert #contest #Live #RT.,,,contestalert contest live rt,25/01/2017 12:00,https://twitter.com/#!/8686841151rp/status/824225432471998464,,,8.24225E+17,8.24217E+17
8686841151rp,iamharishs,Mentions,25/01/2017 12:03,@thexoxoday here are my 5 friends @karconnect @iKaranSharma @MaNiShPuRoHi @iamHarishS @8686841151rp #Contest #ContestAlert #RT,,,contest contestalert rt,25/01/2017 12:03,https://twitter.com/#!/8686841151rp/status/824226165502124032,,,8.24226E+17,8.24217E+17
8686841151rp,manishpurohi,Mentions,25/01/2017 11:59,@thexoxoday @MaNiShPuRoHi @iKaranSharma @iamHarishS @ramyavellanki @8686841151rp #ContestAlert #contest #Live #RT,,,contestalert contest live rt,25/01/2017 11:59,https://twitter.com/#!/8686841151rp/status/824225216574451712,,,8.24225E+17,8.24217E+17
8686841151rp,manishpurohi,Mentions,25/01/2017 12:00,@thexoxoday  @MaNiShPuRoHi @iKaranSharma @iamHarishS @ramyavellanki @8686841151rp #ContestAlert #contest #Live #RT.,,,contestalert contest live rt,25/01/2017 12:00,https://twitter.com/#!/8686841151rp/status/824225432471998464,,,8.24225E+17,8.24217E+17
8686841151rp,manishpurohi,Mentions,25/01/2017 12:03,@thexoxoday here are my 5 friends @karconnect @iKaranSharma @MaNiShPuRoHi @iamHarishS @8686841151rp #Contest #ContestAlert #RT,,,contest contestalert rt,25/01/2017 12:03,https://twitter.com/#!/8686841151rp/status/824226165502124032,,,8.24226E+17,8.24217E+17
karconnect,ikaransharma,Mentions,25/01/2017 16:15,RT @8686841151rp: @thexoxoday @contestweeter yoyo yep yep huh huh here are my 5 friends @karconnect @iKaranSharma  #Contest #ContestAlert #…,,,contest contestalert,25/01/2017 16:15,https://twitter.com/#!/karconnect/status/824289595449888769,,,8.2429E+17,
8686841151rp,ikaransharma,Mentions,25/01/2017 11:59,@thexoxoday @MaNiShPuRoHi @iKaranSharma @iamHarishS @ramyavellanki @8686841151rp #ContestAlert #contest #Live #RT,,,contestalert contest live rt,25/01/2017 11:59,https://twitter.com/#!/8686841151rp/status/824225216574451712,,,8.24225E+17,8.24217E+17
8686841151rp,ikaransharma,Mentions,25/01/2017 12:00,@thexoxoday  @MaNiShPuRoHi @iKaranSharma @iamHarishS @ramyavellanki @8686841151rp #ContestAlert #contest #Live #RT.,,,contestalert contest live rt,25/01/2017 12:00,https://twitter.com/#!/8686841151rp/status/824225432471998464,,,8.24225E+17,8.24217E+17
8686841151rp,ikaransharma,Mentions,25/01/2017 12:03,@thexoxoday here are my 5 friends @karconnect @iKaranSharma @MaNiShPuRoHi @iamHarishS @8686841151rp #Contest #ContestAlert #RT,,,contest contestalert rt,25/01/2017 12:03,https://twitter.com/#!/8686841151rp/status/824226165502124032,,,8.24226E+17,8.24217E+17
8686841151rp,ikaransharma,Mentions,25/01/2017 12:04,@thexoxoday @contestweeter yoyo yep yep huh huh here are my 5 friends @karconnect @iKaranSharma  #Contest #ContestAlert #RT,,,contest contestalert rt,25/01/2017 12:04,https://twitter.com/#!/8686841151rp/status/824226541219540992,,,8.24227E+17,8.24206E+17
karconnect,contestweeter,Mentions,25/01/2017 16:15,RT @8686841151rp: @thexoxoday @contestweeter yoyo yep yep huh huh here are my 5 friends @karconnect @iKaranSharma  #Contest #ContestAlert #…,,,contest contestalert,25/01/2017 16:15,https://twitter.com/#!/karconnect/status/824289595449888769,,,8.2429E+17,
karconnect,thexoxoday,Mentions,25/01/2017 16:15,RT @8686841151rp: @thexoxoday @contestweeter yoyo yep yep huh huh here are my 5 friends @karconnect @iKaranSharma  #Contest #ContestAlert #…,,,contest contestalert,25/01/2017 16:15,https://twitter.com/#!/karconnect/status/824289595449888769,,,8.2429E+17,
karconnect,8686841151rp,Mentions,25/01/2017 16:15,RT @8686841151rp: @thexoxoday @contestweeter yoyo yep yep huh huh here are my 5 friends @karconnect @iKaranSharma  #Contest #ContestAlert #…,,,contest contestalert,25/01/2017 16:15,https://twitter.com/#!/karconnect/status/824289595449888769,,,8.2429E+17,
8686841151rp,karconnect,Mentions,25/01/2017 12:03,@thexoxoday here are my 5 friends @karconnect @iKaranSharma @MaNiShPuRoHi @iamHarishS @8686841151rp #Contest #ContestAlert #RT,,,contest contestalert rt,25/01/2017 12:03,https://twitter.com/#!/8686841151rp/status/824226165502124032,,,8.24226E+17,8.24217E+17
8686841151rp,karconnect,Mentions,25/01/2017 12:04,@thexoxoday @contestweeter yoyo yep yep huh huh here are my 5 friends @karconnect @iKaranSharma  #Contest #ContestAlert #RT,,,contest contestalert rt,25/01/2017 12:04,https://twitter.com/#!/8686841151rp/status/824226541219540992,,,8.24227E+17,8.24206E+17
8686841151rp,contestindia_,Mentions,25/01/2017 12:05,RT @thexoxoday: #ContestAlert ! We have a #contest coming up in an hour. Keep watching this space for more! @ContestIndia_  @contestindia12…,,,contestalert contest,25/01/2017 12:05,https://twitter.com/#!/8686841151rp/status/824226610949853184,,,8.24227E+17,
8686841151rp,thexoxoday,Mentions,25/01/2017 11:57,RT @thexoxoday: Our #Contest is #live! #RT and tag 5 of your friends to win this dream ride on an Audi R8 and a Dinner at Taj Mahal Palace!…,,,contest live rt,25/01/2017 11:57,https://twitter.com/#!/8686841151rp/status/824224548056875016,,,8.24225E+17,
8686841151rp,thexoxoday,Replies to,25/01/2017 11:59,@thexoxoday @MaNiShPuRoHi @iKaranSharma @iamHarishS @ramyavellanki @8686841151rp #ContestAlert #contest #Live #RT,,,contestalert contest live rt,25/01/2017 11:59,https://twitter.com/#!/8686841151rp/status/824225216574451712,,,8.24225E+17,8.24217E+17
8686841151rp,thexoxoday,Replies to,25/01/2017 12:00,@thexoxoday  @MaNiShPuRoHi @iKaranSharma @iamHarishS @ramyavellanki @8686841151rp #ContestAlert #contest #Live #RT.,,,contestalert contest live rt,25/01/2017 12:00,https://twitter.com/#!/8686841151rp/status/824225432471998464,,,8.24225E+17,8.24217E+17
8686841151rp,dewcool2,Mentions,25/01/2017 12:00,RT @thexoxoday: Our #Contest is now live! #RT and tag 5 of your friends to #win an Audi R8 ride and dinner at Taj! #ContestAlert @dewcool2…,,,contest rt win contestalert,25/01/2017 12:00,https://twitter.com/#!/8686841151rp/status/824225530761383936,,,8.24226E+17,
8686841151rp,thexoxoday,Mentions,25/01/2017 12:00,RT @thexoxoday: Our #Contest is now live! #RT and tag 5 of your friends to #win an Audi R8 ride and dinner at Taj! #ContestAlert @dewcool2…,,,contest rt win contestalert,25/01/2017 12:00,https://twitter.com/#!/8686841151rp/status/824225530761383936,,,8.24226E+17,
8686841151rp,thexoxoday,Mentions,25/01/2017 12:01,RT @thexoxoday: We are #live with our #contest! Follow to participate. All you have to do is #RT and tag 5 of your friends to win! https://…,,,live contest rt,25/01/2017 12:01,https://twitter.com/#!/8686841151rp/status/824225601640951809,,,8.24226E+17,
8686841151rp,thexoxoday,Replies to,25/01/2017 12:03,@thexoxoday here are my 5 friends @karconnect @iKaranSharma @MaNiShPuRoHi @iamHarishS @8686841151rp #Contest #ContestAlert #RT,,,contest contestalert rt,25/01/2017 12:03,https://twitter.com/#!/8686841151rp/status/824226165502124032,,,8.24226E+17,8.24217E+17
8686841151rp,thexoxoday,Mentions,25/01/2017 12:04,"RT @thexoxoday: #ContestAlert Remember, Follow Us to Participate! #contest #contestindia #ContestofChampions https://t.co/yD5kFC1kES",,,contestalert contest contestindia contestofchampions,25/01/2017 12:04,https://twitter.com/#!/8686841151rp/status/824226354786947073,,,8.24226E+17,
8686841151rp,contestweeter,Mentions,25/01/2017 12:04,"RT @thexoxoday: @contestweeter We have a #contest coming up, give us a shoutout you guys! #ContestAlert",,,contest contestalert,25/01/2017 12:04,https://twitter.com/#!/8686841151rp/status/824226433786585088,,,8.24226E+17,
8686841151rp,thexoxoday,Mentions,25/01/2017 12:04,"RT @thexoxoday: @contestweeter We have a #contest coming up, give us a shoutout you guys! #ContestAlert",,,contest contestalert,25/01/2017 12:04,https://twitter.com/#!/8686841151rp/status/824226433786585088,,,8.24226E+17,
8686841151rp,contestweeter,Mentions,25/01/2017 12:04,@thexoxoday @contestweeter yoyo yep yep huh huh here are my 5 friends @karconnect @iKaranSharma  #Contest #ContestAlert #RT,,,contest contestalert rt,25/01/2017 12:04,https://twitter.com/#!/8686841151rp/status/824226541219540992,,,8.24227E+17,8.24206E+17
8686841151rp,thexoxoday,Replies to,25/01/2017 12:04,@thexoxoday @contestweeter yoyo yep yep huh huh here are my 5 friends @karconnect @iKaranSharma  #Contest #ContestAlert #RT,,,contest contestalert rt,25/01/2017 12:04,https://twitter.com/#!/8686841151rp/status/824226541219540992,,,8.24227E+17,8.24206E+17
8686841151rp,thexoxoday,Mentions,25/01/2017 12:05,RT @thexoxoday: #ContestAlert ! We have a #contest coming up in an hour. Keep watching this space for more! @ContestIndia_  @contestindia12…,,,contestalert contest,25/01/2017 12:05,https://twitter.com/#!/8686841151rp/status/824226610949853184,,,8.24227E+17,
8686841151rp,thexoxoday,Mentions,25/01/2017 12:21,RT @contestmantra: RT:@thexoxoday A shoutout to everyone who wants to #Participate! Our #contest is now live! Follow us to participate. #RT…,,,participate contest rt,25/01/2017 12:21,https://twitter.com/#!/8686841151rp/status/824230599946829824,,,8.24231E+17,
8686841151rp,contestmantra,Mentions,25/01/2017 12:21,RT @contestmantra: RT:@thexoxoday A shoutout to everyone who wants to #Participate! Our #contest is now live! Follow us to participate. #RT…,,,participate contest rt,25/01/2017 12:21,https://twitter.com/#!/8686841151rp/status/824230599946829824,,,8.24231E+17,
8686841151rp,thexoxoday,Mentions,25/01/2017 12:21,RT @thexoxoday: A shoutout to everyone who wants to #Participate! Our #contest is now live! Follow us to participate. #RT and tag 5 of your…,,,participate contest rt,25/01/2017 12:21,https://twitter.com/#!/8686841151rp/status/824230719232872448,,,8.24231E+17,
8686841151rp,thexoxoday,Mentions,28/01/2017 15:52,"RT @thexoxoday: We will be announcing the winner on Monday, which means, you still have three more days to participate and #win! #ContestAl…",,,win,28/01/2017 15:52,https://twitter.com/#!/8686841151rp/status/825370970517012480,,,8.25371E+17,
8686841151rp,thexoxoday,Mentions,28/01/2017 15:52,RT @thexoxoday: Our contest is #LIVE! Follow us to #participate and #RT and tag 5 of your friends to #win! #ContestAlert #Contest https://t…,,,live participate rt win contestalert contest,28/01/2017 15:52,https://twitter.com/#!/8686841151rp/status/825371009767309312,,,8.25371E+17,
8686841151rp,thexoxoday,Mentions,28/01/2017 15:52,RT @thexoxoday: Keep participating in our #contest to win an Audi Q3 ride and a lavish dinner for two at the Taj Mahal Palace! #ContestAler…,,,contest,28/01/2017 15:52,https://twitter.com/#!/8686841151rp/status/825371045838327809,,,8.25371E+17,
sureshnakoda,abubakersidiq1,Mentions,27/01/2017 09:13,"@thexoxoday 
Join friends
@sirajkhan1971 
@snehalataj 
@call_jain 
@reenajain89 
@JainLalita54 
@contestrun 
@rtrmohitjain 
@AbubakerSidiq1",,,,27/01/2017 09:13,https://twitter.com/#!/sureshnakoda/status/824908102797553665,,,8.24908E+17,8.24217E+17
sureshnakoda,rtrmohitjain,Mentions,27/01/2017 09:13,"@thexoxoday 
Join friends
@sirajkhan1971 
@snehalataj 
@call_jain 
@reenajain89 
@JainLalita54 
@contestrun 
@rtrmohitjain 
@AbubakerSidiq1",,,,27/01/2017 09:13,https://twitter.com/#!/sureshnakoda/status/824908102797553665,,,8.24908E+17,8.24217E+17
sureshnakoda,sirajkhan1971,Mentions,27/01/2017 09:13,"@thexoxoday 
Join friends
@sirajkhan1971 
@snehalataj 
@call_jain 
@reenajain89 
@JainLalita54 
@contestrun 
@rtrmohitjain 
@AbubakerSidiq1",,,,27/01/2017 09:13,https://twitter.com/#!/sureshnakoda/status/824908102797553665,,,8.24908E+17,8.24217E+17
sureshnakoda,t,Mentions,27/01/2017 09:14,"RT @call_jain: @thexoxoday @contestrun @sureshnakoda @mehandisuresh @JainLalita54 @snehalataj        
wish I could give dinner to my mom @T…",,,,27/01/2017 09:14,https://twitter.com/#!/sureshnakoda/status/824908370461089793,,,8.24908E+17,
call_jain,contestrun,Mentions,27/01/2017 09:09,"@thexoxoday @contestrun @sureshnakoda @mehandisuresh @JainLalita54 @snehalataj        
wish I could give dinner to my mom @TajHotels",,,,27/01/2017 09:09,https://twitter.com/#!/call_jain/status/824907239085527040,,,8.24907E+17,8.24217E+17
contestrun,thexoxoday,Mentions,27/01/2017 18:48,RT @thexoxoday: Our #Contest is #live! #RT and tag 5 of your friends to win this dream ride on an Audi R8 and a Dinner at Taj Mahal Palace!…,,,contest live rt,27/01/2017 18:48,https://twitter.com/#!/contestrun/status/825052790439497728,,,8.25053E+17,
sureshnakoda,contestrun,Mentions,27/01/2017 09:13,"@thexoxoday 
Join friends
@sirajkhan1971 
@snehalataj 
@call_jain 
@reenajain89 
@JainLalita54 
@contestrun 
@rtrmohitjain 
@AbubakerSidiq1",,,,27/01/2017 09:13,https://twitter.com/#!/sureshnakoda/status/824908102797553665,,,8.24908E+17,8.24217E+17
sureshnakoda,contestrun,Mentions,27/01/2017 09:14,"RT @call_jain: @thexoxoday @contestrun @sureshnakoda @mehandisuresh @JainLalita54 @snehalataj        
wish I could give dinner to my mom @T…",,,,27/01/2017 09:14,https://twitter.com/#!/sureshnakoda/status/824908370461089793,,,8.24908E+17,
mehandisuresh,ongoingcontest,Mentions,27/01/2017 08:59,@thexoxoday @OngoingContest @ContestAdventur @india4contests @contestmantra @ContestMela @thefreejinn @ContestKiDuniya @Contest_Alert,,,,27/01/2017 08:59,https://twitter.com/#!/mehandisuresh/status/824904538473713665,,,8.24905E+17,8.24254E+17
mehandisuresh,ongoingcontest,Mentions,28/01/2017 18:59,@thexoxoday @OngoingContest  @Contest_Alert I wud love to go taj with my husband @sureshnakoda n spend a memorable… https://t.co/8bGgmvpquG,https://twitter.com/i/web/status/825417965545807872,twitter.com,,28/01/2017 18:59,https://twitter.com/#!/mehandisuresh/status/825417965545807872,,,8.25418E+17,8.24254E+17
sureshnakoda,ongoingcontest,Mentions,28/01/2017 19:02,RT @mehandisuresh: @thexoxoday @OngoingContest  @Contest_Alert I wud love to go taj with my husband @sureshnakoda n spend a memorable time…,,,,28/01/2017 19:02,https://twitter.com/#!/sureshnakoda/status/825418744146980864,,,8.25419E+17,
swapnil_sharma,thexoxoday,Mentions,28/01/2017 19:29,RT @thexoxoday: The Technology Journey of Xoxoday https://t.co/GrZNtpTh8o,https://enterpriseblog.xoxoday.com/technology-journey-xoxoday/2531,xoxoday.com,,28/01/2017 19:29,https://twitter.com/#!/swapnil_sharma/status/825425539485859840,,,8.25426E+17,
swapnil_sharma,thexoxoday,Mentions,28/01/2017 19:30,RT @thexoxoday: Giftxoxo and Frogo have a new name: Xoxoday. We will keep providing you with India's best experiences! Visit - https://t.co…,,,,28/01/2017 19:30,https://twitter.com/#!/swapnil_sharma/status/825425901307428864,,,8.25426E+17,
red4ever4_laura,thexoxoday,Mentions,29/01/2017 01:49,RT @thexoxoday: Our #Contest is #live! #RT and tag 5 of your friends to win this dream ride on an Audi R8 and a Dinner at Taj Mahal Palace!…,,,contest live rt,29/01/2017 01:49,https://twitter.com/#!/red4ever4_laura/status/825521177288323072,,,8.25521E+17,
vasilykomarov,thexoxoday,Replies to,29/01/2017 04:03,"@thexoxoday Thanks for sending your message! Hope to answer you soon! With regards, Vasily",,,,29/01/2017 04:03,https://twitter.com/#!/vasilykomarov/status/825554958590234625,,,8.25555E+17,8.2537E+17
vasilykomarov,thexoxoday,Mentions,29/01/2017 04:14,RT @thexoxoday: The Technology Journey of Xoxoday https://t.co/GrZNtpTh8o,https://enterpriseblog.xoxoday.com/technology-journey-xoxoday/2531,xoxoday.com,,29/01/2017 04:14,https://twitter.com/#!/vasilykomarov/status/825557679091412992,,,8.25558E+17,
deepakberiwala,thexoxoday,Replies to,25/01/2017 15:13,@thexoxoday please resolve my query...try to understand...,,,,25/01/2017 15:13,https://twitter.com/#!/deepakberiwala/status/824274109668409345,,,8.24274E+17,8.23749E+17
deepakberiwala,thexoxoday,Replies to,29/01/2017 07:34,@thexoxoday how many more days you need for this look... please try to understand...it's very frustrating thing...worst experience with you,,,,29/01/2017 07:34,https://twitter.com/#!/deepakberiwala/status/825608033959018496,,,8.25608E+17,8.23749E+17
deepakberiwala,thexoxoday,Mentions,29/01/2017 07:34,RT @Deepakberiwala: @thexoxoday how many more days you need for this look... please try to understand...it's very frustrating thing...worst…,,,,29/01/2017 07:34,https://twitter.com/#!/deepakberiwala/status/825608059351232513,,,8.25608E+17,
annu_dogra,dhillonshalini,Mentions,25/01/2017 12:04,@thexoxoday #Contest  #live #RT Tagging my superb 5 friends @7243633d4b9648d  @AbiAbee18 @RomaGuptaSinha @corallista @dhillonshalini,,,contest live rt,25/01/2017 12:04,https://twitter.com/#!/annu_dogra/status/824226400345305088,,,8.24226E+17,8.24217E+17
annu_dogra,dhillonshalini,Mentions,27/01/2017 10:49,@thexoxoday #Contest  #live #RT Tagging my superb 5 friends @7243633d4b9648d  @AbiAbee18 @RomaGuptaSinha @corallista @dhillonshalini,,,contest live rt,27/01/2017 10:49,https://twitter.com/#!/annu_dogra/status/824932267436896256,,,8.24932E+17,8.24832E+17
annu_dogra,dhillonshalini,Mentions,27/01/2017 10:50,@thexoxoday  #Contest  #live #RT Tagging my superb 5 friends @7243633d4b9648d  @AbiAbee18 @RomaGuptaSinha @corallista @dhillonshalini,,,contest live rt,27/01/2017 10:50,https://twitter.com/#!/annu_dogra/status/824932678847721472,,,8.24933E+17,8.24832E+17
annu_dogra,dhillonshalini,Mentions,27/01/2017 10:51,@thexoxoday #Contest  #live #RT Tagging my superb 5 friends @7243633d4b9648d  @AbiAbee18 @RomaGuptaSinha @corallista @dhillonshalini,,,contest live rt,27/01/2017 10:51,https://twitter.com/#!/annu_dogra/status/824932848637407233,,,8.24933E+17,8.24256E+17
annu_dogra,dhillonshalini,Mentions,27/01/2017 10:51,"@thexoxoday 
#Contest  #live #RT Tagging my superb 5 friends @7243633d4b9648d  @AbiAbee18 @RomaGuptaSinha @corallista @dhillonshalini",,,contest live rt,27/01/2017 10:51,https://twitter.com/#!/annu_dogra/status/824932935694315521,,,8.24933E+17,8.24256E+17
annu_dogra,dhillonshalini,Mentions,27/01/2017 10:52,"@thexoxoday 
#Contest  #live #RT Tagging my superb 5 friends @7243633d4b9648d  @AbiAbee18 @RomaGuptaSinha @corallista @dhillonshalini",,,contest live rt,27/01/2017 10:52,https://twitter.com/#!/annu_dogra/status/824933011770650624,,,8.24933E+17,8.24254E+17
annu_dogra,dhillonshalini,Mentions,27/01/2017 10:52,@thexoxoday #Contest  #live #RT Tagging my superb 5 friends @7243633d4b9648d  @AbiAbee18 @RomaGuptaSinha @corallista @dhillonshalini,,,contest live rt,27/01/2017 10:52,https://twitter.com/#!/annu_dogra/status/824933159770787841,,,8.24933E+17,8.24231E+17
annu_dogra,dhillonshalini,Mentions,27/01/2017 10:53,"@thexoxoday 
 #Contest  #live #RT Tagging my superb 5 friends @7243633d4b9648d  @AbiAbee18 @RomaGuptaSinha @corallista @dhillonshalini",,,contest live rt,27/01/2017 10:53,https://twitter.com/#!/annu_dogra/status/824933232915279872,,,8.24933E+17,8.24221E+17
annu_dogra,dhillonshalini,Mentions,27/01/2017 10:53,@thexoxoday #Contest  #live #RT Tagging my superb 5 friends @7243633d4b9648d  @AbiAbee18 @RomaGuptaSinha @corallista @dhillonshalini,,,contest live rt,27/01/2017 10:53,https://twitter.com/#!/annu_dogra/status/824933317870964736,,,8.24933E+17,8.24217E+17
annu_dogra,dhillonshalini,Mentions,27/01/2017 10:53,@thexoxoday #Contest  #live #RT Tagging my superb 5 friends @7243633d4b9648d  @AbiAbee18 @RomaGuptaSinha @corallista @dhillonshalini,,,contest live rt,27/01/2017 10:53,https://twitter.com/#!/annu_dogra/status/824933374275969026,,,8.24933E+17,8.24208E+17
annu_dogra,dhillonshalini,Mentions,27/01/2017 10:53,"@thexoxoday 
#Contest  #live #RT Tagging my superb 5 friends @7243633d4b9648d  @AbiAbee18 @RomaGuptaSinha @corallista @dhillonshalini",,,contest live rt,27/01/2017 10:53,https://twitter.com/#!/annu_dogra/status/824933452382236672,,,8.24933E+17,8.24208E+17
annu_dogra,dhillonshalini,Mentions,27/01/2017 10:54,"@thexoxoday 
#Contest  #live #RT Tagging my superb 5 friends @7243633d4b9648d  @AbiAbee18 @RomaGuptaSinha @corallista @dhillonshalini",,,contest live rt,27/01/2017 10:54,https://twitter.com/#!/annu_dogra/status/824933525556047872,,,8.24934E+17,8.24206E+17
annu_dogra,dhillonshalini,Mentions,27/01/2017 10:55,@thexoxoday #Contest  #live #RT Tagging my superb 5 friends @7243633d4b9648d  @AbiAbee18 @RomaGuptaSinha @corallista @dhillonshalini,,,contest live rt,27/01/2017 10:55,https://twitter.com/#!/annu_dogra/status/824933861763133443,,,8.24934E+17,
romaguptasinha,corallista,Mentions,27/01/2017 06:07,RT @annu_dogra: @thexoxoday #Contest  #live #RT Tagging my superb 5 friends @7243633d4b9648d  @AbiAbee18 @RomaGuptaSinha @corallista @dhill…,,,contest live rt,27/01/2017 06:07,https://twitter.com/#!/romaguptasinha/status/824861306456989696,,,8.24861E+17,
annu_dogra,corallista,Mentions,25/01/2017 12:04,@thexoxoday #Contest  #live #RT Tagging my superb 5 friends @7243633d4b9648d  @AbiAbee18 @RomaGuptaSinha @corallista @dhillonshalini,,,contest live rt,25/01/2017 12:04,https://twitter.com/#!/annu_dogra/status/824226400345305088,,,8.24226E+17,8.24217E+17
annu_dogra,corallista,Mentions,27/01/2017 10:49,@thexoxoday #Contest  #live #RT Tagging my superb 5 friends @7243633d4b9648d  @AbiAbee18 @RomaGuptaSinha @corallista @dhillonshalini,,,contest live rt,27/01/2017 10:49,https://twitter.com/#!/annu_dogra/status/824932267436896256,,,8.24932E+17,8.24832E+17
annu_dogra,corallista,Mentions,27/01/2017 10:50,@thexoxoday  #Contest  #live #RT Tagging my superb 5 friends @7243633d4b9648d  @AbiAbee18 @RomaGuptaSinha @corallista @dhillonshalini,,,contest live rt,27/01/2017 10:50,https://twitter.com/#!/annu_dogra/status/824932678847721472,,,8.24933E+17,8.24832E+17
annu_dogra,corallista,Mentions,27/01/2017 10:51,@thexoxoday #Contest  #live #RT Tagging my superb 5 friends @7243633d4b9648d  @AbiAbee18 @RomaGuptaSinha @corallista @dhillonshalini,,,contest live rt,27/01/2017 10:51,https://twitter.com/#!/annu_dogra/status/824932848637407233,,,8.24933E+17,8.24256E+17
annu_dogra,corallista,Mentions,27/01/2017 10:51,"@thexoxoday 
#Contest  #live #RT Tagging my superb 5 friends @7243633d4b9648d  @AbiAbee18 @RomaGuptaSinha @corallista @dhillonshalini",,,contest live rt,27/01/2017 10:51,https://twitter.com/#!/annu_dogra/status/824932935694315521,,,8.24933E+17,8.24256E+17
annu_dogra,corallista,Mentions,27/01/2017 10:52,"@thexoxoday 
#Contest  #live #RT Tagging my superb 5 friends @7243633d4b9648d  @AbiAbee18 @RomaGuptaSinha @corallista @dhillonshalini",,,contest live rt,27/01/2017 10:52,https://twitter.com/#!/annu_dogra/status/824933011770650624,,,8.24933E+17,8.24254E+17
annu_dogra,corallista,Mentions,27/01/2017 10:52,@thexoxoday #Contest  #live #RT Tagging my superb 5 friends @7243633d4b9648d  @AbiAbee18 @RomaGuptaSinha @corallista @dhillonshalini,,,contest live rt,27/01/2017 10:52,https://twitter.com/#!/annu_dogra/status/824933159770787841,,,8.24933E+17,8.24231E+17
annu_dogra,corallista,Mentions,27/01/2017 10:53,"@thexoxoday 
 #Contest  #live #RT Tagging my superb 5 friends @7243633d4b9648d  @AbiAbee18 @RomaGuptaSinha @corallista @dhillonshalini",,,contest live rt,27/01/2017 10:53,https://twitter.com/#!/annu_dogra/status/824933232915279872,,,8.24933E+17,8.24221E+17
annu_dogra,corallista,Mentions,27/01/2017 10:53,@thexoxoday #Contest  #live #RT Tagging my superb 5 friends @7243633d4b9648d  @AbiAbee18 @RomaGuptaSinha @corallista @dhillonshalini,,,contest live rt,27/01/2017 10:53,https://twitter.com/#!/annu_dogra/status/824933317870964736,,,8.24933E+17,8.24217E+17
annu_dogra,corallista,Mentions,27/01/2017 10:53,@thexoxoday #Contest  #live #RT Tagging my superb 5 friends @7243633d4b9648d  @AbiAbee18 @RomaGuptaSinha @corallista @dhillonshalini,,,contest live rt,27/01/2017 10:53,https://twitter.com/#!/annu_dogra/status/824933374275969026,,,8.24933E+17,8.24208E+17
annu_dogra,corallista,Mentions,27/01/2017 10:53,"@thexoxoday 
#Contest  #live #RT Tagging my superb 5 friends @7243633d4b9648d  @AbiAbee18 @RomaGuptaSinha @corallista @dhillonshalini",,,contest live rt,27/01/2017 10:53,https://twitter.com/#!/annu_dogra/status/824933452382236672,,,8.24933E+17,8.24208E+17
annu_dogra,corallista,Mentions,27/01/2017 10:54,"@thexoxoday 
#Contest  #live #RT Tagging my superb 5 friends @7243633d4b9648d  @AbiAbee18 @RomaGuptaSinha @corallista @dhillonshalini",,,contest live rt,27/01/2017 10:54,https://twitter.com/#!/annu_dogra/status/824933525556047872,,,8.24934E+17,8.24206E+17
annu_dogra,corallista,Mentions,27/01/2017 10:55,@thexoxoday #Contest  #live #RT Tagging my superb 5 friends @7243633d4b9648d  @AbiAbee18 @RomaGuptaSinha @corallista @dhillonshalini,,,contest live rt,27/01/2017 10:55,https://twitter.com/#!/annu_dogra/status/824933861763133443,,,8.24934E+17,
romaguptasinha,abiabee18,Mentions,27/01/2017 06:07,RT @annu_dogra: @thexoxoday #Contest  #live #RT Tagging my superb 5 friends @7243633d4b9648d  @AbiAbee18 @RomaGuptaSinha @corallista @dhill…,,,contest live rt,27/01/2017 06:07,https://twitter.com/#!/romaguptasinha/status/824861306456989696,,,8.24861E+17,
romaguptasinha,7243633d4b9648d,Mentions,27/01/2017 06:07,RT @annu_dogra: @thexoxoday #Contest  #live #RT Tagging my superb 5 friends @7243633d4b9648d  @AbiAbee18 @RomaGuptaSinha @corallista @dhill…,,,contest live rt,27/01/2017 06:07,https://twitter.com/#!/romaguptasinha/status/824861306456989696,,,8.24861E+17,
romaguptasinha,thexoxoday,Mentions,27/01/2017 06:07,RT @annu_dogra: @thexoxoday #Contest  #live #RT Tagging my superb 5 friends @7243633d4b9648d  @AbiAbee18 @RomaGuptaSinha @corallista @dhill…,,,contest live rt,27/01/2017 06:07,https://twitter.com/#!/romaguptasinha/status/824861306456989696,,,8.24861E+17,
romaguptasinha,annu_dogra,Mentions,27/01/2017 06:07,RT @annu_dogra: @thexoxoday #Contest  #live #RT Tagging my superb 5 friends @7243633d4b9648d  @AbiAbee18 @RomaGuptaSinha @corallista @dhill…,,,contest live rt,27/01/2017 06:07,https://twitter.com/#!/romaguptasinha/status/824861306456989696,,,8.24861E+17,
annu_dogra,romaguptasinha,Mentions,25/01/2017 12:04,@thexoxoday #Contest  #live #RT Tagging my superb 5 friends @7243633d4b9648d  @AbiAbee18 @RomaGuptaSinha @corallista @dhillonshalini,,,contest live rt,25/01/2017 12:04,https://twitter.com/#!/annu_dogra/status/824226400345305088,,,8.24226E+17,8.24217E+17
annu_dogra,romaguptasinha,Mentions,27/01/2017 10:49,@thexoxoday #Contest  #live #RT Tagging my superb 5 friends @7243633d4b9648d  @AbiAbee18 @RomaGuptaSinha @corallista @dhillonshalini,,,contest live rt,27/01/2017 10:49,https://twitter.com/#!/annu_dogra/status/824932267436896256,,,8.24932E+17,8.24832E+17
annu_dogra,romaguptasinha,Mentions,27/01/2017 10:50,@thexoxoday  #Contest  #live #RT Tagging my superb 5 friends @7243633d4b9648d  @AbiAbee18 @RomaGuptaSinha @corallista @dhillonshalini,,,contest live rt,27/01/2017 10:50,https://twitter.com/#!/annu_dogra/status/824932678847721472,,,8.24933E+17,8.24832E+17
annu_dogra,romaguptasinha,Mentions,27/01/2017 10:51,@thexoxoday #Contest  #live #RT Tagging my superb 5 friends @7243633d4b9648d  @AbiAbee18 @RomaGuptaSinha @corallista @dhillonshalini,,,contest live rt,27/01/2017 10:51,https://twitter.com/#!/annu_dogra/status/824932848637407233,,,8.24933E+17,8.24256E+17
annu_dogra,romaguptasinha,Mentions,27/01/2017 10:51,"@thexoxoday 
#Contest  #live #RT Tagging my superb 5 friends @7243633d4b9648d  @AbiAbee18 @RomaGuptaSinha @corallista @dhillonshalini",,,contest live rt,27/01/2017 10:51,https://twitter.com/#!/annu_dogra/status/824932935694315521,,,8.24933E+17,8.24256E+17
annu_dogra,romaguptasinha,Mentions,27/01/2017 10:52,"@thexoxoday 
#Contest  #live #RT Tagging my superb 5 friends @7243633d4b9648d  @AbiAbee18 @RomaGuptaSinha @corallista @dhillonshalini",,,contest live rt,27/01/2017 10:52,https://twitter.com/#!/annu_dogra/status/824933011770650624,,,8.24933E+17,8.24254E+17
annu_dogra,romaguptasinha,Mentions,27/01/2017 10:52,@thexoxoday #Contest  #live #RT Tagging my superb 5 friends @7243633d4b9648d  @AbiAbee18 @RomaGuptaSinha @corallista @dhillonshalini,,,contest live rt,27/01/2017 10:52,https://twitter.com/#!/annu_dogra/status/824933159770787841,,,8.24933E+17,8.24231E+17
annu_dogra,romaguptasinha,Mentions,27/01/2017 10:53,"@thexoxoday 
 #Contest  #live #RT Tagging my superb 5 friends @7243633d4b9648d  @AbiAbee18 @RomaGuptaSinha @corallista @dhillonshalini",,,contest live rt,27/01/2017 10:53,https://twitter.com/#!/annu_dogra/status/824933232915279872,,,8.24933E+17,8.24221E+17
annu_dogra,romaguptasinha,Mentions,27/01/2017 10:53,@thexoxoday #Contest  #live #RT Tagging my superb 5 friends @7243633d4b9648d  @AbiAbee18 @RomaGuptaSinha @corallista @dhillonshalini,,,contest live rt,27/01/2017 10:53,https://twitter.com/#!/annu_dogra/status/824933317870964736,,,8.24933E+17,8.24217E+17
annu_dogra,romaguptasinha,Mentions,27/01/2017 10:53,@thexoxoday #Contest  #live #RT Tagging my superb 5 friends @7243633d4b9648d  @AbiAbee18 @RomaGuptaSinha @corallista @dhillonshalini,,,contest live rt,27/01/2017 10:53,https://twitter.com/#!/annu_dogra/status/824933374275969026,,,8.24933E+17,8.24208E+17
annu_dogra,romaguptasinha,Mentions,27/01/2017 10:53,"@thexoxoday 
#Contest  #live #RT Tagging my superb 5 friends @7243633d4b9648d  @AbiAbee18 @RomaGuptaSinha @corallista @dhillonshalini",,,contest live rt,27/01/2017 10:53,https://twitter.com/#!/annu_dogra/status/824933452382236672,,,8.24933E+17,8.24208E+17
annu_dogra,romaguptasinha,Mentions,27/01/2017 10:54,"@thexoxoday 
#Contest  #live #RT Tagging my superb 5 friends @7243633d4b9648d  @AbiAbee18 @RomaGuptaSinha @corallista @dhillonshalini",,,contest live rt,27/01/2017 10:54,https://twitter.com/#!/annu_dogra/status/824933525556047872,,,8.24934E+17,8.24206E+17
annu_dogra,romaguptasinha,Mentions,27/01/2017 10:55,@thexoxoday #Contest  #live #RT Tagging my superb 5 friends @7243633d4b9648d  @AbiAbee18 @RomaGuptaSinha @corallista @dhillonshalini,,,contest live rt,27/01/2017 10:55,https://twitter.com/#!/annu_dogra/status/824933861763133443,,,8.24934E+17,
annu_dogra,7243633d4b9648d,Mentions,25/01/2017 12:04,@thexoxoday #Contest  #live #RT Tagging my superb 5 friends @7243633d4b9648d  @AbiAbee18 @RomaGuptaSinha @corallista @dhillonshalini,,,contest live rt,25/01/2017 12:04,https://twitter.com/#!/annu_dogra/status/824226400345305088,,,8.24226E+17,8.24217E+17
annu_dogra,7243633d4b9648d,Mentions,27/01/2017 10:49,@thexoxoday #Contest  #live #RT Tagging my superb 5 friends @7243633d4b9648d  @AbiAbee18 @RomaGuptaSinha @corallista @dhillonshalini,,,contest live rt,27/01/2017 10:49,https://twitter.com/#!/annu_dogra/status/824932267436896256,,,8.24932E+17,8.24832E+17
annu_dogra,7243633d4b9648d,Mentions,27/01/2017 10:50,@thexoxoday  #Contest  #live #RT Tagging my superb 5 friends @7243633d4b9648d  @AbiAbee18 @RomaGuptaSinha @corallista @dhillonshalini,,,contest live rt,27/01/2017 10:50,https://twitter.com/#!/annu_dogra/status/824932678847721472,,,8.24933E+17,8.24832E+17
annu_dogra,7243633d4b9648d,Mentions,27/01/2017 10:51,@thexoxoday #Contest  #live #RT Tagging my superb 5 friends @7243633d4b9648d  @AbiAbee18 @RomaGuptaSinha @corallista @dhillonshalini,,,contest live rt,27/01/2017 10:51,https://twitter.com/#!/annu_dogra/status/824932848637407233,,,8.24933E+17,8.24256E+17
annu_dogra,7243633d4b9648d,Mentions,27/01/2017 10:51,"@thexoxoday 
#Contest  #live #RT Tagging my superb 5 friends @7243633d4b9648d  @AbiAbee18 @RomaGuptaSinha @corallista @dhillonshalini",,,contest live rt,27/01/2017 10:51,https://twitter.com/#!/annu_dogra/status/824932935694315521,,,8.24933E+17,8.24256E+17
annu_dogra,7243633d4b9648d,Mentions,27/01/2017 10:52,"@thexoxoday 
#Contest  #live #RT Tagging my superb 5 friends @7243633d4b9648d  @AbiAbee18 @RomaGuptaSinha @corallista @dhillonshalini",,,contest live rt,27/01/2017 10:52,https://twitter.com/#!/annu_dogra/status/824933011770650624,,,8.24933E+17,8.24254E+17
annu_dogra,7243633d4b9648d,Mentions,27/01/2017 10:52,@thexoxoday #Contest  #live #RT Tagging my superb 5 friends @7243633d4b9648d  @AbiAbee18 @RomaGuptaSinha @corallista @dhillonshalini,,,contest live rt,27/01/2017 10:52,https://twitter.com/#!/annu_dogra/status/824933159770787841,,,8.24933E+17,8.24231E+17
annu_dogra,7243633d4b9648d,Mentions,27/01/2017 10:53,"@thexoxoday 
 #Contest  #live #RT Tagging my superb 5 friends @7243633d4b9648d  @AbiAbee18 @RomaGuptaSinha @corallista @dhillonshalini",,,contest live rt,27/01/2017 10:53,https://twitter.com/#!/annu_dogra/status/824933232915279872,,,8.24933E+17,8.24221E+17
annu_dogra,7243633d4b9648d,Mentions,27/01/2017 10:53,@thexoxoday #Contest  #live #RT Tagging my superb 5 friends @7243633d4b9648d  @AbiAbee18 @RomaGuptaSinha @corallista @dhillonshalini,,,contest live rt,27/01/2017 10:53,https://twitter.com/#!/annu_dogra/status/824933317870964736,,,8.24933E+17,8.24217E+17
annu_dogra,7243633d4b9648d,Mentions,27/01/2017 10:53,@thexoxoday #Contest  #live #RT Tagging my superb 5 friends @7243633d4b9648d  @AbiAbee18 @RomaGuptaSinha @corallista @dhillonshalini,,,contest live rt,27/01/2017 10:53,https://twitter.com/#!/annu_dogra/status/824933374275969026,,,8.24933E+17,8.24208E+17
annu_dogra,7243633d4b9648d,Mentions,27/01/2017 10:53,"@thexoxoday 
#Contest  #live #RT Tagging my superb 5 friends @7243633d4b9648d  @AbiAbee18 @RomaGuptaSinha @corallista @dhillonshalini",,,contest live rt,27/01/2017 10:53,https://twitter.com/#!/annu_dogra/status/824933452382236672,,,8.24933E+17,8.24208E+17
annu_dogra,7243633d4b9648d,Mentions,27/01/2017 10:54,"@thexoxoday 
#Contest  #live #RT Tagging my superb 5 friends @7243633d4b9648d  @AbiAbee18 @RomaGuptaSinha @corallista @dhillonshalini",,,contest live rt,27/01/2017 10:54,https://twitter.com/#!/annu_dogra/status/824933525556047872,,,8.24934E+17,8.24206E+17
annu_dogra,7243633d4b9648d,Mentions,27/01/2017 10:55,@thexoxoday #Contest  #live #RT Tagging my superb 5 friends @7243633d4b9648d  @AbiAbee18 @RomaGuptaSinha @corallista @dhillonshalini,,,contest live rt,27/01/2017 10:55,https://twitter.com/#!/annu_dogra/status/824933861763133443,,,8.24934E+17,
annu_dogra,abiabee18,Mentions,25/01/2017 11:58,"@thexoxoday I wish to go for a dinner with my childhood friend @AbiAbee18 Because, I want to express my feeling to… https://t.co/lRuqYhi8Cm",https://twitter.com/i/web/status/824225038668701697,twitter.com,,25/01/2017 11:58,https://twitter.com/#!/annu_dogra/status/824225038668701697,,,8.24225E+17,8.24217E+17
annu_dogra,abiabee18,Mentions,25/01/2017 12:04,@thexoxoday #Contest  #live #RT Tagging my superb 5 friends @7243633d4b9648d  @AbiAbee18 @RomaGuptaSinha @corallista @dhillonshalini,,,contest live rt,25/01/2017 12:04,https://twitter.com/#!/annu_dogra/status/824226400345305088,,,8.24226E+17,8.24217E+17
annu_dogra,abiabee18,Mentions,25/01/2017 14:26,"@thexoxoday I wish to go for a dinner with my childhood friend @AbiAbee18 Because, I want to express my feeling to… https://t.co/Tp54l1U6XU",https://twitter.com/i/web/status/824262135341383680,twitter.com,,25/01/2017 14:26,https://twitter.com/#!/annu_dogra/status/824262135341383680,,,8.24262E+17,8.24217E+17
annu_dogra,abiabee18,Mentions,27/01/2017 10:48,"@thexoxoday I wish to go for a dinner with my childhood friend @AbiAbee18 Because, I want to express my feeling to… https://t.co/17r8EVIDsG",https://twitter.com/i/web/status/824932005850730497,twitter.com,,27/01/2017 10:48,https://twitter.com/#!/annu_dogra/status/824932005850730497,,,8.24932E+17,8.24832E+17
annu_dogra,abiabee18,Mentions,27/01/2017 10:49,@thexoxoday #Contest  #live #RT Tagging my superb 5 friends @7243633d4b9648d  @AbiAbee18 @RomaGuptaSinha @corallista @dhillonshalini,,,contest live rt,27/01/2017 10:49,https://twitter.com/#!/annu_dogra/status/824932267436896256,,,8.24932E+17,8.24832E+17
annu_dogra,abiabee18,Mentions,27/01/2017 10:50,@thexoxoday  #Contest  #live #RT Tagging my superb 5 friends @7243633d4b9648d  @AbiAbee18 @RomaGuptaSinha @corallista @dhillonshalini,,,contest live rt,27/01/2017 10:50,https://twitter.com/#!/annu_dogra/status/824932678847721472,,,8.24933E+17,8.24832E+17
annu_dogra,abiabee18,Mentions,27/01/2017 10:51,@thexoxoday #Contest  #live #RT Tagging my superb 5 friends @7243633d4b9648d  @AbiAbee18 @RomaGuptaSinha @corallista @dhillonshalini,,,contest live rt,27/01/2017 10:51,https://twitter.com/#!/annu_dogra/status/824932848637407233,,,8.24933E+17,8.24256E+17
annu_dogra,abiabee18,Mentions,27/01/2017 10:51,"@thexoxoday 
#Contest  #live #RT Tagging my superb 5 friends @7243633d4b9648d  @AbiAbee18 @RomaGuptaSinha @corallista @dhillonshalini",,,contest live rt,27/01/2017 10:51,https://twitter.com/#!/annu_dogra/status/824932935694315521,,,8.24933E+17,8.24256E+17
annu_dogra,abiabee18,Mentions,27/01/2017 10:52,"@thexoxoday 
#Contest  #live #RT Tagging my superb 5 friends @7243633d4b9648d  @AbiAbee18 @RomaGuptaSinha @corallista @dhillonshalini",,,contest live rt,27/01/2017 10:52,https://twitter.com/#!/annu_dogra/status/824933011770650624,,,8.24933E+17,8.24254E+17
annu_dogra,abiabee18,Mentions,27/01/2017 10:52,@thexoxoday #Contest  #live #RT Tagging my superb 5 friends @7243633d4b9648d  @AbiAbee18 @RomaGuptaSinha @corallista @dhillonshalini,,,contest live rt,27/01/2017 10:52,https://twitter.com/#!/annu_dogra/status/824933159770787841,,,8.24933E+17,8.24231E+17
annu_dogra,abiabee18,Mentions,27/01/2017 10:53,"@thexoxoday 
 #Contest  #live #RT Tagging my superb 5 friends @7243633d4b9648d  @AbiAbee18 @RomaGuptaSinha @corallista @dhillonshalini",,,contest live rt,27/01/2017 10:53,https://twitter.com/#!/annu_dogra/status/824933232915279872,,,8.24933E+17,8.24221E+17
annu_dogra,abiabee18,Mentions,27/01/2017 10:53,@thexoxoday #Contest  #live #RT Tagging my superb 5 friends @7243633d4b9648d  @AbiAbee18 @RomaGuptaSinha @corallista @dhillonshalini,,,contest live rt,27/01/2017 10:53,https://twitter.com/#!/annu_dogra/status/824933317870964736,,,8.24933E+17,8.24217E+17
annu_dogra,abiabee18,Mentions,27/01/2017 10:53,@thexoxoday #Contest  #live #RT Tagging my superb 5 friends @7243633d4b9648d  @AbiAbee18 @RomaGuptaSinha @corallista @dhillonshalini,,,contest live rt,27/01/2017 10:53,https://twitter.com/#!/annu_dogra/status/824933374275969026,,,8.24933E+17,8.24208E+17
annu_dogra,abiabee18,Mentions,27/01/2017 10:53,"@thexoxoday 
#Contest  #live #RT Tagging my superb 5 friends @7243633d4b9648d  @AbiAbee18 @RomaGuptaSinha @corallista @dhillonshalini",,,contest live rt,27/01/2017 10:53,https://twitter.com/#!/annu_dogra/status/824933452382236672,,,8.24933E+17,8.24208E+17
annu_dogra,abiabee18,Mentions,27/01/2017 10:54,"@thexoxoday 
#Contest  #live #RT Tagging my superb 5 friends @7243633d4b9648d  @AbiAbee18 @RomaGuptaSinha @corallista @dhillonshalini",,,contest live rt,27/01/2017 10:54,https://twitter.com/#!/annu_dogra/status/824933525556047872,,,8.24934E+17,8.24206E+17
annu_dogra,abiabee18,Mentions,27/01/2017 10:55,@thexoxoday #Contest  #live #RT Tagging my superb 5 friends @7243633d4b9648d  @AbiAbee18 @RomaGuptaSinha @corallista @dhillonshalini,,,contest live rt,27/01/2017 10:55,https://twitter.com/#!/annu_dogra/status/824933861763133443,,,8.24934E+17,
annu_dogra,abiabee18,Mentions,27/01/2017 10:56,"@thexoxoday 
 I wish to go for a dinner with my childhood friend @AbiAbee18 Because, I want to express my feeling t… https://t.co/oEv9hQgIiS",https://twitter.com/i/web/status/824934075014090753,twitter.com,,27/01/2017 10:56,https://twitter.com/#!/annu_dogra/status/824934075014090753,,,8.24934E+17,8.24217E+17
annu_dogra,abiabee18,Mentions,27/01/2017 10:56,"@thexoxoday  I wish to go for a dinner with my childhood friend @AbiAbee18 Because, I want to express my feeling to… https://t.co/vahDG0iPvV",https://twitter.com/i/web/status/824934135340765184,twitter.com,,27/01/2017 10:56,https://twitter.com/#!/annu_dogra/status/824934135340765184,,,8.24934E+17,
annu_dogra,abiabee18,Mentions,27/01/2017 10:57,"@thexoxoday 
 I wish to go for a dinner with my childhood friend @AbiAbee18 Because, I want to express my feeling t… https://t.co/uqGdFwra0j",https://twitter.com/i/web/status/824934322641604608,twitter.com,,27/01/2017 10:57,https://twitter.com/#!/annu_dogra/status/824934322641604608,,,8.24934E+17,8.24832E+17
annu_dogra,abiabee18,Mentions,27/01/2017 10:57,"@thexoxoday  I wish to go for a dinner with my childhood friend @AbiAbee18 Because, I want to express my feeling to… https://t.co/RlPXaGiBrh",https://twitter.com/i/web/status/824934390908137473,twitter.com,,27/01/2017 10:57,https://twitter.com/#!/annu_dogra/status/824934390908137473,,,8.24934E+17,8.24832E+17
annu_dogra,abiabee18,Mentions,27/01/2017 10:57,"@thexoxoday  I wish to go for a dinner with my childhood friend @AbiAbee18 Because, I want to express my feeling to… https://t.co/wWwaJSNaGF",https://twitter.com/i/web/status/824934460722290689,twitter.com,,27/01/2017 10:57,https://twitter.com/#!/annu_dogra/status/824934460722290689,,,8.24934E+17,8.24832E+17
annu_dogra,abiabee18,Mentions,27/01/2017 10:58,"@thexoxoday 
 I wish to go for a dinner with my childhood friend @AbiAbee18 Because, I want to express my feeling t… https://t.co/vcrL6LLHAn",https://twitter.com/i/web/status/824934567907774468,twitter.com,,27/01/2017 10:58,https://twitter.com/#!/annu_dogra/status/824934567907774468,,,8.24935E+17,8.24256E+17
annu_dogra,abiabee18,Mentions,27/01/2017 10:58,"@thexoxoday 
 I wish to go for a dinner with my childhood friend @AbiAbee18 Because, I want to express my feeling t… https://t.co/V15iDR3EXK",https://twitter.com/i/web/status/824934668931788800,twitter.com,,27/01/2017 10:58,https://twitter.com/#!/annu_dogra/status/824934668931788800,,,8.24935E+17,8.24254E+17
annu_dogra,abiabee18,Mentions,27/01/2017 10:59,"@thexoxoday 
 I wish to go for a dinner with my childhood friend @AbiAbee18 Because, I want to express my feeling t… https://t.co/lVzFUbVukP",https://twitter.com/i/web/status/824934779170598912,twitter.com,,27/01/2017 10:59,https://twitter.com/#!/annu_dogra/status/824934779170598912,,,8.24935E+17,8.24231E+17
annu_dogra,abiabee18,Mentions,27/01/2017 10:59,"@thexoxoday
 I wish to go for a dinner with my childhood friend @AbiAbee18 Because, I want to express my feeling to… https://t.co/DrntcI8YIA",https://twitter.com/i/web/status/824934887295627264,twitter.com,,27/01/2017 10:59,https://twitter.com/#!/annu_dogra/status/824934887295627264,,,8.24935E+17,8.24221E+17
annu_dogra,abiabee18,Mentions,27/01/2017 11:00,"@thexoxoday 
 I wish to go for a dinner with my childhood friend @AbiAbee18 Because, I want to express my feeling t… https://t.co/yhnqg8X8U8",https://twitter.com/i/web/status/824934987031908352,twitter.com,,27/01/2017 11:00,https://twitter.com/#!/annu_dogra/status/824934987031908352,,,8.24935E+17,8.24217E+17
annu_dogra,abiabee18,Mentions,27/01/2017 11:00,"@thexoxoday  I wish to go for a dinner with my childhood friend @AbiAbee18 Because, I want to express my feeling to… https://t.co/cbCh6yqh5R",https://twitter.com/i/web/status/824935130410070016,twitter.com,,27/01/2017 11:00,https://twitter.com/#!/annu_dogra/status/824935130410070016,,,8.24935E+17,8.24208E+17
annu_dogra,abiabee18,Mentions,27/01/2017 11:01,"@thexoxoday 
 I wish to go for a dinner with my childhood friend @AbiAbee18 Because, I want to express my feeling t… https://t.co/aGtQ1GHDkI",https://twitter.com/i/web/status/824935238442708993,twitter.com,,27/01/2017 11:01,https://twitter.com/#!/annu_dogra/status/824935238442708993,,,8.24935E+17,8.24208E+17
annu_dogra,abiabee18,Mentions,27/01/2017 11:01,"@thexoxoday 
 I wish to go for a dinner with my childhood friend @AbiAbee18 Because, I want to express my feeling t… https://t.co/AihkVnXbFp",https://twitter.com/i/web/status/824935339563192320,twitter.com,,27/01/2017 11:01,https://twitter.com/#!/annu_dogra/status/824935339563192320,,,8.24935E+17,8.24206E+17
annu_dogra,thexoxoday,Replies to,25/01/2017 11:15,@thexoxoday Super excited :) for the contest :),,,,25/01/2017 11:15,https://twitter.com/#!/annu_dogra/status/824214207495180290,,,8.24214E+17,
annu_dogra,thexoxoday,Replies to,25/01/2017 11:35,@thexoxoday Bring it on :),,,,25/01/2017 11:35,https://twitter.com/#!/annu_dogra/status/824219074720763904,,,8.24219E+17,
annu_dogra,thexoxoday,Replies to,25/01/2017 11:58,"@thexoxoday I wish to go for a dinner with my childhood friend @AbiAbee18 Because, I want to express my feeling to… https://t.co/lRuqYhi8Cm",https://twitter.com/i/web/status/824225038668701697,twitter.com,,25/01/2017 11:58,https://twitter.com/#!/annu_dogra/status/824225038668701697,,,8.24225E+17,8.24217E+17
annu_dogra,thexoxoday,Replies to,25/01/2017 12:04,@thexoxoday #Contest  #live #RT Tagging my superb 5 friends @7243633d4b9648d  @AbiAbee18 @RomaGuptaSinha @corallista @dhillonshalini,,,contest live rt,25/01/2017 12:04,https://twitter.com/#!/annu_dogra/status/824226400345305088,,,8.24226E+17,8.24217E+17
annu_dogra,thexoxoday,Replies to,25/01/2017 12:05,@thexoxoday Participated in your superb contest. Wish to win :),,,,25/01/2017 12:05,https://twitter.com/#!/annu_dogra/status/824226560500633600,,,8.24227E+17,
annu_dogra,thexoxoday,Replies to,25/01/2017 12:06,@thexoxoday This is my dream come true contest. Wish to win,,,,25/01/2017 12:06,https://twitter.com/#!/annu_dogra/status/824227028463329281,,,8.24227E+17,
annu_dogra,thexoxoday,Replies to,25/01/2017 12:16,@thexoxoday Done. Wish to win,,,,25/01/2017 12:16,https://twitter.com/#!/annu_dogra/status/824229411113140225,,,8.24229E+17,8.24217E+17
annu_dogra,thexoxoday,Replies to,25/01/2017 12:29,@thexoxoday All done. Wish to win :),,,,25/01/2017 12:29,https://twitter.com/#!/annu_dogra/status/824232829743546368,,,8.24233E+17,8.24231E+17
annu_dogra,thexoxoday,Replies to,25/01/2017 12:30,@thexoxoday Fingers crossed :),,,,25/01/2017 12:30,https://twitter.com/#!/annu_dogra/status/824232897439596544,,,8.24233E+17,8.24231E+17
annu_dogra,thexoxoday,Replies to,25/01/2017 14:08,@thexoxoday ALREADY PARTICIPATED. WISH TO WIN :),,,,25/01/2017 14:08,https://twitter.com/#!/annu_dogra/status/824257543320932353,,,8.24258E+17,8.24256E+17
annu_dogra,thexoxoday,Replies to,25/01/2017 14:08,@thexoxoday WISH TO WIN,,,,25/01/2017 14:08,https://twitter.com/#!/annu_dogra/status/824257688422912001,,,8.24258E+17,8.24254E+17
annu_dogra,thexoxoday,Replies to,25/01/2017 14:26,"@thexoxoday I wish to go for a dinner with my childhood friend @AbiAbee18 Because, I want to express my feeling to… https://t.co/Tp54l1U6XU",https://twitter.com/i/web/status/824262135341383680,twitter.com,,25/01/2017 14:26,https://twitter.com/#!/annu_dogra/status/824262135341383680,,,8.24262E+17,8.24217E+17
annu_dogra,thexoxoday,Replies to,25/01/2017 14:30,@thexoxoday Wish to win,,,,25/01/2017 14:30,https://twitter.com/#!/annu_dogra/status/824263146516848641,,,8.24263E+17,8.24217E+17
annu_dogra,thexoxoday,Replies to,27/01/2017 10:44,@thexoxoday Amazing :),,,,27/01/2017 10:44,https://twitter.com/#!/annu_dogra/status/824931092717203456,,,8.24931E+17,8.24854E+17
annu_dogra,thexoxoday,Replies to,27/01/2017 10:44,@thexoxoday Superb :),,,,27/01/2017 10:44,https://twitter.com/#!/annu_dogra/status/824931156227301377,,,8.24931E+17,8.24849E+17
annu_dogra,thexoxoday,Replies to,27/01/2017 10:45,@thexoxoday So cool ;),,,,27/01/2017 10:45,https://twitter.com/#!/annu_dogra/status/824931227886981120,,,8.24931E+17,8.24844E+17
annu_dogra,thexoxoday,Replies to,27/01/2017 10:45,@thexoxoday Amazing places :),,,,27/01/2017 10:45,https://twitter.com/#!/annu_dogra/status/824931307763355648,,,8.24931E+17,8.24833E+17
annu_dogra,thexoxoday,Replies to,27/01/2017 10:48,"@thexoxoday I wish to go for a dinner with my childhood friend @AbiAbee18 Because, I want to express my feeling to… https://t.co/17r8EVIDsG",https://twitter.com/i/web/status/824932005850730497,twitter.com,,27/01/2017 10:48,https://twitter.com/#!/annu_dogra/status/824932005850730497,,,8.24932E+17,8.24832E+17
annu_dogra,thexoxoday,Replies to,27/01/2017 10:49,@thexoxoday #Contest  #live #RT Tagging my superb 5 friends @7243633d4b9648d  @AbiAbee18 @RomaGuptaSinha @corallista @dhillonshalini,,,contest live rt,27/01/2017 10:49,https://twitter.com/#!/annu_dogra/status/824932267436896256,,,8.24932E+17,8.24832E+17
annu_dogra,thexoxoday,Replies to,27/01/2017 10:49,@thexoxoday Wow! wish to get lucky. Fingers crossed :),,,,27/01/2017 10:49,https://twitter.com/#!/annu_dogra/status/824932458391040001,,,8.24932E+17,8.24832E+17
annu_dogra,thexoxoday,Replies to,27/01/2017 10:50,"@thexoxoday Dear Team, I wish you full fill my dream in reality. Fingers crossed",,,,27/01/2017 10:50,https://twitter.com/#!/annu_dogra/status/824932623575179264,,,8.24933E+17,8.24832E+17
annu_dogra,thexoxoday,Replies to,27/01/2017 10:50,@thexoxoday  #Contest  #live #RT Tagging my superb 5 friends @7243633d4b9648d  @AbiAbee18 @RomaGuptaSinha @corallista @dhillonshalini,,,contest live rt,27/01/2017 10:50,https://twitter.com/#!/annu_dogra/status/824932678847721472,,,8.24933E+17,8.24832E+17
annu_dogra,thexoxoday,Replies to,27/01/2017 10:51,@thexoxoday #Contest  #live #RT Tagging my superb 5 friends @7243633d4b9648d  @AbiAbee18 @RomaGuptaSinha @corallista @dhillonshalini,,,contest live rt,27/01/2017 10:51,https://twitter.com/#!/annu_dogra/status/824932848637407233,,,8.24933E+17,8.24256E+17
annu_dogra,thexoxoday,Replies to,27/01/2017 10:51,"@thexoxoday 
#Contest  #live #RT Tagging my superb 5 friends @7243633d4b9648d  @AbiAbee18 @RomaGuptaSinha @corallista @dhillonshalini",,,contest live rt,27/01/2017 10:51,https://twitter.com/#!/annu_dogra/status/824932935694315521,,,8.24933E+17,8.24256E+17
annu_dogra,thexoxoday,Replies to,27/01/2017 10:52,"@thexoxoday 
#Contest  #live #RT Tagging my superb 5 friends @7243633d4b9648d  @AbiAbee18 @RomaGuptaSinha @corallista @dhillonshalini",,,contest live rt,27/01/2017 10:52,https://twitter.com/#!/annu_dogra/status/824933011770650624,,,8.24933E+17,8.24254E+17
annu_dogra,thexoxoday,Replies to,27/01/2017 10:52,@thexoxoday #Contest  #live #RT Tagging my superb 5 friends @7243633d4b9648d  @AbiAbee18 @RomaGuptaSinha @corallista @dhillonshalini,,,contest live rt,27/01/2017 10:52,https://twitter.com/#!/annu_dogra/status/824933159770787841,,,8.24933E+17,8.24231E+17
annu_dogra,thexoxoday,Replies to,27/01/2017 10:53,"@thexoxoday 
 #Contest  #live #RT Tagging my superb 5 friends @7243633d4b9648d  @AbiAbee18 @RomaGuptaSinha @corallista @dhillonshalini",,,contest live rt,27/01/2017 10:53,https://twitter.com/#!/annu_dogra/status/824933232915279872,,,8.24933E+17,8.24221E+17
annu_dogra,thexoxoday,Replies to,27/01/2017 10:53,@thexoxoday #Contest  #live #RT Tagging my superb 5 friends @7243633d4b9648d  @AbiAbee18 @RomaGuptaSinha @corallista @dhillonshalini,,,contest live rt,27/01/2017 10:53,https://twitter.com/#!/annu_dogra/status/824933317870964736,,,8.24933E+17,8.24217E+17
annu_dogra,thexoxoday,Replies to,27/01/2017 10:53,@thexoxoday #Contest  #live #RT Tagging my superb 5 friends @7243633d4b9648d  @AbiAbee18 @RomaGuptaSinha @corallista @dhillonshalini,,,contest live rt,27/01/2017 10:53,https://twitter.com/#!/annu_dogra/status/824933374275969026,,,8.24933E+17,8.24208E+17
annu_dogra,thexoxoday,Replies to,27/01/2017 10:53,"@thexoxoday 
#Contest  #live #RT Tagging my superb 5 friends @7243633d4b9648d  @AbiAbee18 @RomaGuptaSinha @corallista @dhillonshalini",,,contest live rt,27/01/2017 10:53,https://twitter.com/#!/annu_dogra/status/824933452382236672,,,8.24933E+17,8.24208E+17
annu_dogra,thexoxoday,Replies to,27/01/2017 10:54,"@thexoxoday 
#Contest  #live #RT Tagging my superb 5 friends @7243633d4b9648d  @AbiAbee18 @RomaGuptaSinha @corallista @dhillonshalini",,,contest live rt,27/01/2017 10:54,https://twitter.com/#!/annu_dogra/status/824933525556047872,,,8.24934E+17,8.24206E+17
annu_dogra,thexoxoday,Replies to,27/01/2017 10:55,@thexoxoday #Contest  #live #RT Tagging my superb 5 friends @7243633d4b9648d  @AbiAbee18 @RomaGuptaSinha @corallista @dhillonshalini,,,contest live rt,27/01/2017 10:55,https://twitter.com/#!/annu_dogra/status/824933861763133443,,,8.24934E+17,
annu_dogra,thexoxoday,Replies to,27/01/2017 10:56,"@thexoxoday 
 I wish to go for a dinner with my childhood friend @AbiAbee18 Because, I want to express my feeling t… https://t.co/oEv9hQgIiS",https://twitter.com/i/web/status/824934075014090753,twitter.com,,27/01/2017 10:56,https://twitter.com/#!/annu_dogra/status/824934075014090753,,,8.24934E+17,8.24217E+17
annu_dogra,thexoxoday,Replies to,27/01/2017 10:56,"@thexoxoday  I wish to go for a dinner with my childhood friend @AbiAbee18 Because, I want to express my feeling to… https://t.co/vahDG0iPvV",https://twitter.com/i/web/status/824934135340765184,twitter.com,,27/01/2017 10:56,https://twitter.com/#!/annu_dogra/status/824934135340765184,,,8.24934E+17,
annu_dogra,thexoxoday,Replies to,27/01/2017 10:57,"@thexoxoday 
 I wish to go for a dinner with my childhood friend @AbiAbee18 Because, I want to express my feeling t… https://t.co/uqGdFwra0j",https://twitter.com/i/web/status/824934322641604608,twitter.com,,27/01/2017 10:57,https://twitter.com/#!/annu_dogra/status/824934322641604608,,,8.24934E+17,8.24832E+17
annu_dogra,thexoxoday,Replies to,27/01/2017 10:57,"@thexoxoday  I wish to go for a dinner with my childhood friend @AbiAbee18 Because, I want to express my feeling to… https://t.co/RlPXaGiBrh",https://twitter.com/i/web/status/824934390908137473,twitter.com,,27/01/2017 10:57,https://twitter.com/#!/annu_dogra/status/824934390908137473,,,8.24934E+17,8.24832E+17
annu_dogra,thexoxoday,Replies to,27/01/2017 10:57,"@thexoxoday  I wish to go for a dinner with my childhood friend @AbiAbee18 Because, I want to express my feeling to… https://t.co/wWwaJSNaGF",https://twitter.com/i/web/status/824934460722290689,twitter.com,,27/01/2017 10:57,https://twitter.com/#!/annu_dogra/status/824934460722290689,,,8.24934E+17,8.24832E+17
annu_dogra,thexoxoday,Replies to,27/01/2017 10:58,"@thexoxoday 
 I wish to go for a dinner with my childhood friend @AbiAbee18 Because, I want to express my feeling t… https://t.co/vcrL6LLHAn",https://twitter.com/i/web/status/824934567907774468,twitter.com,,27/01/2017 10:58,https://twitter.com/#!/annu_dogra/status/824934567907774468,,,8.24935E+17,8.24256E+17
annu_dogra,thexoxoday,Replies to,27/01/2017 10:58,"@thexoxoday 
 I wish to go for a dinner with my childhood friend @AbiAbee18 Because, I want to express my feeling t… https://t.co/V15iDR3EXK",https://twitter.com/i/web/status/824934668931788800,twitter.com,,27/01/2017 10:58,https://twitter.com/#!/annu_dogra/status/824934668931788800,,,8.24935E+17,8.24254E+17
annu_dogra,thexoxoday,Replies to,27/01/2017 10:59,"@thexoxoday 
 I wish to go for a dinner with my childhood friend @AbiAbee18 Because, I want to express my feeling t… https://t.co/lVzFUbVukP",https://twitter.com/i/web/status/824934779170598912,twitter.com,,27/01/2017 10:59,https://twitter.com/#!/annu_dogra/status/824934779170598912,,,8.24935E+17,8.24231E+17
annu_dogra,thexoxoday,Replies to,27/01/2017 10:59,"@thexoxoday
 I wish to go for a dinner with my childhood friend @AbiAbee18 Because, I want to express my feeling to… https://t.co/DrntcI8YIA",https://twitter.com/i/web/status/824934887295627264,twitter.com,,27/01/2017 10:59,https://twitter.com/#!/annu_dogra/status/824934887295627264,,,8.24935E+17,8.24221E+17
annu_dogra,thexoxoday,Replies to,27/01/2017 11:00,"@thexoxoday 
 I wish to go for a dinner with my childhood friend @AbiAbee18 Because, I want to express my feeling t… https://t.co/yhnqg8X8U8",https://twitter.com/i/web/status/824934987031908352,twitter.com,,27/01/2017 11:00,https://twitter.com/#!/annu_dogra/status/824934987031908352,,,8.24935E+17,8.24217E+17
annu_dogra,thexoxoday,Replies to,27/01/2017 11:00,"@thexoxoday  I wish to go for a dinner with my childhood friend @AbiAbee18 Because, I want to express my feeling to… https://t.co/cbCh6yqh5R",https://twitter.com/i/web/status/824935130410070016,twitter.com,,27/01/2017 11:00,https://twitter.com/#!/annu_dogra/status/824935130410070016,,,8.24935E+17,8.24208E+17
annu_dogra,thexoxoday,Replies to,27/01/2017 11:01,"@thexoxoday 
 I wish to go for a dinner with my childhood friend @AbiAbee18 Because, I want to express my feeling t… https://t.co/aGtQ1GHDkI",https://twitter.com/i/web/status/824935238442708993,twitter.com,,27/01/2017 11:01,https://twitter.com/#!/annu_dogra/status/824935238442708993,,,8.24935E+17,8.24208E+17
annu_dogra,thexoxoday,Replies to,27/01/2017 11:01,"@thexoxoday 
 I wish to go for a dinner with my childhood friend @AbiAbee18 Because, I want to express my feeling t… https://t.co/AihkVnXbFp",https://twitter.com/i/web/status/824935339563192320,twitter.com,,27/01/2017 11:01,https://twitter.com/#!/annu_dogra/status/824935339563192320,,,8.24935E+17,8.24206E+17
annu_dogra,thexoxoday,Replies to,28/01/2017 11:50,@thexoxoday Wow! :),,,,28/01/2017 11:50,https://twitter.com/#!/annu_dogra/status/825309990005071873,,,8.2531E+17,8.25222E+17
annu_dogra,thexoxoday,Replies to,28/01/2017 12:07,@thexoxoday Awesome :),,,,28/01/2017 12:07,https://twitter.com/#!/annu_dogra/status/825314365263851521,,,8.25314E+17,8.25214E+17
annu_dogra,thexoxoday,Replies to,28/01/2017 12:07,@thexoxoday Great :),,,,28/01/2017 12:07,https://twitter.com/#!/annu_dogra/status/825314440690012162,,,8.25314E+17,8.25207E+17
annu_dogra,thexoxoday,Replies to,28/01/2017 12:08,@thexoxoday Nice,,,,28/01/2017 12:08,https://twitter.com/#!/annu_dogra/status/825314499032780800,,,8.25314E+17,8.25199E+17
annu_dogra,thexoxoday,Replies to,29/01/2017 11:34,@thexoxoday Great :),,,,29/01/2017 11:34,https://twitter.com/#!/annu_dogra/status/825668365561667585,,,8.25668E+17,8.2537E+17
anmol46725,thexoxoday,Mentions,30/01/2017 04:27,RT @thexoxoday: This is our #mondaymotivation! Tell us what's yours!? #Xoxoday https://t.co/OS7J5WwlBy,,,mondaymotivation xoxoday,30/01/2017 04:27,https://twitter.com/#!/anmol46725/status/825923413793464320,,,8.25923E+17,
reenajain89,dilkhush_shah,Mentions,27/01/2017 06:50,@thexoxoday @snehalataj @JainLalita54 @mehandisuresh @sureshnakoda @dilkhush_shah @SdShah84 jn,,,,27/01/2017 06:50,https://twitter.com/#!/reenajain89/status/824872094978629634,,,8.24872E+17,8.24217E+17
snehalataj,jainlalita54,Mentions,25/01/2017 11:34,@thexoxoday @reenajain89 @fajadwet @mehandisuresh @JainLalita54 @sureshnakoda @call_jain,,,,25/01/2017 11:34,https://twitter.com/#!/snehalataj/status/824218854414897156,,,8.24219E+17,8.24217E+17
call_jain,jainlalita54,Mentions,27/01/2017 09:09,"@thexoxoday @contestrun @sureshnakoda @mehandisuresh @JainLalita54 @snehalataj        
wish I could give dinner to my mom @TajHotels",,,,27/01/2017 09:09,https://twitter.com/#!/call_jain/status/824907239085527040,,,8.24907E+17,8.24217E+17
mehandisuresh,jainlalita54,Mentions,27/01/2017 09:12,@thexoxoday @ContestAlert @sureshnakoda @reenajain89 @JainLalita54 @sureshnakoda @call_jain @snehalataj,,,,27/01/2017 09:12,https://twitter.com/#!/mehandisuresh/status/824907808009236480,,,8.24908E+17,8.24256E+17
mehandisuresh,jainlalita54,Mentions,27/01/2017 09:17,@thexoxoday @ContestAlert Participate in the  contest  an win a grand  dinner at Taj.  @sureshnakoda @reenajain89 @JainLalita54 @snehalataj,,,,27/01/2017 09:17,https://twitter.com/#!/mehandisuresh/status/824909220730527744,,,8.24909E+17,8.24832E+17
mehandisuresh,jainlalita54,Mentions,27/01/2017 09:19,@thexoxoday @ContestAlert @snehalataj @reenajain89 @JainLalita54 @sureshnakoda @call_jain,,,,27/01/2017 09:19,https://twitter.com/#!/mehandisuresh/status/824909686986117120,,,8.2491E+17,8.24217E+17
sureshnakoda,jainlalita54,Mentions,27/01/2017 09:13,"@thexoxoday 
Join friends
@sirajkhan1971 
@snehalataj 
@call_jain 
@reenajain89 
@JainLalita54 
@contestrun 
@rtrmohitjain 
@AbubakerSidiq1",,,,27/01/2017 09:13,https://twitter.com/#!/sureshnakoda/status/824908102797553665,,,8.24908E+17,8.24217E+17
sureshnakoda,jainlalita54,Mentions,27/01/2017 09:13,RT @mehandisuresh: @thexoxoday @ContestAlert @sureshnakoda @reenajain89 @JainLalita54 @sureshnakoda @call_jain @snehalataj,,,,27/01/2017 09:13,https://twitter.com/#!/sureshnakoda/status/824908207629942785,,,8.24908E+17,
sureshnakoda,jainlalita54,Mentions,27/01/2017 09:14,"RT @call_jain: @thexoxoday @contestrun @sureshnakoda @mehandisuresh @JainLalita54 @snehalataj        
wish I could give dinner to my mom @T…",,,,27/01/2017 09:14,https://twitter.com/#!/sureshnakoda/status/824908370461089793,,,8.24908E+17,
sureshnakoda,jainlalita54,Mentions,27/01/2017 09:23,RT @mehandisuresh: @thexoxoday @ContestAlert @snehalataj @reenajain89 @JainLalita54 @sureshnakoda @call_jain,,,,27/01/2017 09:23,https://twitter.com/#!/sureshnakoda/status/824910770886549505,,,8.24911E+17,
sureshnakoda,jainlalita54,Mentions,27/01/2017 09:24,@mehandisuresh @thexoxoday @ContestAlert @reenajain89 @JainLalita54 wish u luck @snehalataj,,,,27/01/2017 09:24,https://twitter.com/#!/sureshnakoda/status/824910855527682048,,,8.24911E+17,8.24909E+17
reenajain89,jainlalita54,Mentions,27/01/2017 06:49,@thexoxoday @JainLalita54  I would to take my mom as  after a long time of suffering now she is better n I want to treat her like princess,,,,27/01/2017 06:49,https://twitter.com/#!/reenajain89/status/824872037030060032,,,8.24872E+17,8.24217E+17
reenajain89,jainlalita54,Mentions,27/01/2017 06:50,@thexoxoday @snehalataj @JainLalita54 @mehandisuresh @sureshnakoda @dilkhush_shah @SdShah84 jn,,,,27/01/2017 06:50,https://twitter.com/#!/reenajain89/status/824872094978629634,,,8.24872E+17,8.24217E+17
reenajain89,jainlalita54,Mentions,30/01/2017 04:36,@thexoxoday @snehalataj @sureshnakoda @call_jain @mehandisuresh @JainLalita54,,,,30/01/2017 04:36,https://twitter.com/#!/reenajain89/status/825925632030801920,,,8.25926E+17,8.24832E+17
snehalataj,mehandisuresh,Mentions,25/01/2017 11:34,@thexoxoday @reenajain89 @fajadwet @mehandisuresh @JainLalita54 @sureshnakoda @call_jain,,,,25/01/2017 11:34,https://twitter.com/#!/snehalataj/status/824218854414897156,,,8.24219E+17,8.24217E+17
call_jain,mehandisuresh,Mentions,27/01/2017 09:09,"@thexoxoday @contestrun @sureshnakoda @mehandisuresh @JainLalita54 @snehalataj        
wish I could give dinner to my mom @TajHotels",,,,27/01/2017 09:09,https://twitter.com/#!/call_jain/status/824907239085527040,,,8.24907E+17,8.24217E+17
mehandisuresh,thexoxoday,Mentions,27/01/2017 08:57,RT @thexoxoday: Keep participating in our #contest to win an Audi Q3 ride and a lavish dinner for two at the Taj Mahal Palace! #ContestAler…,,,contest,27/01/2017 08:57,https://twitter.com/#!/mehandisuresh/status/824904247296696320,,,8.24904E+17,
mehandisuresh,contest_alert,Mentions,27/01/2017 08:59,@thexoxoday @OngoingContest @ContestAdventur @india4contests @contestmantra @ContestMela @thefreejinn @ContestKiDuniya @Contest_Alert,,,,27/01/2017 08:59,https://twitter.com/#!/mehandisuresh/status/824904538473713665,,,8.24905E+17,8.24254E+17
mehandisuresh,contestkiduniya,Mentions,27/01/2017 08:59,@thexoxoday @OngoingContest @ContestAdventur @india4contests @contestmantra @ContestMela @thefreejinn @ContestKiDuniya @Contest_Alert,,,,27/01/2017 08:59,https://twitter.com/#!/mehandisuresh/status/824904538473713665,,,8.24905E+17,8.24254E+17
mehandisuresh,thefreejinn,Mentions,27/01/2017 08:59,@thexoxoday @OngoingContest @ContestAdventur @india4contests @contestmantra @ContestMela @thefreejinn @ContestKiDuniya @Contest_Alert,,,,27/01/2017 08:59,https://twitter.com/#!/mehandisuresh/status/824904538473713665,,,8.24905E+17,8.24254E+17
mehandisuresh,contestmela,Mentions,27/01/2017 08:59,@thexoxoday @OngoingContest @ContestAdventur @india4contests @contestmantra @ContestMela @thefreejinn @ContestKiDuniya @Contest_Alert,,,,27/01/2017 08:59,https://twitter.com/#!/mehandisuresh/status/824904538473713665,,,8.24905E+17,8.24254E+17
mehandisuresh,contestmantra,Mentions,27/01/2017 08:59,@thexoxoday @OngoingContest @ContestAdventur @india4contests @contestmantra @ContestMela @thefreejinn @ContestKiDuniya @Contest_Alert,,,,27/01/2017 08:59,https://twitter.com/#!/mehandisuresh/status/824904538473713665,,,8.24905E+17,8.24254E+17
mehandisuresh,india4contests,Mentions,27/01/2017 08:59,@thexoxoday @OngoingContest @ContestAdventur @india4contests @contestmantra @ContestMela @thefreejinn @ContestKiDuniya @Contest_Alert,,,,27/01/2017 08:59,https://twitter.com/#!/mehandisuresh/status/824904538473713665,,,8.24905E+17,8.24254E+17
mehandisuresh,contestadventur,Mentions,27/01/2017 08:59,@thexoxoday @OngoingContest @ContestAdventur @india4contests @contestmantra @ContestMela @thefreejinn @ContestKiDuniya @Contest_Alert,,,,27/01/2017 08:59,https://twitter.com/#!/mehandisuresh/status/824904538473713665,,,8.24905E+17,8.24254E+17
mehandisuresh,thexoxoday,Replies to,27/01/2017 08:59,@thexoxoday @OngoingContest @ContestAdventur @india4contests @contestmantra @ContestMela @thefreejinn @ContestKiDuniya @Contest_Alert,,,,27/01/2017 08:59,https://twitter.com/#!/mehandisuresh/status/824904538473713665,,,8.24905E+17,8.24254E+17
mehandisuresh,contestalert,Mentions,27/01/2017 09:09,@thexoxoday @ContestAlert I wud  like  to take  my  husband  Suresh Jain. He promised  me that I will be your  fore… https://t.co/1hqbRWiYJe,https://twitter.com/i/web/status/824907270744010752,twitter.com,,27/01/2017 09:09,https://twitter.com/#!/mehandisuresh/status/824907270744010752,,,8.24907E+17,8.24254E+17
mehandisuresh,thexoxoday,Replies to,27/01/2017 09:09,@thexoxoday @ContestAlert I wud  like  to take  my  husband  Suresh Jain. He promised  me that I will be your  fore… https://t.co/1hqbRWiYJe,https://twitter.com/i/web/status/824907270744010752,twitter.com,,27/01/2017 09:09,https://twitter.com/#!/mehandisuresh/status/824907270744010752,,,8.24907E+17,8.24254E+17
mehandisuresh,thexoxoday,Mentions,27/01/2017 09:11,RT @thexoxoday: Our contest is #LIVE! Follow us to #participate and #RT and tag 5 of your friends to #win! #ContestAlert #Contest https://t…,,,live participate rt win contestalert contest,27/01/2017 09:11,https://twitter.com/#!/mehandisuresh/status/824907574894026752,,,8.24908E+17,
mehandisuresh,snehalataj,Mentions,27/01/2017 09:12,@thexoxoday @ContestAlert @sureshnakoda @reenajain89 @JainLalita54 @sureshnakoda @call_jain @snehalataj,,,,27/01/2017 09:12,https://twitter.com/#!/mehandisuresh/status/824907808009236480,,,8.24908E+17,8.24256E+17
mehandisuresh,call_jain,Mentions,27/01/2017 09:12,@thexoxoday @ContestAlert @sureshnakoda @reenajain89 @JainLalita54 @sureshnakoda @call_jain @snehalataj,,,,27/01/2017 09:12,https://twitter.com/#!/mehandisuresh/status/824907808009236480,,,8.24908E+17,8.24256E+17
mehandisuresh,reenajain89,Mentions,27/01/2017 09:12,@thexoxoday @ContestAlert @sureshnakoda @reenajain89 @JainLalita54 @sureshnakoda @call_jain @snehalataj,,,,27/01/2017 09:12,https://twitter.com/#!/mehandisuresh/status/824907808009236480,,,8.24908E+17,8.24256E+17
mehandisuresh,sureshnakoda,Mentions,27/01/2017 09:12,@thexoxoday @ContestAlert @sureshnakoda @reenajain89 @JainLalita54 @sureshnakoda @call_jain @snehalataj,,,,27/01/2017 09:12,https://twitter.com/#!/mehandisuresh/status/824907808009236480,,,8.24908E+17,8.24256E+17
mehandisuresh,contestalert,Mentions,27/01/2017 09:12,@thexoxoday @ContestAlert @sureshnakoda @reenajain89 @JainLalita54 @sureshnakoda @call_jain @snehalataj,,,,27/01/2017 09:12,https://twitter.com/#!/mehandisuresh/status/824907808009236480,,,8.24908E+17,8.24256E+17
mehandisuresh,thexoxoday,Replies to,27/01/2017 09:12,@thexoxoday @ContestAlert @sureshnakoda @reenajain89 @JainLalita54 @sureshnakoda @call_jain @snehalataj,,,,27/01/2017 09:12,https://twitter.com/#!/mehandisuresh/status/824907808009236480,,,8.24908E+17,8.24256E+17
mehandisuresh,contestalert,Mentions,27/01/2017 09:14,@thexoxoday @ContestAlert  Will  love to  spend a memorable time at Taj with my husband and give  him a special  su… https://t.co/UWWAU5lG0V,https://twitter.com/i/web/status/824908350789910533,twitter.com,,27/01/2017 09:14,https://twitter.com/#!/mehandisuresh/status/824908350789910533,,,8.24908E+17,8.24832E+17
mehandisuresh,thexoxoday,Replies to,27/01/2017 09:14,@thexoxoday @ContestAlert  Will  love to  spend a memorable time at Taj with my husband and give  him a special  su… https://t.co/UWWAU5lG0V,https://twitter.com/i/web/status/824908350789910533,twitter.com,,27/01/2017 09:14,https://twitter.com/#!/mehandisuresh/status/824908350789910533,,,8.24908E+17,8.24832E+17
mehandisuresh,contestalert,Mentions,27/01/2017 09:14,@thexoxoday @ContestAlert fingers crossed,,,,27/01/2017 09:14,https://twitter.com/#!/mehandisuresh/status/824908460093489152,,,8.24908E+17,8.24832E+17
mehandisuresh,thexoxoday,Replies to,27/01/2017 09:14,@thexoxoday @ContestAlert fingers crossed,,,,27/01/2017 09:14,https://twitter.com/#!/mehandisuresh/status/824908460093489152,,,8.24908E+17,8.24832E+17
mehandisuresh,thexoxoday,Mentions,27/01/2017 09:14,"RT @thexoxoday: Follow us to participate, all you have to do is #RT and tag 5 of your friends and visit - https://t.co/sDYj0Z0PUX #contest…",https://www.xoxoday.com/?utm_source=twitter&utm_campaign=contest-post&utm_medium=social,xoxoday.com,rt contest,27/01/2017 09:14,https://twitter.com/#!/mehandisuresh/status/824908525184901121,,,8.24909E+17,
mehandisuresh,snehalataj,Mentions,27/01/2017 09:17,@thexoxoday @ContestAlert Participate in the  contest  an win a grand  dinner at Taj.  @sureshnakoda @reenajain89 @JainLalita54 @snehalataj,,,,27/01/2017 09:17,https://twitter.com/#!/mehandisuresh/status/824909220730527744,,,8.24909E+17,8.24832E+17
mehandisuresh,reenajain89,Mentions,27/01/2017 09:17,@thexoxoday @ContestAlert Participate in the  contest  an win a grand  dinner at Taj.  @sureshnakoda @reenajain89 @JainLalita54 @snehalataj,,,,27/01/2017 09:17,https://twitter.com/#!/mehandisuresh/status/824909220730527744,,,8.24909E+17,8.24832E+17
mehandisuresh,sureshnakoda,Mentions,27/01/2017 09:17,@thexoxoday @ContestAlert Participate in the  contest  an win a grand  dinner at Taj.  @sureshnakoda @reenajain89 @JainLalita54 @snehalataj,,,,27/01/2017 09:17,https://twitter.com/#!/mehandisuresh/status/824909220730527744,,,8.24909E+17,8.24832E+17
mehandisuresh,contestalert,Mentions,27/01/2017 09:17,@thexoxoday @ContestAlert Participate in the  contest  an win a grand  dinner at Taj.  @sureshnakoda @reenajain89 @JainLalita54 @snehalataj,,,,27/01/2017 09:17,https://twitter.com/#!/mehandisuresh/status/824909220730527744,,,8.24909E+17,8.24832E+17
mehandisuresh,thexoxoday,Replies to,27/01/2017 09:17,@thexoxoday @ContestAlert Participate in the  contest  an win a grand  dinner at Taj.  @sureshnakoda @reenajain89 @JainLalita54 @snehalataj,,,,27/01/2017 09:17,https://twitter.com/#!/mehandisuresh/status/824909220730527744,,,8.24909E+17,8.24832E+17
mehandisuresh,thexoxoday,Mentions,27/01/2017 09:18,RT @thexoxoday: Pack Your Bags #NOW and head to these unexplored and untouched weekend getaways near #Mumbai and #Pune  - https://t.co/RJva…,,,now mumbai pune,27/01/2017 09:18,https://twitter.com/#!/mehandisuresh/status/824909324917030912,,,8.24909E+17,
mehandisuresh,thexoxoday,Mentions,27/01/2017 09:18,RT @thexoxoday: Our #Contest is #live! #RT and tag 5 of your friends to win this dream ride on an Audi R8 and a Dinner at Taj Mahal Palace!…,,,contest live rt,27/01/2017 09:18,https://twitter.com/#!/mehandisuresh/status/824909511530016768,,,8.2491E+17,
mehandisuresh,call_jain,Mentions,27/01/2017 09:19,@thexoxoday @ContestAlert @snehalataj @reenajain89 @JainLalita54 @sureshnakoda @call_jain,,,,27/01/2017 09:19,https://twitter.com/#!/mehandisuresh/status/824909686986117120,,,8.2491E+17,8.24217E+17
mehandisuresh,sureshnakoda,Mentions,27/01/2017 09:19,@thexoxoday @ContestAlert @snehalataj @reenajain89 @JainLalita54 @sureshnakoda @call_jain,,,,27/01/2017 09:19,https://twitter.com/#!/mehandisuresh/status/824909686986117120,,,8.2491E+17,8.24217E+17
mehandisuresh,reenajain89,Mentions,27/01/2017 09:19,@thexoxoday @ContestAlert @snehalataj @reenajain89 @JainLalita54 @sureshnakoda @call_jain,,,,27/01/2017 09:19,https://twitter.com/#!/mehandisuresh/status/824909686986117120,,,8.2491E+17,8.24217E+17
mehandisuresh,snehalataj,Mentions,27/01/2017 09:19,@thexoxoday @ContestAlert @snehalataj @reenajain89 @JainLalita54 @sureshnakoda @call_jain,,,,27/01/2017 09:19,https://twitter.com/#!/mehandisuresh/status/824909686986117120,,,8.2491E+17,8.24217E+17
mehandisuresh,contestalert,Mentions,27/01/2017 09:19,@thexoxoday @ContestAlert @snehalataj @reenajain89 @JainLalita54 @sureshnakoda @call_jain,,,,27/01/2017 09:19,https://twitter.com/#!/mehandisuresh/status/824909686986117120,,,8.2491E+17,8.24217E+17
mehandisuresh,thexoxoday,Replies to,27/01/2017 09:19,@thexoxoday @ContestAlert @snehalataj @reenajain89 @JainLalita54 @sureshnakoda @call_jain,,,,27/01/2017 09:19,https://twitter.com/#!/mehandisuresh/status/824909686986117120,,,8.2491E+17,8.24217E+17
mehandisuresh,sureshnakoda,Mentions,28/01/2017 18:59,@thexoxoday @OngoingContest  @Contest_Alert I wud love to go taj with my husband @sureshnakoda n spend a memorable… https://t.co/8bGgmvpquG,https://twitter.com/i/web/status/825417965545807872,twitter.com,,28/01/2017 18:59,https://twitter.com/#!/mehandisuresh/status/825417965545807872,,,8.25418E+17,8.24254E+17
mehandisuresh,contest_alert,Mentions,28/01/2017 18:59,@thexoxoday @OngoingContest  @Contest_Alert I wud love to go taj with my husband @sureshnakoda n spend a memorable… https://t.co/8bGgmvpquG,https://twitter.com/i/web/status/825417965545807872,twitter.com,,28/01/2017 18:59,https://twitter.com/#!/mehandisuresh/status/825417965545807872,,,8.25418E+17,8.24254E+17
mehandisuresh,thexoxoday,Replies to,28/01/2017 18:59,@thexoxoday @OngoingContest  @Contest_Alert I wud love to go taj with my husband @sureshnakoda n spend a memorable… https://t.co/8bGgmvpquG,https://twitter.com/i/web/status/825417965545807872,twitter.com,,28/01/2017 18:59,https://twitter.com/#!/mehandisuresh/status/825417965545807872,,,8.25418E+17,8.24254E+17
sureshnakoda,mehandisuresh,Mentions,27/01/2017 09:13,RT @mehandisuresh: @thexoxoday @ContestAlert @sureshnakoda @reenajain89 @JainLalita54 @sureshnakoda @call_jain @snehalataj,,,,27/01/2017 09:13,https://twitter.com/#!/sureshnakoda/status/824908207629942785,,,8.24908E+17,
sureshnakoda,mehandisuresh,Mentions,27/01/2017 09:14,"RT @call_jain: @thexoxoday @contestrun @sureshnakoda @mehandisuresh @JainLalita54 @snehalataj        
wish I could give dinner to my mom @T…",,,,27/01/2017 09:14,https://twitter.com/#!/sureshnakoda/status/824908370461089793,,,8.24908E+17,
sureshnakoda,mehandisuresh,Mentions,27/01/2017 09:14,RT @mehandisuresh: @thexoxoday @ContestAlert  Will  love to  spend a memorable time at Taj with my husband and give  him a special  surpris…,,,,27/01/2017 09:14,https://twitter.com/#!/sureshnakoda/status/824908417177362432,,,8.24908E+17,
sureshnakoda,mehandisuresh,Mentions,27/01/2017 09:23,RT @mehandisuresh: @thexoxoday @ContestAlert @snehalataj @reenajain89 @JainLalita54 @sureshnakoda @call_jain,,,,27/01/2017 09:23,https://twitter.com/#!/sureshnakoda/status/824910770886549505,,,8.24911E+17,
sureshnakoda,mehandisuresh,Mentions,27/01/2017 09:23,RT @mehandisuresh: @thexoxoday @ContestAlert Participate in the  contest  an win a grand  dinner at Taj.  @sureshnakoda @reenajain89 @JainL…,,,,27/01/2017 09:23,https://twitter.com/#!/sureshnakoda/status/824910782844567552,,,8.24911E+17,
sureshnakoda,mehandisuresh,Replies to,27/01/2017 09:24,@mehandisuresh @thexoxoday @ContestAlert @reenajain89 @JainLalita54 wish u luck @snehalataj,,,,27/01/2017 09:24,https://twitter.com/#!/sureshnakoda/status/824910855527682048,,,8.24911E+17,8.24909E+17
sureshnakoda,mehandisuresh,Mentions,28/01/2017 19:02,RT @mehandisuresh: @thexoxoday @OngoingContest  @Contest_Alert I wud love to go taj with my husband @sureshnakoda n spend a memorable time…,,,,28/01/2017 19:02,https://twitter.com/#!/sureshnakoda/status/825418744146980864,,,8.25419E+17,
reenajain89,mehandisuresh,Mentions,27/01/2017 06:50,@thexoxoday @snehalataj @JainLalita54 @mehandisuresh @sureshnakoda @dilkhush_shah @SdShah84 jn,,,,27/01/2017 06:50,https://twitter.com/#!/reenajain89/status/824872094978629634,,,8.24872E+17,8.24217E+17
reenajain89,mehandisuresh,Mentions,30/01/2017 04:36,@thexoxoday @snehalataj @sureshnakoda @call_jain @mehandisuresh @JainLalita54,,,,30/01/2017 04:36,https://twitter.com/#!/reenajain89/status/825925632030801920,,,8.25926E+17,8.24832E+17
snehalataj,call_jain,Mentions,25/01/2017 11:34,@thexoxoday @reenajain89 @fajadwet @mehandisuresh @JainLalita54 @sureshnakoda @call_jain,,,,25/01/2017 11:34,https://twitter.com/#!/snehalataj/status/824218854414897156,,,8.24219E+17,8.24217E+17
call_jain,thexoxoday,Mentions,27/01/2017 09:03,RT @thexoxoday: Our #Contest is #live! #RT and tag 5 of your friends to win this dream ride on an Audi R8 and a Dinner at Taj Mahal Palace!…,,,contest live rt,27/01/2017 09:03,https://twitter.com/#!/call_jain/status/824905634227163136,,,8.24906E+17,
call_jain,snehalataj,Mentions,27/01/2017 09:09,"@thexoxoday @contestrun @sureshnakoda @mehandisuresh @JainLalita54 @snehalataj        
wish I could give dinner to my mom @TajHotels",,,,27/01/2017 09:09,https://twitter.com/#!/call_jain/status/824907239085527040,,,8.24907E+17,8.24217E+17
call_jain,sureshnakoda,Mentions,27/01/2017 09:09,"@thexoxoday @contestrun @sureshnakoda @mehandisuresh @JainLalita54 @snehalataj        
wish I could give dinner to my mom @TajHotels",,,,27/01/2017 09:09,https://twitter.com/#!/call_jain/status/824907239085527040,,,8.24907E+17,8.24217E+17
call_jain,thexoxoday,Replies to,27/01/2017 09:09,"@thexoxoday @contestrun @sureshnakoda @mehandisuresh @JainLalita54 @snehalataj        
wish I could give dinner to my mom @TajHotels",,,,27/01/2017 09:09,https://twitter.com/#!/call_jain/status/824907239085527040,,,8.24907E+17,8.24217E+17
sureshnakoda,call_jain,Mentions,27/01/2017 09:13,"@thexoxoday 
Join friends
@sirajkhan1971 
@snehalataj 
@call_jain 
@reenajain89 
@JainLalita54 
@contestrun 
@rtrmohitjain 
@AbubakerSidiq1",,,,27/01/2017 09:13,https://twitter.com/#!/sureshnakoda/status/824908102797553665,,,8.24908E+17,8.24217E+17
sureshnakoda,call_jain,Mentions,27/01/2017 09:13,RT @mehandisuresh: @thexoxoday @ContestAlert @sureshnakoda @reenajain89 @JainLalita54 @sureshnakoda @call_jain @snehalataj,,,,27/01/2017 09:13,https://twitter.com/#!/sureshnakoda/status/824908207629942785,,,8.24908E+17,
sureshnakoda,call_jain,Mentions,27/01/2017 09:14,"RT @call_jain: @thexoxoday @contestrun @sureshnakoda @mehandisuresh @JainLalita54 @snehalataj        
wish I could give dinner to my mom @T…",,,,27/01/2017 09:14,https://twitter.com/#!/sureshnakoda/status/824908370461089793,,,8.24908E+17,
sureshnakoda,call_jain,Mentions,27/01/2017 09:23,RT @mehandisuresh: @thexoxoday @ContestAlert @snehalataj @reenajain89 @JainLalita54 @sureshnakoda @call_jain,,,,27/01/2017 09:23,https://twitter.com/#!/sureshnakoda/status/824910770886549505,,,8.24911E+17,
reenajain89,call_jain,Mentions,30/01/2017 04:36,@thexoxoday @snehalataj @sureshnakoda @call_jain @mehandisuresh @JainLalita54,,,,30/01/2017 04:36,https://twitter.com/#!/reenajain89/status/825925632030801920,,,8.25926E+17,8.24832E+17
snehalataj,sureshnakoda,Mentions,25/01/2017 11:34,@thexoxoday @reenajain89 @fajadwet @mehandisuresh @JainLalita54 @sureshnakoda @call_jain,,,,25/01/2017 11:34,https://twitter.com/#!/snehalataj/status/824218854414897156,,,8.24219E+17,8.24217E+17
sureshnakoda,thexoxoday,Mentions,27/01/2017 09:11,RT @thexoxoday: Our #Contest is #live! #RT and tag 5 of your friends to win this dream ride on an Audi R8 and a Dinner at Taj Mahal Palace!…,,,contest live rt,27/01/2017 09:11,https://twitter.com/#!/sureshnakoda/status/824907563846230017,,,8.24908E+17,
sureshnakoda,reenajain89,Mentions,27/01/2017 09:13,"@thexoxoday 
Join friends
@sirajkhan1971 
@snehalataj 
@call_jain 
@reenajain89 
@JainLalita54 
@contestrun 
@rtrmohitjain 
@AbubakerSidiq1",,,,27/01/2017 09:13,https://twitter.com/#!/sureshnakoda/status/824908102797553665,,,8.24908E+17,8.24217E+17
sureshnakoda,snehalataj,Mentions,27/01/2017 09:13,"@thexoxoday 
Join friends
@sirajkhan1971 
@snehalataj 
@call_jain 
@reenajain89 
@JainLalita54 
@contestrun 
@rtrmohitjain 
@AbubakerSidiq1",,,,27/01/2017 09:13,https://twitter.com/#!/sureshnakoda/status/824908102797553665,,,8.24908E+17,8.24217E+17
sureshnakoda,thexoxoday,Replies to,27/01/2017 09:13,"@thexoxoday 
Join friends
@sirajkhan1971 
@snehalataj 
@call_jain 
@reenajain89 
@JainLalita54 
@contestrun 
@rtrmohitjain 
@AbubakerSidiq1",,,,27/01/2017 09:13,https://twitter.com/#!/sureshnakoda/status/824908102797553665,,,8.24908E+17,8.24217E+17
sureshnakoda,snehalataj,Mentions,27/01/2017 09:13,RT @mehandisuresh: @thexoxoday @ContestAlert @sureshnakoda @reenajain89 @JainLalita54 @sureshnakoda @call_jain @snehalataj,,,,27/01/2017 09:13,https://twitter.com/#!/sureshnakoda/status/824908207629942785,,,8.24908E+17,
sureshnakoda,reenajain89,Mentions,27/01/2017 09:13,RT @mehandisuresh: @thexoxoday @ContestAlert @sureshnakoda @reenajain89 @JainLalita54 @sureshnakoda @call_jain @snehalataj,,,,27/01/2017 09:13,https://twitter.com/#!/sureshnakoda/status/824908207629942785,,,8.24908E+17,
sureshnakoda,contestalert,Mentions,27/01/2017 09:13,RT @mehandisuresh: @thexoxoday @ContestAlert @sureshnakoda @reenajain89 @JainLalita54 @sureshnakoda @call_jain @snehalataj,,,,27/01/2017 09:13,https://twitter.com/#!/sureshnakoda/status/824908207629942785,,,8.24908E+17,
sureshnakoda,thexoxoday,Mentions,27/01/2017 09:13,RT @mehandisuresh: @thexoxoday @ContestAlert @sureshnakoda @reenajain89 @JainLalita54 @sureshnakoda @call_jain @snehalataj,,,,27/01/2017 09:13,https://twitter.com/#!/sureshnakoda/status/824908207629942785,,,8.24908E+17,
sureshnakoda,snehalataj,Mentions,27/01/2017 09:14,"RT @call_jain: @thexoxoday @contestrun @sureshnakoda @mehandisuresh @JainLalita54 @snehalataj        
wish I could give dinner to my mom @T…",,,,27/01/2017 09:14,https://twitter.com/#!/sureshnakoda/status/824908370461089793,,,8.24908E+17,
sureshnakoda,thexoxoday,Mentions,27/01/2017 09:14,"RT @call_jain: @thexoxoday @contestrun @sureshnakoda @mehandisuresh @JainLalita54 @snehalataj        
wish I could give dinner to my mom @T…",,,,27/01/2017 09:14,https://twitter.com/#!/sureshnakoda/status/824908370461089793,,,8.24908E+17,
sureshnakoda,contestalert,Mentions,27/01/2017 09:14,RT @mehandisuresh: @thexoxoday @ContestAlert  Will  love to  spend a memorable time at Taj with my husband and give  him a special  surpris…,,,,27/01/2017 09:14,https://twitter.com/#!/sureshnakoda/status/824908417177362432,,,8.24908E+17,
sureshnakoda,thexoxoday,Mentions,27/01/2017 09:14,RT @mehandisuresh: @thexoxoday @ContestAlert  Will  love to  spend a memorable time at Taj with my husband and give  him a special  surpris…,,,,27/01/2017 09:14,https://twitter.com/#!/sureshnakoda/status/824908417177362432,,,8.24908E+17,
sureshnakoda,reenajain89,Mentions,27/01/2017 09:23,RT @mehandisuresh: @thexoxoday @ContestAlert @snehalataj @reenajain89 @JainLalita54 @sureshnakoda @call_jain,,,,27/01/2017 09:23,https://twitter.com/#!/sureshnakoda/status/824910770886549505,,,8.24911E+17,
sureshnakoda,snehalataj,Mentions,27/01/2017 09:23,RT @mehandisuresh: @thexoxoday @ContestAlert @snehalataj @reenajain89 @JainLalita54 @sureshnakoda @call_jain,,,,27/01/2017 09:23,https://twitter.com/#!/sureshnakoda/status/824910770886549505,,,8.24911E+17,
sureshnakoda,contestalert,Mentions,27/01/2017 09:23,RT @mehandisuresh: @thexoxoday @ContestAlert @snehalataj @reenajain89 @JainLalita54 @sureshnakoda @call_jain,,,,27/01/2017 09:23,https://twitter.com/#!/sureshnakoda/status/824910770886549505,,,8.24911E+17,
sureshnakoda,thexoxoday,Mentions,27/01/2017 09:23,RT @mehandisuresh: @thexoxoday @ContestAlert @snehalataj @reenajain89 @JainLalita54 @sureshnakoda @call_jain,,,,27/01/2017 09:23,https://twitter.com/#!/sureshnakoda/status/824910770886549505,,,8.24911E+17,
sureshnakoda,reenajain89,Mentions,27/01/2017 09:23,RT @mehandisuresh: @thexoxoday @ContestAlert Participate in the  contest  an win a grand  dinner at Taj.  @sureshnakoda @reenajain89 @JainL…,,,,27/01/2017 09:23,https://twitter.com/#!/sureshnakoda/status/824910782844567552,,,8.24911E+17,
sureshnakoda,contestalert,Mentions,27/01/2017 09:23,RT @mehandisuresh: @thexoxoday @ContestAlert Participate in the  contest  an win a grand  dinner at Taj.  @sureshnakoda @reenajain89 @JainL…,,,,27/01/2017 09:23,https://twitter.com/#!/sureshnakoda/status/824910782844567552,,,8.24911E+17,
sureshnakoda,thexoxoday,Mentions,27/01/2017 09:23,RT @mehandisuresh: @thexoxoday @ContestAlert Participate in the  contest  an win a grand  dinner at Taj.  @sureshnakoda @reenajain89 @JainL…,,,,27/01/2017 09:23,https://twitter.com/#!/sureshnakoda/status/824910782844567552,,,8.24911E+17,
sureshnakoda,snehalataj,Mentions,27/01/2017 09:24,@mehandisuresh @thexoxoday @ContestAlert @reenajain89 @JainLalita54 wish u luck @snehalataj,,,,27/01/2017 09:24,https://twitter.com/#!/sureshnakoda/status/824910855527682048,,,8.24911E+17,8.24909E+17
sureshnakoda,reenajain89,Mentions,27/01/2017 09:24,@mehandisuresh @thexoxoday @ContestAlert @reenajain89 @JainLalita54 wish u luck @snehalataj,,,,27/01/2017 09:24,https://twitter.com/#!/sureshnakoda/status/824910855527682048,,,8.24911E+17,8.24909E+17
sureshnakoda,contestalert,Mentions,27/01/2017 09:24,@mehandisuresh @thexoxoday @ContestAlert @reenajain89 @JainLalita54 wish u luck @snehalataj,,,,27/01/2017 09:24,https://twitter.com/#!/sureshnakoda/status/824910855527682048,,,8.24911E+17,8.24909E+17
sureshnakoda,thexoxoday,Mentions,27/01/2017 09:24,@mehandisuresh @thexoxoday @ContestAlert @reenajain89 @JainLalita54 wish u luck @snehalataj,,,,27/01/2017 09:24,https://twitter.com/#!/sureshnakoda/status/824910855527682048,,,8.24911E+17,8.24909E+17
sureshnakoda,contest_alert,Mentions,28/01/2017 19:02,RT @mehandisuresh: @thexoxoday @OngoingContest  @Contest_Alert I wud love to go taj with my husband @sureshnakoda n spend a memorable time…,,,,28/01/2017 19:02,https://twitter.com/#!/sureshnakoda/status/825418744146980864,,,8.25419E+17,
sureshnakoda,thexoxoday,Mentions,28/01/2017 19:02,RT @mehandisuresh: @thexoxoday @OngoingContest  @Contest_Alert I wud love to go taj with my husband @sureshnakoda n spend a memorable time…,,,,28/01/2017 19:02,https://twitter.com/#!/sureshnakoda/status/825418744146980864,,,8.25419E+17,
reenajain89,sureshnakoda,Mentions,27/01/2017 06:50,@thexoxoday @snehalataj @JainLalita54 @mehandisuresh @sureshnakoda @dilkhush_shah @SdShah84 jn,,,,27/01/2017 06:50,https://twitter.com/#!/reenajain89/status/824872094978629634,,,8.24872E+17,8.24217E+17
reenajain89,sureshnakoda,Mentions,30/01/2017 04:36,@thexoxoday @snehalataj @sureshnakoda @call_jain @mehandisuresh @JainLalita54,,,,30/01/2017 04:36,https://twitter.com/#!/reenajain89/status/825925632030801920,,,8.25926E+17,8.24832E+17
contestadventur,snehalataj,Mentions,25/01/2017 11:47,"Join in
@thexoxoday
@Divine_Shruti
@SayyedJenifer
@Poojab_14
@Deepaadhan
@udta_sarfaraz
@pretty_priyanka
@sonia_sodah
@SnehalataJ",,,,25/01/2017 11:47,https://twitter.com/#!/contestadventur/status/824222098532864000,,,8.24222E+17,8.24217E+17
hellolalit,snehalataj,Mentions,27/01/2017 04:52,"@thexoxoday 
Join for dinner 
@aadiivaasii 
@BabuBeg 
@ns_verma 
@PinkyDholakia 
@snehalataj
@fotokiran
@nitin_cul 
@Jsvndr 
@maladarak",,,,27/01/2017 04:52,https://twitter.com/#!/hellolalit/status/824842589748596736,,,8.24843E+17,8.24217E+17
snehalataj,thexoxoday,Mentions,25/01/2017 11:33,RT @thexoxoday: We are #live with our #contest! Follow to participate. All you have to do is #RT and tag 5 of your friends to win! https://…,,,live contest rt,25/01/2017 11:33,https://twitter.com/#!/snehalataj/status/824218737163108353,,,8.24219E+17,
snehalataj,reenajain89,Mentions,25/01/2017 11:34,@thexoxoday @reenajain89 @fajadwet @mehandisuresh @JainLalita54 @sureshnakoda @call_jain,,,,25/01/2017 11:34,https://twitter.com/#!/snehalataj/status/824218854414897156,,,8.24219E+17,8.24217E+17
snehalataj,thexoxoday,Replies to,25/01/2017 11:34,@thexoxoday @reenajain89 @fajadwet @mehandisuresh @JainLalita54 @sureshnakoda @call_jain,,,,25/01/2017 11:34,https://twitter.com/#!/snehalataj/status/824218854414897156,,,8.24219E+17,8.24217E+17
snehalataj,thexoxoday,Mentions,25/01/2017 11:34,RT @thexoxoday: Our #Contest is #live! #RT and tag 5 of your friends to win this dream ride on an Audi R8 and a Dinner at Taj Mahal Palace!…,,,contest live rt,25/01/2017 11:34,https://twitter.com/#!/snehalataj/status/824218986522951680,,,8.24219E+17,
snehalataj,thexoxoday,Mentions,25/01/2017 11:34,"RT @thexoxoday: #ContestAlert Remember, Follow Us to Participate! #contest #contestindia #ContestofChampions https://t.co/yD5kFC1kES",,,contestalert contest contestindia contestofchampions,25/01/2017 11:34,https://twitter.com/#!/snehalataj/status/824218997033795588,,,8.24219E+17,
snehalataj,thexoxoday,Mentions,27/01/2017 05:13,RT @thexoxoday: Here's our list of the 13 best untouched getaways from #Mumbai and #Pune for the upcoming #longweekend! Click here - https:…,,,mumbai pune longweekend,27/01/2017 05:13,https://twitter.com/#!/snehalataj/status/824847818888093699,,,8.24848E+17,
snehalataj,thexoxoday,Mentions,27/01/2017 05:13,"RT @thexoxoday: Follow us to participate, all you have to do is #RT and tag 5 of your friends and visit - https://t.co/sDYj0Z0PUX #contest…",https://www.xoxoday.com/?utm_source=twitter&utm_campaign=contest-post&utm_medium=social,xoxoday.com,rt contest,27/01/2017 05:13,https://twitter.com/#!/snehalataj/status/824847869735636993,,,8.24848E+17,
snehalataj,thexoxoday,Mentions,27/01/2017 05:13,RT @thexoxoday: Our contest is #LIVE! Follow us to #participate and #RT and tag 5 of your friends to #win! #ContestAlert #Contest https://t…,,,live participate rt win contestalert contest,27/01/2017 05:13,https://twitter.com/#!/snehalataj/status/824847891143364608,,,8.24848E+17,
snehalataj,thexoxoday,Mentions,27/01/2017 05:14,RT @thexoxoday: Keep participating in our #contest to win an Audi Q3 ride and a lavish dinner for two at the Taj Mahal Palace! #ContestAler…,,,contest,27/01/2017 05:14,https://twitter.com/#!/snehalataj/status/824847904540028928,,,8.24848E+17,
snehalataj,thexoxoday,Mentions,27/01/2017 05:14,RT @thexoxoday: A shoutout to everyone who wants to #Participate! Our #contest is now live! Follow us to participate. #RT and tag 5 of your…,,,participate contest rt,27/01/2017 05:14,https://twitter.com/#!/snehalataj/status/824847933518405634,,,8.24848E+17,
snehalataj,dewcool2,Mentions,27/01/2017 05:14,RT @thexoxoday: Our #Contest is now live! #RT and tag 5 of your friends to #win an Audi R8 ride and dinner at Taj! #ContestAlert @dewcool2…,,,contest rt win contestalert,27/01/2017 05:14,https://twitter.com/#!/snehalataj/status/824847945447010304,,,8.24848E+17,
snehalataj,thexoxoday,Mentions,27/01/2017 05:14,RT @thexoxoday: Our #Contest is now live! #RT and tag 5 of your friends to #win an Audi R8 ride and dinner at Taj! #ContestAlert @dewcool2…,,,contest rt win contestalert,27/01/2017 05:14,https://twitter.com/#!/snehalataj/status/824847945447010304,,,8.24848E+17,
reenajain89,snehalataj,Mentions,27/01/2017 06:50,@thexoxoday @snehalataj @JainLalita54 @mehandisuresh @sureshnakoda @dilkhush_shah @SdShah84 jn,,,,27/01/2017 06:50,https://twitter.com/#!/reenajain89/status/824872094978629634,,,8.24872E+17,8.24217E+17
reenajain89,snehalataj,Mentions,30/01/2017 04:36,@thexoxoday @snehalataj @sureshnakoda @call_jain @mehandisuresh @JainLalita54,,,,30/01/2017 04:36,https://twitter.com/#!/reenajain89/status/825925632030801920,,,8.25926E+17,8.24832E+17
scurvylemondrun,thexoxoday,Mentions,26/01/2017 16:19,RT @thexoxoday: Our contest is #LIVE! Follow us to #participate and #RT and tag 5 of your friends to #win! #ContestAlert #Contest https://t…,,,live participate rt win contestalert contest,26/01/2017 16:19,https://twitter.com/#!/scurvylemondrun/status/824652953260818433,,,8.24653E+17,
scurvylemondrun,thexoxoday,Mentions,30/01/2017 04:40,RT @thexoxoday: We are #live with our #contest! Follow to participate. All you have to do is #RT and tag 5 of your friends to win! https://…,,,live contest rt,30/01/2017 04:40,https://twitter.com/#!/scurvylemondrun/status/825926512914419714,,,8.25927E+17,
scurvylemondrun,thexoxoday,Mentions,30/01/2017 04:40,RT @thexoxoday: A shoutout to everyone who wants to #Participate! Our #contest is now live! Follow us to participate. #RT and tag 5 of your…,,,participate contest rt,30/01/2017 04:40,https://twitter.com/#!/scurvylemondrun/status/825926714471620609,,,8.25927E+17,
avalonia24,thexoxoday,Mentions,30/01/2017 04:46,RT @thexoxoday: We are #live with our #contest! Follow to participate. All you have to do is #RT and tag 5 of your friends to win! https://…,,,live contest rt,30/01/2017 04:46,https://twitter.com/#!/avalonia24/status/825928220507791360,,,8.25928E+17,
padtoughmega,thexoxoday,Mentions,30/01/2017 04:49,RT @thexoxoday: Our contest is #LIVE! Follow us to #participate and #RT and tag 5 of your friends to #win! #ContestAlert #Contest https://t…,,,live participate rt win contestalert contest,30/01/2017 04:49,https://twitter.com/#!/padtoughmega/status/825928843714293762,,,8.25929E+17,
tokmumble,thexoxoday,Mentions,30/01/2017 04:49,RT @thexoxoday: Our contest is #LIVE! Follow us to #participate and #RT and tag 5 of your friends to #win! #ContestAlert #Contest https://t…,,,live participate rt win contestalert contest,30/01/2017 04:49,https://twitter.com/#!/tokmumble/status/825928987411116032,,,8.25929E+17,
polyesterrepre2,thexoxoday,Mentions,30/01/2017 04:51,RT @thexoxoday: Our contest is #LIVE! Follow us to #participate and #RT and tag 5 of your friends to #win! #ContestAlert #Contest https://t…,,,live participate rt win contestalert contest,30/01/2017 04:51,https://twitter.com/#!/polyesterrepre2/status/825929458532155392,,,8.25929E+17,
infiniteacrid2,thexoxoday,Mentions,30/01/2017 04:53,RT @thexoxoday: Our contest is #LIVE! Follow us to #participate and #RT and tag 5 of your friends to #win! #ContestAlert #Contest https://t…,,,live participate rt win contestalert contest,30/01/2017 04:53,https://twitter.com/#!/infiniteacrid2/status/825929965506088960,,,8.2593E+17,
contestadventur,contestkiduniya,Mentions,25/01/2017 11:13,"Join in @thexoxoday @Contestmumbai @india4contests
@ContestAlert @BadmashDip @ContestKiDuniya @About_Contest @ContestReminder",,,,25/01/2017 11:13,https://twitter.com/#!/contestadventur/status/824213667902173184,,,8.24214E+17,8.24208E+17
shraddha_bari,contestkiduniya,Mentions,25/01/2017 19:08,@thexoxoday @ContestAdventur @india4contests @contestmantra @ContestMela @thefreejinn @ContestKiDuniya @Contest_Hub… https://t.co/r5lXENnitE,https://twitter.com/i/web/status/824333241515511808,twitter.com,,25/01/2017 19:08,https://twitter.com/#!/shraddha_bari/status/824333241515511808,,,8.24333E+17,8.24217E+17
contestadventur,contestalert,Mentions,25/01/2017 11:13,"Join in @thexoxoday @Contestmumbai @india4contests
@ContestAlert @BadmashDip @ContestKiDuniya @About_Contest @ContestReminder",,,,25/01/2017 11:13,https://twitter.com/#!/contestadventur/status/824213667902173184,,,8.24214E+17,8.24208E+17
contestadventur,contestalert,Mentions,25/01/2017 11:46,"Join in
@thexoxoday
@india4contests
@ContestAlert
@ContestJinn
@piyushpuri12
@Sagar2612
@VHetal
@harveensachdeva
@Vandanadhingra",,,,25/01/2017 11:46,https://twitter.com/#!/contestadventur/status/824222004983119872,,,8.24222E+17,8.24217E+17
shraddha_bari,contestalert,Mentions,26/01/2017 08:30,@thexoxoday @ContestAlert @ContestAdventur @india4contests @contestmantra @ContestMela @thefreejinn… https://t.co/x83W0RRiHV,https://twitter.com/i/web/status/824534883347419136,twitter.com,,26/01/2017 08:30,https://twitter.com/#!/shraddha_bari/status/824534883347419136,,,8.24535E+17,8.24256E+17
shraddha_bari,contestalert,Mentions,26/01/2017 08:33,@thexoxoday @ContestAlert @ContestAdventur @india4contests @contestmantra @ContestMela @thefreejinn… https://t.co/ePfqsYFTSX,https://twitter.com/i/web/status/824535609645690881,twitter.com,,26/01/2017 08:33,https://twitter.com/#!/shraddha_bari/status/824535609645690881,,,8.24536E+17,8.24256E+17
shraddha_bari,contestalert,Mentions,26/01/2017 08:40,@thexoxoday @Contest_Hub @ContestSource @Contest_Alert @contests2share @ContestsAlert @ContestBuddy @ContestAlert… https://t.co/XH0jLYLuVz,https://twitter.com/i/web/status/824537430929842176,twitter.com,,26/01/2017 08:40,https://twitter.com/#!/shraddha_bari/status/824537430929842176,,,8.24537E+17,8.24217E+17
shraddha_bari,contestbuddy,Mentions,26/01/2017 08:40,@thexoxoday @Contest_Hub @ContestSource @Contest_Alert @contests2share @ContestsAlert @ContestBuddy @ContestAlert… https://t.co/XH0jLYLuVz,https://twitter.com/i/web/status/824537430929842176,twitter.com,,26/01/2017 08:40,https://twitter.com/#!/shraddha_bari/status/824537430929842176,,,8.24537E+17,8.24217E+17
shraddha_bari,contestsalert,Mentions,26/01/2017 08:40,@thexoxoday @Contest_Hub @ContestSource @Contest_Alert @contests2share @ContestsAlert @ContestBuddy @ContestAlert… https://t.co/XH0jLYLuVz,https://twitter.com/i/web/status/824537430929842176,twitter.com,,26/01/2017 08:40,https://twitter.com/#!/shraddha_bari/status/824537430929842176,,,8.24537E+17,8.24217E+17
contestadventur,contests2share,Mentions,25/01/2017 11:14,Join in @thexoxoday @win_prizes_UK @sarathkevinjoy @CoContest @JohnTerence_A @contests2share @thefreejinn @Contest_Alert @Contest_Hub,,,,25/01/2017 11:14,https://twitter.com/#!/contestadventur/status/824213845170229248,,,8.24214E+17,8.24208E+17
contestadventur,contests2share,Mentions,25/01/2017 11:47,"Join in
@thexoxoday
@96f332ecba4a49a
@chotifataakdi
@contests2share
@Siddhant95822
@itsaadee
@taapsee
@RegoHilda
@agsahillove
@deepakl_2000",,,,25/01/2017 11:47,https://twitter.com/#!/contestadventur/status/824222244066861056,,,8.24222E+17,8.24217E+17
shraddha_bari,contests2share,Mentions,26/01/2017 08:40,@thexoxoday @Contest_Hub @ContestSource @Contest_Alert @contests2share @ContestsAlert @ContestBuddy @ContestAlert… https://t.co/XH0jLYLuVz,https://twitter.com/i/web/status/824537430929842176,twitter.com,,26/01/2017 08:40,https://twitter.com/#!/shraddha_bari/status/824537430929842176,,,8.24537E+17,8.24217E+17
contestadventur,contestsource,Mentions,25/01/2017 11:17,Join in @thexoxoday @india4contests @ContestsInIndia @ContestSource @contestmantra @Contest_in @Contest_Hub @ContestsInIndia @ContestJinn,,,,25/01/2017 11:17,https://twitter.com/#!/contestadventur/status/824214491885805570,,,8.24214E+17,8.24208E+17
shraddha_bari,contestsource,Mentions,26/01/2017 08:40,@thexoxoday @Contest_Hub @ContestSource @Contest_Alert @contests2share @ContestsAlert @ContestBuddy @ContestAlert… https://t.co/XH0jLYLuVz,https://twitter.com/i/web/status/824537430929842176,twitter.com,,26/01/2017 08:40,https://twitter.com/#!/shraddha_bari/status/824537430929842176,,,8.24537E+17,8.24217E+17
contestadventur,contest_alert,Mentions,25/01/2017 11:14,Join in @thexoxoday @win_prizes_UK @sarathkevinjoy @CoContest @JohnTerence_A @contests2share @thefreejinn @Contest_Alert @Contest_Hub,,,,25/01/2017 11:14,https://twitter.com/#!/contestadventur/status/824213845170229248,,,8.24214E+17,8.24208E+17
shraddha_bari,contest_alert,Mentions,26/01/2017 08:40,@thexoxoday @Contest_Hub @ContestSource @Contest_Alert @contests2share @ContestsAlert @ContestBuddy @ContestAlert… https://t.co/XH0jLYLuVz,https://twitter.com/i/web/status/824537430929842176,twitter.com,,26/01/2017 08:40,https://twitter.com/#!/shraddha_bari/status/824537430929842176,,,8.24537E+17,8.24217E+17
shraddha_bari,contest_alert,Mentions,26/01/2017 08:50,@thexoxoday @speed9896922747 @raqooq5 @anahitairani1 @contest_freaks @india4contests @About_Contests @Contest_Alert… https://t.co/vc1RHcWJMw,https://twitter.com/i/web/status/824539914226302976,twitter.com,,26/01/2017 08:50,https://twitter.com/#!/shraddha_bari/status/824539914226302976,,,8.2454E+17,8.24231E+17
shraddha_bari,contest_alert,Mentions,26/01/2017 09:03,@thexoxoday @speed9896922747 @raqooq5 @anahitairani1 @contest_freaks @india4contests @About_Contests @Contest_Alert… https://t.co/YUDkFIsyIe,https://twitter.com/i/web/status/824543241034993664,twitter.com,,26/01/2017 09:03,https://twitter.com/#!/shraddha_bari/status/824543241034993664,,,8.24543E+17,8.24231E+17
shraddha_bari,about_contests,Mentions,26/01/2017 08:50,@thexoxoday @speed9896922747 @raqooq5 @anahitairani1 @contest_freaks @india4contests @About_Contests @Contest_Alert… https://t.co/vc1RHcWJMw,https://twitter.com/i/web/status/824539914226302976,twitter.com,,26/01/2017 08:50,https://twitter.com/#!/shraddha_bari/status/824539914226302976,,,8.2454E+17,8.24231E+17
shraddha_bari,about_contests,Mentions,26/01/2017 09:03,@thexoxoday @speed9896922747 @raqooq5 @anahitairani1 @contest_freaks @india4contests @About_Contests @Contest_Alert… https://t.co/YUDkFIsyIe,https://twitter.com/i/web/status/824543241034993664,twitter.com,,26/01/2017 09:03,https://twitter.com/#!/shraddha_bari/status/824543241034993664,,,8.24543E+17,8.24231E+17
shraddha_bari,contest_freaks,Mentions,26/01/2017 08:50,@thexoxoday @speed9896922747 @raqooq5 @anahitairani1 @contest_freaks @india4contests @About_Contests @Contest_Alert… https://t.co/vc1RHcWJMw,https://twitter.com/i/web/status/824539914226302976,twitter.com,,26/01/2017 08:50,https://twitter.com/#!/shraddha_bari/status/824539914226302976,,,8.2454E+17,8.24231E+17
shraddha_bari,contest_freaks,Mentions,26/01/2017 09:03,@thexoxoday @speed9896922747 @raqooq5 @anahitairani1 @contest_freaks @india4contests @About_Contests @Contest_Alert… https://t.co/YUDkFIsyIe,https://twitter.com/i/web/status/824543241034993664,twitter.com,,26/01/2017 09:03,https://twitter.com/#!/shraddha_bari/status/824543241034993664,,,8.24543E+17,8.24231E+17
anahitairani1,thexoxoday,Mentions,25/01/2017 13:06,RT @thexoxoday: A shoutout to everyone who wants to #Participate! Our #contest is now live! Follow us to participate. #RT and tag 5 of your…,,,participate contest rt,25/01/2017 13:06,https://twitter.com/#!/anahitairani1/status/824242090511106049,,,8.24242E+17,
anahitairani1,thexoxoday,Mentions,25/01/2017 16:52,RT @ZeniaIrani: @thexoxoday This is a dream come true! Tagging @beeayeanoowhy @anahitairani1 @tofarzeen @shivzi @darshic,,,,25/01/2017 16:52,https://twitter.com/#!/anahitairani1/status/824298818577563648,,,8.24299E+17,
anahitairani1,vhetal,Mentions,25/01/2017 16:54,"@thexoxoday Ooh wow,  better late than never. Joining in and tagging @tofarzeen @Vincivijayan @NehaSolomon @nidc13 @VHetal 
 #ContestAlert",,,contestalert,25/01/2017 16:54,https://twitter.com/#!/anahitairani1/status/824299439443636226,,,8.24299E+17,8.24217E+17
anahitairani1,thexoxoday,Replies to,25/01/2017 16:54,"@thexoxoday Ooh wow,  better late than never. Joining in and tagging @tofarzeen @Vincivijayan @NehaSolomon @nidc13 @VHetal 
 #ContestAlert",,,contestalert,25/01/2017 16:54,https://twitter.com/#!/anahitairani1/status/824299439443636226,,,8.24299E+17,8.24217E+17
shraddha_bari,anahitairani1,Mentions,26/01/2017 08:50,@thexoxoday @speed9896922747 @raqooq5 @anahitairani1 @contest_freaks @india4contests @About_Contests @Contest_Alert… https://t.co/vc1RHcWJMw,https://twitter.com/i/web/status/824539914226302976,twitter.com,,26/01/2017 08:50,https://twitter.com/#!/shraddha_bari/status/824539914226302976,,,8.2454E+17,8.24231E+17
shraddha_bari,anahitairani1,Mentions,26/01/2017 09:03,@thexoxoday @speed9896922747 @raqooq5 @anahitairani1 @contest_freaks @india4contests @About_Contests @Contest_Alert… https://t.co/YUDkFIsyIe,https://twitter.com/i/web/status/824543241034993664,twitter.com,,26/01/2017 09:03,https://twitter.com/#!/shraddha_bari/status/824543241034993664,,,8.24543E+17,8.24231E+17
shraddha_bari,raqooq5,Mentions,26/01/2017 08:50,@thexoxoday @speed9896922747 @raqooq5 @anahitairani1 @contest_freaks @india4contests @About_Contests @Contest_Alert… https://t.co/vc1RHcWJMw,https://twitter.com/i/web/status/824539914226302976,twitter.com,,26/01/2017 08:50,https://twitter.com/#!/shraddha_bari/status/824539914226302976,,,8.2454E+17,8.24231E+17
shraddha_bari,raqooq5,Mentions,26/01/2017 09:03,@thexoxoday @speed9896922747 @raqooq5 @anahitairani1 @contest_freaks @india4contests @About_Contests @Contest_Alert… https://t.co/YUDkFIsyIe,https://twitter.com/i/web/status/824543241034993664,twitter.com,,26/01/2017 09:03,https://twitter.com/#!/shraddha_bari/status/824543241034993664,,,8.24543E+17,8.24231E+17
shraddha_bari,speed9896922747,Mentions,26/01/2017 08:50,@thexoxoday @speed9896922747 @raqooq5 @anahitairani1 @contest_freaks @india4contests @About_Contests @Contest_Alert… https://t.co/vc1RHcWJMw,https://twitter.com/i/web/status/824539914226302976,twitter.com,,26/01/2017 08:50,https://twitter.com/#!/shraddha_bari/status/824539914226302976,,,8.2454E+17,8.24231E+17
shraddha_bari,speed9896922747,Mentions,26/01/2017 09:03,@thexoxoday @speed9896922747 @raqooq5 @anahitairani1 @contest_freaks @india4contests @About_Contests @Contest_Alert… https://t.co/YUDkFIsyIe,https://twitter.com/i/web/status/824543241034993664,twitter.com,,26/01/2017 09:03,https://twitter.com/#!/shraddha_bari/status/824543241034993664,,,8.24543E+17,8.24231E+17
comentse22j,thexoxoday,Mentions,30/01/2017 05:11,RT @thexoxoday: We are #live with our #contest! Follow to participate. All you have to do is #RT and tag 5 of your friends to win! https://…,,,live contest rt,30/01/2017 05:11,https://twitter.com/#!/comentse22j/status/825934544884867072,,,8.25935E+17,
meersjackstaff,thexoxoday,Mentions,26/01/2017 08:31,RT @thexoxoday: Our contest is #LIVE! Follow us to #participate and #RT and tag 5 of your friends to #win! #ContestAlert #Contest https://t…,,,live participate rt win contestalert contest,26/01/2017 08:31,https://twitter.com/#!/meersjackstaff/status/824535278438256640,,,8.24535E+17,
meersjackstaff,thexoxoday,Mentions,30/01/2017 05:18,RT @thexoxoday: We are #live with our #contest! Follow to participate. All you have to do is #RT and tag 5 of your friends to win! https://…,,,live contest rt,30/01/2017 05:18,https://twitter.com/#!/meersjackstaff/status/825936305590763520,,,8.25936E+17,
cutechowder2,thexoxoday,Mentions,26/01/2017 07:03,RT @thexoxoday: Our contest is #LIVE! Follow us to #participate and #RT and tag 5 of your friends to #win! #ContestAlert #Contest https://t…,,,live participate rt win contestalert contest,26/01/2017 07:03,https://twitter.com/#!/cutechowder2/status/824513138276044800,,,8.24513E+17,
cutechowder2,thexoxoday,Mentions,30/01/2017 05:17,RT @thexoxoday: A shoutout to everyone who wants to #Participate! Our #contest is now live! Follow us to participate. #RT and tag 5 of your…,,,participate contest rt,30/01/2017 05:17,https://twitter.com/#!/cutechowder2/status/825936067480084482,,,8.25936E+17,
cutechowder2,thexoxoday,Mentions,30/01/2017 05:32,RT @thexoxoday: We are #live with our #contest! Follow to participate. All you have to do is #RT and tag 5 of your friends to win! https://…,,,live contest rt,30/01/2017 05:32,https://twitter.com/#!/cutechowder2/status/825939730357436416,,,8.2594E+17,
commed19,thexoxoday,Mentions,25/01/2017 18:27,RT @thexoxoday: Our contest is #LIVE! Follow us to #participate and #RT and tag 5 of your friends to #win! #ContestAlert #Contest https://t…,,,live participate rt win contestalert contest,25/01/2017 18:27,https://twitter.com/#!/commed19/status/824322765054476300,,,8.24323E+17,
commed19,thexoxoday,Mentions,26/01/2017 08:09,RT @thexoxoday: A shoutout to everyone who wants to #Participate! Our #contest is now live! Follow us to participate. #RT and tag 5 of your…,,,participate contest rt,26/01/2017 08:09,https://twitter.com/#!/commed19/status/824529784445210625,,,8.2453E+17,
commed19,thexoxoday,Mentions,30/01/2017 05:37,RT @thexoxoday: We are #live with our #contest! Follow to participate. All you have to do is #RT and tag 5 of your friends to win! https://…,,,live contest rt,30/01/2017 05:37,https://twitter.com/#!/commed19/status/825940969744957444,,,8.25941E+17,
barkersamja,thexoxoday,Mentions,25/01/2017 14:07,RT @thexoxoday: Our contest is #LIVE! Follow us to #participate and #RT and tag 5 of your friends to #win! #ContestAlert #Contest https://t…,,,live participate rt win contestalert contest,25/01/2017 14:07,https://twitter.com/#!/barkersamja/status/824257454829608960,,,8.24257E+17,
barkersamja,thexoxoday,Mentions,30/01/2017 05:40,RT @thexoxoday: We are #live with our #contest! Follow to participate. All you have to do is #RT and tag 5 of your friends to win! https://…,,,live contest rt,30/01/2017 05:40,https://twitter.com/#!/barkersamja/status/825941650233028610,,,8.25942E+17,
ultrasleepy123,thexoxoday,Mentions,26/01/2017 06:30,RT @thexoxoday: Our contest is #LIVE! Follow us to #participate and #RT and tag 5 of your friends to #win! #ContestAlert #Contest https://t…,,,live participate rt win contestalert contest,26/01/2017 06:30,https://twitter.com/#!/ultrasleepy123/status/824504666276986880,,,8.24505E+17,
ultrasleepy123,thexoxoday,Mentions,30/01/2017 05:41,RT @thexoxoday: We are #live with our #contest! Follow to participate. All you have to do is #RT and tag 5 of your friends to win! https://…,,,live contest rt,30/01/2017 05:41,https://twitter.com/#!/ultrasleepy123/status/825941923886202881,,,8.25942E+17,
garrenhibiscus,thexoxoday,Mentions,26/01/2017 06:16,RT @thexoxoday: Our contest is #LIVE! Follow us to #participate and #RT and tag 5 of your friends to #win! #ContestAlert #Contest https://t…,,,live participate rt win contestalert contest,26/01/2017 06:16,https://twitter.com/#!/garrenhibiscus/status/824501192176889856,,,8.24501E+17,
garrenhibiscus,thexoxoday,Mentions,30/01/2017 06:01,RT @thexoxoday: We are #live with our #contest! Follow to participate. All you have to do is #RT and tag 5 of your friends to win! https://…,,,live contest rt,30/01/2017 06:01,https://twitter.com/#!/garrenhibiscus/status/825947052706238464,,,8.25947E+17,
stuffwarrior,thexoxoday,Mentions,25/01/2017 18:26,RT @thexoxoday: Our contest is #LIVE! Follow us to #participate and #RT and tag 5 of your friends to #win! #ContestAlert #Contest https://t…,,,live participate rt win contestalert contest,25/01/2017 18:26,https://twitter.com/#!/stuffwarrior/status/824322657059536896,,,8.24323E+17,
stuffwarrior,thexoxoday,Mentions,26/01/2017 08:34,RT @thexoxoday: A shoutout to everyone who wants to #Participate! Our #contest is now live! Follow us to participate. #RT and tag 5 of your…,,,participate contest rt,26/01/2017 08:34,https://twitter.com/#!/stuffwarrior/status/824536065914576897,,,8.24536E+17,
stuffwarrior,thexoxoday,Mentions,30/01/2017 06:30,RT @thexoxoday: We are #live with our #contest! Follow to participate. All you have to do is #RT and tag 5 of your friends to win! https://…,,,live contest rt,30/01/2017 06:30,https://twitter.com/#!/stuffwarrior/status/825954429702643712,,,8.25954E+17,
david_john21,anusha86,Mentions,25/01/2017 19:34,"@thexoxoday its always fun to ride &amp; dine wid tis crazy women @shraddha_bari .
 join@prernankwd @dilipgupta @chrish @Pri123doll @anusha86",,,,25/01/2017 19:34,https://twitter.com/#!/david_john21/status/824339674198011906,,,8.2434E+17,8.24217E+17
david_john21,pri123doll,Mentions,25/01/2017 19:34,"@thexoxoday its always fun to ride &amp; dine wid tis crazy women @shraddha_bari .
 join@prernankwd @dilipgupta @chrish @Pri123doll @anusha86",,,,25/01/2017 19:34,https://twitter.com/#!/david_john21/status/824339674198011906,,,8.2434E+17,8.24217E+17
shraddha_bari,pri1,Mentions,25/01/2017 19:39,"RT @david_john21: @thexoxoday its always fun to ride &amp; dine wid tis crazy women @shraddha_bari .
 join@prernankwd @dilipgupta @chrish @Pri1…",,,,25/01/2017 19:39,https://twitter.com/#!/shraddha_bari/status/824340846711500801,,,8.24341E+17,
david_john21,pri1,Mentions,25/01/2017 19:34,"RT @david_john21: @thexoxoday its always fun to ride &amp; dine wid tis crazy women @shraddha_bari .
 join@prernankwd @dilipgupta @chrish @Pri1…",,,,25/01/2017 19:34,https://twitter.com/#!/david_john21/status/824339717625778176,,,8.2434E+17,
shraddha_bari,chrish,Mentions,25/01/2017 19:39,"RT @david_john21: @thexoxoday its always fun to ride &amp; dine wid tis crazy women @shraddha_bari .
 join@prernankwd @dilipgupta @chrish @Pri1…",,,,25/01/2017 19:39,https://twitter.com/#!/shraddha_bari/status/824340846711500801,,,8.24341E+17,
david_john21,chrish,Mentions,25/01/2017 19:34,"@thexoxoday its always fun to ride &amp; dine wid tis crazy women @shraddha_bari .
 join@prernankwd @dilipgupta @chrish @Pri123doll @anusha86",,,,25/01/2017 19:34,https://twitter.com/#!/david_john21/status/824339674198011906,,,8.2434E+17,8.24217E+17
david_john21,chrish,Mentions,25/01/2017 19:34,"RT @david_john21: @thexoxoday its always fun to ride &amp; dine wid tis crazy women @shraddha_bari .
 join@prernankwd @dilipgupta @chrish @Pri1…",,,,25/01/2017 19:34,https://twitter.com/#!/david_john21/status/824339717625778176,,,8.2434E+17,
shraddha_bari,dilipgupta,Mentions,25/01/2017 19:39,"RT @david_john21: @thexoxoday its always fun to ride &amp; dine wid tis crazy women @shraddha_bari .
 join@prernankwd @dilipgupta @chrish @Pri1…",,,,25/01/2017 19:39,https://twitter.com/#!/shraddha_bari/status/824340846711500801,,,8.24341E+17,
david_john21,dilipgupta,Mentions,25/01/2017 19:34,"@thexoxoday its always fun to ride &amp; dine wid tis crazy women @shraddha_bari .
 join@prernankwd @dilipgupta @chrish @Pri123doll @anusha86",,,,25/01/2017 19:34,https://twitter.com/#!/david_john21/status/824339674198011906,,,8.2434E+17,8.24217E+17
david_john21,dilipgupta,Mentions,25/01/2017 19:34,"RT @david_john21: @thexoxoday its always fun to ride &amp; dine wid tis crazy women @shraddha_bari .
 join@prernankwd @dilipgupta @chrish @Pri1…",,,,25/01/2017 19:34,https://twitter.com/#!/david_john21/status/824339717625778176,,,8.2434E+17,
shraddha_bari,contestkid,Mentions,29/01/2017 05:28,RT @shraddha_bari: @thexoxoday @Contest_Hub @ContestAdventur @india4contests @contestmantra @dewcool2 @ContestMela @thefreejinn @ContestKiD…,,,,29/01/2017 05:28,https://twitter.com/#!/shraddha_bari/status/825576244116848640,,,8.25576E+17,
shraddha_bari,contestkid,Mentions,29/01/2017 05:28,RT @shraddha_bari: @thexoxoday @Contest_Hub @ContestAdventur @india4contests @contestmantra @dewcool2 @ContestMela @thefreejinn @ContestKiD…,,,,29/01/2017 05:28,https://twitter.com/#!/shraddha_bari/status/825576254346842113,,,8.25576E+17,
shraddha_bari,contestkid,Mentions,29/01/2017 05:28,RT @shraddha_bari: @thexoxoday @Contest_Hub @ContestAdventur @india4contests @contestmantra @dewcool2 @ContestMela @thefreejinn @ContestKiD…,,,,29/01/2017 05:28,https://twitter.com/#!/shraddha_bari/status/825576262638907394,,,8.25576E+17,
shraddha_bari,contestkid,Mentions,29/01/2017 05:28,RT @shraddha_bari: @thexoxoday @Contest_Hub @ContestAdventur @india4contests @contestmantra @dewcool2 @ContestMela @thefreejinn @ContestKiD…,,,,29/01/2017 05:28,https://twitter.com/#!/shraddha_bari/status/825576271258202112,,,8.25576E+17,
shraddha_bari,contestkid,Mentions,29/01/2017 05:28,RT @shraddha_bari: @thexoxoday @Contest_Hub @ContestAdventur @india4contests @contestmantra @dewcool2 @ContestMela @thefreejinn @ContestKiD…,,,,29/01/2017 05:28,https://twitter.com/#!/shraddha_bari/status/825576333824708608,,,8.25576E+17,
david_john21,contestkid,Mentions,27/01/2017 10:20,RT @shraddha_bari: @thexoxoday @Contest_Hub @ContestAdventur @india4contests @contestmantra @dewcool2 @ContestMela @thefreejinn @ContestKiD…,,,,27/01/2017 10:20,https://twitter.com/#!/david_john21/status/824925144162430976,,,8.24925E+17,
david_john21,contestkid,Mentions,27/01/2017 10:20,RT @shraddha_bari: @thexoxoday @Contest_Hub @ContestAdventur @india4contests @contestmantra @dewcool2 @ContestMela @thefreejinn @ContestKiD…,,,,27/01/2017 10:20,https://twitter.com/#!/david_john21/status/824925146360250368,,,8.24925E+17,
david_john21,contestkid,Mentions,27/01/2017 10:20,RT @shraddha_bari: @thexoxoday @Contest_Hub @ContestAdventur @india4contests @contestmantra @dewcool2 @ContestMela @thefreejinn @ContestKiD…,,,,27/01/2017 10:20,https://twitter.com/#!/david_john21/status/824925147572424704,,,8.24925E+17,
thefreejinn,dewcool2,Mentions,25/01/2017 11:51,RT @thexoxoday: Our #Contest is now live! #RT and tag 5 of your friends to #win an Audi R8 ride and dinner at Taj! #ContestAlert @dewcool2…,,,contest rt win contestalert,25/01/2017 11:51,https://twitter.com/#!/thefreejinn/status/824223245306105857,,,8.24223E+17,
thefreejinn,thexoxoday,Mentions,25/01/2017 11:51,RT @thexoxoday: Our #Contest is now live! #RT and tag 5 of your friends to #win an Audi R8 ride and dinner at Taj! #ContestAlert @dewcool2…,,,contest rt win contestalert,25/01/2017 11:51,https://twitter.com/#!/thefreejinn/status/824223245306105857,,,8.24223E+17,
contestadventur,thefreejinn,Mentions,25/01/2017 11:14,Join in @thexoxoday @win_prizes_UK @sarathkevinjoy @CoContest @JohnTerence_A @contests2share @thefreejinn @Contest_Alert @Contest_Hub,,,,25/01/2017 11:14,https://twitter.com/#!/contestadventur/status/824213845170229248,,,8.24214E+17,8.24208E+17
contestadventur,thefreejinn,Mentions,25/01/2017 11:17,Join in @thexoxoday @giveaway_india @ShopIndiaDotCom @IndiaGrunlien @india4contests @ContestHouse @thefreejinn,,,,25/01/2017 11:17,https://twitter.com/#!/contestadventur/status/824214606390304772,,,8.24215E+17,8.24208E+17
shraddha_bari,thefreejinn,Mentions,25/01/2017 19:08,@thexoxoday @ContestAdventur @india4contests @contestmantra @ContestMela @thefreejinn @ContestKiDuniya @Contest_Hub… https://t.co/r5lXENnitE,https://twitter.com/i/web/status/824333241515511808,twitter.com,,25/01/2017 19:08,https://twitter.com/#!/shraddha_bari/status/824333241515511808,,,8.24333E+17,8.24217E+17
shraddha_bari,thefreejinn,Mentions,26/01/2017 08:30,@thexoxoday @ContestAlert @ContestAdventur @india4contests @contestmantra @ContestMela @thefreejinn… https://t.co/x83W0RRiHV,https://twitter.com/i/web/status/824534883347419136,twitter.com,,26/01/2017 08:30,https://twitter.com/#!/shraddha_bari/status/824534883347419136,,,8.24535E+17,8.24256E+17
shraddha_bari,thefreejinn,Mentions,26/01/2017 08:33,@thexoxoday @ContestAlert @ContestAdventur @india4contests @contestmantra @ContestMela @thefreejinn… https://t.co/ePfqsYFTSX,https://twitter.com/i/web/status/824535609645690881,twitter.com,,26/01/2017 08:33,https://twitter.com/#!/shraddha_bari/status/824535609645690881,,,8.24536E+17,8.24256E+17
shraddha_bari,thefreejinn,Mentions,27/01/2017 09:55,@thexoxoday @Contest_Hub @ContestAdventur @india4contests @contestmantra @dewcool2 @ContestMela @thefreejinn… https://t.co/F2v9bJvg6X,https://twitter.com/i/web/status/824918668245078016,twitter.com,,27/01/2017 09:55,https://twitter.com/#!/shraddha_bari/status/824918668245078016,,,8.24919E+17,8.24832E+17
shraddha_bari,thefreejinn,Mentions,27/01/2017 09:56,@thexoxoday @Contest_Hub @ContestAdventur @india4contests @contestmantra @dewcool2 @ContestMela @thefreejinn… https://t.co/iAn4davjao,https://twitter.com/i/web/status/824919050014879744,twitter.com,,27/01/2017 09:56,https://twitter.com/#!/shraddha_bari/status/824919050014879744,,,8.24919E+17,8.24832E+17
shraddha_bari,thefreejinn,Mentions,27/01/2017 10:01,@thexoxoday @Contest_Hub @ContestAdventur @india4contests @contestmantra @dewcool2 @ContestMela @thefreejinn… https://t.co/bbMbi48emo,https://twitter.com/i/web/status/824920208410365952,twitter.com,,27/01/2017 10:01,https://twitter.com/#!/shraddha_bari/status/824920208410365952,,,8.2492E+17,8.24832E+17
shraddha_bari,thefreejinn,Mentions,27/01/2017 10:17,@thexoxoday @Contest_Hub @ContestAdventur @india4contests @contestmantra @dewcool2 @ContestMela @thefreejinn… https://t.co/wYJwew5625,https://twitter.com/i/web/status/824924168588259328,twitter.com,,27/01/2017 10:17,https://twitter.com/#!/shraddha_bari/status/824924168588259328,,,8.24924E+17,8.24832E+17
shraddha_bari,thefreejinn,Mentions,29/01/2017 05:27,@thexoxoday @Contest_Hub @ContestAdventur @india4contests @contestmantra @dewcool2 @ContestMela @thefreejinn… https://t.co/ZPqowbCUZM,https://twitter.com/i/web/status/825576187661578240,twitter.com,,29/01/2017 05:27,https://twitter.com/#!/shraddha_bari/status/825576187661578240,,,8.25576E+17,8.24832E+17
shraddha_bari,thefreejinn,Mentions,29/01/2017 05:28,RT @shraddha_bari: @thexoxoday @Contest_Hub @ContestAdventur @india4contests @contestmantra @dewcool2 @ContestMela @thefreejinn @ContestKiD…,,,,29/01/2017 05:28,https://twitter.com/#!/shraddha_bari/status/825576244116848640,,,8.25576E+17,
shraddha_bari,thefreejinn,Mentions,29/01/2017 05:28,RT @shraddha_bari: @thexoxoday @Contest_Hub @ContestAdventur @india4contests @contestmantra @dewcool2 @ContestMela @thefreejinn @ContestKiD…,,,,29/01/2017 05:28,https://twitter.com/#!/shraddha_bari/status/825576254346842113,,,8.25576E+17,
shraddha_bari,thefreejinn,Mentions,29/01/2017 05:28,RT @shraddha_bari: @thexoxoday @Contest_Hub @ContestAdventur @india4contests @contestmantra @dewcool2 @ContestMela @thefreejinn @ContestKiD…,,,,29/01/2017 05:28,https://twitter.com/#!/shraddha_bari/status/825576262638907394,,,8.25576E+17,
shraddha_bari,thefreejinn,Mentions,29/01/2017 05:28,RT @shraddha_bari: @thexoxoday @Contest_Hub @ContestAdventur @india4contests @contestmantra @dewcool2 @ContestMela @thefreejinn @ContestKiD…,,,,29/01/2017 05:28,https://twitter.com/#!/shraddha_bari/status/825576271258202112,,,8.25576E+17,
shraddha_bari,thefreejinn,Mentions,29/01/2017 05:28,RT @shraddha_bari: @thexoxoday @Contest_Hub @ContestAdventur @india4contests @contestmantra @dewcool2 @ContestMela @thefreejinn @ContestKiD…,,,,29/01/2017 05:28,https://twitter.com/#!/shraddha_bari/status/825576333824708608,,,8.25576E+17,
david_john21,thefreejinn,Mentions,27/01/2017 10:20,RT @shraddha_bari: @thexoxoday @Contest_Hub @ContestAdventur @india4contests @contestmantra @dewcool2 @ContestMela @thefreejinn @ContestKiD…,,,,27/01/2017 10:20,https://twitter.com/#!/david_john21/status/824925144162430976,,,8.24925E+17,
david_john21,thefreejinn,Mentions,27/01/2017 10:20,RT @shraddha_bari: @thexoxoday @Contest_Hub @ContestAdventur @india4contests @contestmantra @dewcool2 @ContestMela @thefreejinn @ContestKiD…,,,,27/01/2017 10:20,https://twitter.com/#!/david_john21/status/824925146360250368,,,8.24925E+17,
david_john21,thefreejinn,Mentions,27/01/2017 10:20,RT @shraddha_bari: @thexoxoday @Contest_Hub @ContestAdventur @india4contests @contestmantra @dewcool2 @ContestMela @thefreejinn @ContestKiD…,,,,27/01/2017 10:20,https://twitter.com/#!/david_john21/status/824925147572424704,,,8.24925E+17,
contestadventur,contestmela,Mentions,25/01/2017 11:12,Join in @thexoxoday @UTContests @Contest_Centre @iheartcontest @ContestBuzz @ContestHouse @contestpal @InnoContest @ContestMela @cwinnerscom,,,,25/01/2017 11:12,https://twitter.com/#!/contestadventur/status/824213427224616960,,,8.24213E+17,8.24208E+17
shraddha_bari,contestmela,Mentions,25/01/2017 19:08,@thexoxoday @ContestAdventur @india4contests @contestmantra @ContestMela @thefreejinn @ContestKiDuniya @Contest_Hub… https://t.co/r5lXENnitE,https://twitter.com/i/web/status/824333241515511808,twitter.com,,25/01/2017 19:08,https://twitter.com/#!/shraddha_bari/status/824333241515511808,,,8.24333E+17,8.24217E+17
shraddha_bari,contestmela,Mentions,26/01/2017 08:30,@thexoxoday @ContestAlert @ContestAdventur @india4contests @contestmantra @ContestMela @thefreejinn… https://t.co/x83W0RRiHV,https://twitter.com/i/web/status/824534883347419136,twitter.com,,26/01/2017 08:30,https://twitter.com/#!/shraddha_bari/status/824534883347419136,,,8.24535E+17,8.24256E+17
shraddha_bari,contestmela,Mentions,26/01/2017 08:33,@thexoxoday @ContestAlert @ContestAdventur @india4contests @contestmantra @ContestMela @thefreejinn… https://t.co/ePfqsYFTSX,https://twitter.com/i/web/status/824535609645690881,twitter.com,,26/01/2017 08:33,https://twitter.com/#!/shraddha_bari/status/824535609645690881,,,8.24536E+17,8.24256E+17
shraddha_bari,contestmela,Mentions,27/01/2017 09:55,@thexoxoday @Contest_Hub @ContestAdventur @india4contests @contestmantra @dewcool2 @ContestMela @thefreejinn… https://t.co/F2v9bJvg6X,https://twitter.com/i/web/status/824918668245078016,twitter.com,,27/01/2017 09:55,https://twitter.com/#!/shraddha_bari/status/824918668245078016,,,8.24919E+17,8.24832E+17
shraddha_bari,contestmela,Mentions,27/01/2017 09:56,@thexoxoday @Contest_Hub @ContestAdventur @india4contests @contestmantra @dewcool2 @ContestMela @thefreejinn… https://t.co/iAn4davjao,https://twitter.com/i/web/status/824919050014879744,twitter.com,,27/01/2017 09:56,https://twitter.com/#!/shraddha_bari/status/824919050014879744,,,8.24919E+17,8.24832E+17
shraddha_bari,contestmela,Mentions,27/01/2017 10:01,@thexoxoday @Contest_Hub @ContestAdventur @india4contests @contestmantra @dewcool2 @ContestMela @thefreejinn… https://t.co/bbMbi48emo,https://twitter.com/i/web/status/824920208410365952,twitter.com,,27/01/2017 10:01,https://twitter.com/#!/shraddha_bari/status/824920208410365952,,,8.2492E+17,8.24832E+17
shraddha_bari,contestmela,Mentions,27/01/2017 10:17,@thexoxoday @Contest_Hub @ContestAdventur @india4contests @contestmantra @dewcool2 @ContestMela @thefreejinn… https://t.co/wYJwew5625,https://twitter.com/i/web/status/824924168588259328,twitter.com,,27/01/2017 10:17,https://twitter.com/#!/shraddha_bari/status/824924168588259328,,,8.24924E+17,8.24832E+17
shraddha_bari,contestmela,Mentions,29/01/2017 05:27,@thexoxoday @Contest_Hub @ContestAdventur @india4contests @contestmantra @dewcool2 @ContestMela @thefreejinn… https://t.co/ZPqowbCUZM,https://twitter.com/i/web/status/825576187661578240,twitter.com,,29/01/2017 05:27,https://twitter.com/#!/shraddha_bari/status/825576187661578240,,,8.25576E+17,8.24832E+17
shraddha_bari,contestmela,Mentions,29/01/2017 05:28,RT @shraddha_bari: @thexoxoday @Contest_Hub @ContestAdventur @india4contests @contestmantra @dewcool2 @ContestMela @thefreejinn @ContestKiD…,,,,29/01/2017 05:28,https://twitter.com/#!/shraddha_bari/status/825576244116848640,,,8.25576E+17,
shraddha_bari,contestmela,Mentions,29/01/2017 05:28,RT @shraddha_bari: @thexoxoday @Contest_Hub @ContestAdventur @india4contests @contestmantra @dewcool2 @ContestMela @thefreejinn @ContestKiD…,,,,29/01/2017 05:28,https://twitter.com/#!/shraddha_bari/status/825576254346842113,,,8.25576E+17,
shraddha_bari,contestmela,Mentions,29/01/2017 05:28,RT @shraddha_bari: @thexoxoday @Contest_Hub @ContestAdventur @india4contests @contestmantra @dewcool2 @ContestMela @thefreejinn @ContestKiD…,,,,29/01/2017 05:28,https://twitter.com/#!/shraddha_bari/status/825576262638907394,,,8.25576E+17,
shraddha_bari,contestmela,Mentions,29/01/2017 05:28,RT @shraddha_bari: @thexoxoday @Contest_Hub @ContestAdventur @india4contests @contestmantra @dewcool2 @ContestMela @thefreejinn @ContestKiD…,,,,29/01/2017 05:28,https://twitter.com/#!/shraddha_bari/status/825576271258202112,,,8.25576E+17,
shraddha_bari,contestmela,Mentions,29/01/2017 05:28,RT @shraddha_bari: @thexoxoday @Contest_Hub @ContestAdventur @india4contests @contestmantra @dewcool2 @ContestMela @thefreejinn @ContestKiD…,,,,29/01/2017 05:28,https://twitter.com/#!/shraddha_bari/status/825576333824708608,,,8.25576E+17,
david_john21,contestmela,Mentions,27/01/2017 10:20,RT @shraddha_bari: @thexoxoday @Contest_Hub @ContestAdventur @india4contests @contestmantra @dewcool2 @ContestMela @thefreejinn @ContestKiD…,,,,27/01/2017 10:20,https://twitter.com/#!/david_john21/status/824925144162430976,,,8.24925E+17,
david_john21,contestmela,Mentions,27/01/2017 10:20,RT @shraddha_bari: @thexoxoday @Contest_Hub @ContestAdventur @india4contests @contestmantra @dewcool2 @ContestMela @thefreejinn @ContestKiD…,,,,27/01/2017 10:20,https://twitter.com/#!/david_john21/status/824925146360250368,,,8.24925E+17,
david_john21,contestmela,Mentions,27/01/2017 10:20,RT @shraddha_bari: @thexoxoday @Contest_Hub @ContestAdventur @india4contests @contestmantra @dewcool2 @ContestMela @thefreejinn @ContestKiD…,,,,27/01/2017 10:20,https://twitter.com/#!/david_john21/status/824925147572424704,,,8.24925E+17,
contestmantra,thexoxoday,Mentions,25/01/2017 11:25,RT:@thexoxoday Our #Contest is #live! #RT and tag 5 of your friends to win this dream ride on an Audi R8 and a Dinner at Taj Mahal… https://,,,contest live rt,25/01/2017 11:25,https://twitter.com/#!/contestmantra/status/824216659585929216,,,8.24217E+17,
contestmantra,thexoxoday,Mentions,25/01/2017 12:20,RT:@thexoxoday A shoutout to everyone who wants to #Participate! Our #contest is now live! Follow us to participate. #RT and tag 5… https://,,,participate contest rt,25/01/2017 12:20,https://twitter.com/#!/contestmantra/status/824230516643598336,,,8.24231E+17,
contestadventur,contestmantra,Mentions,25/01/2017 11:17,Join in @thexoxoday @india4contests @ContestsInIndia @ContestSource @contestmantra @Contest_in @Contest_Hub @ContestsInIndia @ContestJinn,,,,25/01/2017 11:17,https://twitter.com/#!/contestadventur/status/824214491885805570,,,8.24214E+17,8.24208E+17
contestadventur,contestmantra,Mentions,25/01/2017 11:44,"Join in
@thexoxoday
@SamsungMobileIN
@contestmantra
@YatraOfficial
@CrownitApp
@dominos_india
@ArtistAloud
@SonyPicsIndia
@dlf_cyberhub",,,,25/01/2017 11:44,https://twitter.com/#!/contestadventur/status/824221352764678145,,,8.24221E+17,8.24217E+17
shraddha_bari,contestmantra,Mentions,25/01/2017 19:08,@thexoxoday @ContestAdventur @india4contests @contestmantra @ContestMela @thefreejinn @ContestKiDuniya @Contest_Hub… https://t.co/r5lXENnitE,https://twitter.com/i/web/status/824333241515511808,twitter.com,,25/01/2017 19:08,https://twitter.com/#!/shraddha_bari/status/824333241515511808,,,8.24333E+17,8.24217E+17
shraddha_bari,contestmantra,Mentions,26/01/2017 08:30,@thexoxoday @ContestAlert @ContestAdventur @india4contests @contestmantra @ContestMela @thefreejinn… https://t.co/x83W0RRiHV,https://twitter.com/i/web/status/824534883347419136,twitter.com,,26/01/2017 08:30,https://twitter.com/#!/shraddha_bari/status/824534883347419136,,,8.24535E+17,8.24256E+17
shraddha_bari,contestmantra,Mentions,26/01/2017 08:33,@thexoxoday @ContestAlert @ContestAdventur @india4contests @contestmantra @ContestMela @thefreejinn… https://t.co/ePfqsYFTSX,https://twitter.com/i/web/status/824535609645690881,twitter.com,,26/01/2017 08:33,https://twitter.com/#!/shraddha_bari/status/824535609645690881,,,8.24536E+17,8.24256E+17
shraddha_bari,contestmantra,Mentions,27/01/2017 09:55,@thexoxoday @Contest_Hub @ContestAdventur @india4contests @contestmantra @dewcool2 @ContestMela @thefreejinn… https://t.co/F2v9bJvg6X,https://twitter.com/i/web/status/824918668245078016,twitter.com,,27/01/2017 09:55,https://twitter.com/#!/shraddha_bari/status/824918668245078016,,,8.24919E+17,8.24832E+17
shraddha_bari,contestmantra,Mentions,27/01/2017 09:56,@thexoxoday @Contest_Hub @ContestAdventur @india4contests @contestmantra @dewcool2 @ContestMela @thefreejinn… https://t.co/iAn4davjao,https://twitter.com/i/web/status/824919050014879744,twitter.com,,27/01/2017 09:56,https://twitter.com/#!/shraddha_bari/status/824919050014879744,,,8.24919E+17,8.24832E+17
shraddha_bari,contestmantra,Mentions,27/01/2017 10:01,@thexoxoday @Contest_Hub @ContestAdventur @india4contests @contestmantra @dewcool2 @ContestMela @thefreejinn… https://t.co/bbMbi48emo,https://twitter.com/i/web/status/824920208410365952,twitter.com,,27/01/2017 10:01,https://twitter.com/#!/shraddha_bari/status/824920208410365952,,,8.2492E+17,8.24832E+17
shraddha_bari,contestmantra,Mentions,27/01/2017 10:17,@thexoxoday @Contest_Hub @ContestAdventur @india4contests @contestmantra @dewcool2 @ContestMela @thefreejinn… https://t.co/wYJwew5625,https://twitter.com/i/web/status/824924168588259328,twitter.com,,27/01/2017 10:17,https://twitter.com/#!/shraddha_bari/status/824924168588259328,,,8.24924E+17,8.24832E+17
shraddha_bari,contestmantra,Mentions,29/01/2017 05:27,@thexoxoday @Contest_Hub @ContestAdventur @india4contests @contestmantra @dewcool2 @ContestMela @thefreejinn… https://t.co/ZPqowbCUZM,https://twitter.com/i/web/status/825576187661578240,twitter.com,,29/01/2017 05:27,https://twitter.com/#!/shraddha_bari/status/825576187661578240,,,8.25576E+17,8.24832E+17
shraddha_bari,contestmantra,Mentions,29/01/2017 05:28,RT @shraddha_bari: @thexoxoday @Contest_Hub @ContestAdventur @india4contests @contestmantra @dewcool2 @ContestMela @thefreejinn @ContestKiD…,,,,29/01/2017 05:28,https://twitter.com/#!/shraddha_bari/status/825576244116848640,,,8.25576E+17,
shraddha_bari,contestmantra,Mentions,29/01/2017 05:28,RT @shraddha_bari: @thexoxoday @Contest_Hub @ContestAdventur @india4contests @contestmantra @dewcool2 @ContestMela @thefreejinn @ContestKiD…,,,,29/01/2017 05:28,https://twitter.com/#!/shraddha_bari/status/825576254346842113,,,8.25576E+17,
shraddha_bari,contestmantra,Mentions,29/01/2017 05:28,RT @shraddha_bari: @thexoxoday @Contest_Hub @ContestAdventur @india4contests @contestmantra @dewcool2 @ContestMela @thefreejinn @ContestKiD…,,,,29/01/2017 05:28,https://twitter.com/#!/shraddha_bari/status/825576262638907394,,,8.25576E+17,
shraddha_bari,contestmantra,Mentions,29/01/2017 05:28,RT @shraddha_bari: @thexoxoday @Contest_Hub @ContestAdventur @india4contests @contestmantra @dewcool2 @ContestMela @thefreejinn @ContestKiD…,,,,29/01/2017 05:28,https://twitter.com/#!/shraddha_bari/status/825576271258202112,,,8.25576E+17,
shraddha_bari,contestmantra,Mentions,29/01/2017 05:28,RT @shraddha_bari: @thexoxoday @Contest_Hub @ContestAdventur @india4contests @contestmantra @dewcool2 @ContestMela @thefreejinn @ContestKiD…,,,,29/01/2017 05:28,https://twitter.com/#!/shraddha_bari/status/825576333824708608,,,8.25576E+17,
david_john21,contestmantra,Mentions,27/01/2017 10:20,RT @shraddha_bari: @thexoxoday @Contest_Hub @ContestAdventur @india4contests @contestmantra @dewcool2 @ContestMela @thefreejinn @ContestKiD…,,,,27/01/2017 10:20,https://twitter.com/#!/david_john21/status/824925144162430976,,,8.24925E+17,
david_john21,contestmantra,Mentions,27/01/2017 10:20,RT @shraddha_bari: @thexoxoday @Contest_Hub @ContestAdventur @india4contests @contestmantra @dewcool2 @ContestMela @thefreejinn @ContestKiD…,,,,27/01/2017 10:20,https://twitter.com/#!/david_john21/status/824925146360250368,,,8.24925E+17,
david_john21,contestmantra,Mentions,27/01/2017 10:20,RT @shraddha_bari: @thexoxoday @Contest_Hub @ContestAdventur @india4contests @contestmantra @dewcool2 @ContestMela @thefreejinn @ContestKiD…,,,,27/01/2017 10:20,https://twitter.com/#!/david_john21/status/824925147572424704,,,8.24925E+17,
india4contests,thexoxoday,Mentions,25/01/2017 12:39,"#contest #contestalert #contestindia 
@thexoxoday https://t.co/xbYt0rlslI",https://twitter.com/thexoxoday/status/824216655802880000,twitter.com,contest contestalert contestindia,25/01/2017 12:39,https://twitter.com/#!/india4contests/status/824235338105176065,,,8.24235E+17,
contestadventur,india4contests,Mentions,25/01/2017 11:13,"Join in @thexoxoday @Contestmumbai @india4contests
@ContestAlert @BadmashDip @ContestKiDuniya @About_Contest @ContestReminder",,,,25/01/2017 11:13,https://twitter.com/#!/contestadventur/status/824213667902173184,,,8.24214E+17,8.24208E+17
contestadventur,india4contests,Mentions,25/01/2017 11:17,Join in @thexoxoday @india4contests @ContestsInIndia @ContestSource @contestmantra @Contest_in @Contest_Hub @ContestsInIndia @ContestJinn,,,,25/01/2017 11:17,https://twitter.com/#!/contestadventur/status/824214491885805570,,,8.24214E+17,8.24208E+17
contestadventur,india4contests,Mentions,25/01/2017 11:17,Join in @thexoxoday @giveaway_india @ShopIndiaDotCom @IndiaGrunlien @india4contests @ContestHouse @thefreejinn,,,,25/01/2017 11:17,https://twitter.com/#!/contestadventur/status/824214606390304772,,,8.24215E+17,8.24208E+17
contestadventur,india4contests,Mentions,25/01/2017 11:46,"Join in
@thexoxoday
@india4contests
@ContestAlert
@ContestJinn
@piyushpuri12
@Sagar2612
@VHetal
@harveensachdeva
@Vandanadhingra",,,,25/01/2017 11:46,https://twitter.com/#!/contestadventur/status/824222004983119872,,,8.24222E+17,8.24217E+17
shraddha_bari,india4contests,Mentions,25/01/2017 19:08,@thexoxoday @ContestAdventur @india4contests @contestmantra @ContestMela @thefreejinn @ContestKiDuniya @Contest_Hub… https://t.co/r5lXENnitE,https://twitter.com/i/web/status/824333241515511808,twitter.com,,25/01/2017 19:08,https://twitter.com/#!/shraddha_bari/status/824333241515511808,,,8.24333E+17,8.24217E+17
shraddha_bari,india4contests,Mentions,26/01/2017 08:30,@thexoxoday @ContestAlert @ContestAdventur @india4contests @contestmantra @ContestMela @thefreejinn… https://t.co/x83W0RRiHV,https://twitter.com/i/web/status/824534883347419136,twitter.com,,26/01/2017 08:30,https://twitter.com/#!/shraddha_bari/status/824534883347419136,,,8.24535E+17,8.24256E+17
shraddha_bari,india4contests,Mentions,26/01/2017 08:33,@thexoxoday @ContestAlert @ContestAdventur @india4contests @contestmantra @ContestMela @thefreejinn… https://t.co/ePfqsYFTSX,https://twitter.com/i/web/status/824535609645690881,twitter.com,,26/01/2017 08:33,https://twitter.com/#!/shraddha_bari/status/824535609645690881,,,8.24536E+17,8.24256E+17
shraddha_bari,india4contests,Mentions,26/01/2017 08:50,@thexoxoday @speed9896922747 @raqooq5 @anahitairani1 @contest_freaks @india4contests @About_Contests @Contest_Alert… https://t.co/vc1RHcWJMw,https://twitter.com/i/web/status/824539914226302976,twitter.com,,26/01/2017 08:50,https://twitter.com/#!/shraddha_bari/status/824539914226302976,,,8.2454E+17,8.24231E+17
shraddha_bari,india4contests,Mentions,26/01/2017 09:03,@thexoxoday @speed9896922747 @raqooq5 @anahitairani1 @contest_freaks @india4contests @About_Contests @Contest_Alert… https://t.co/YUDkFIsyIe,https://twitter.com/i/web/status/824543241034993664,twitter.com,,26/01/2017 09:03,https://twitter.com/#!/shraddha_bari/status/824543241034993664,,,8.24543E+17,8.24231E+17
shraddha_bari,india4contests,Mentions,27/01/2017 09:55,@thexoxoday @Contest_Hub @ContestAdventur @india4contests @contestmantra @dewcool2 @ContestMela @thefreejinn… https://t.co/F2v9bJvg6X,https://twitter.com/i/web/status/824918668245078016,twitter.com,,27/01/2017 09:55,https://twitter.com/#!/shraddha_bari/status/824918668245078016,,,8.24919E+17,8.24832E+17
shraddha_bari,india4contests,Mentions,27/01/2017 09:56,@thexoxoday @Contest_Hub @ContestAdventur @india4contests @contestmantra @dewcool2 @ContestMela @thefreejinn… https://t.co/iAn4davjao,https://twitter.com/i/web/status/824919050014879744,twitter.com,,27/01/2017 09:56,https://twitter.com/#!/shraddha_bari/status/824919050014879744,,,8.24919E+17,8.24832E+17
shraddha_bari,india4contests,Mentions,27/01/2017 10:01,@thexoxoday @Contest_Hub @ContestAdventur @india4contests @contestmantra @dewcool2 @ContestMela @thefreejinn… https://t.co/bbMbi48emo,https://twitter.com/i/web/status/824920208410365952,twitter.com,,27/01/2017 10:01,https://twitter.com/#!/shraddha_bari/status/824920208410365952,,,8.2492E+17,8.24832E+17
shraddha_bari,india4contests,Mentions,27/01/2017 10:17,@thexoxoday @Contest_Hub @ContestAdventur @india4contests @contestmantra @dewcool2 @ContestMela @thefreejinn… https://t.co/wYJwew5625,https://twitter.com/i/web/status/824924168588259328,twitter.com,,27/01/2017 10:17,https://twitter.com/#!/shraddha_bari/status/824924168588259328,,,8.24924E+17,8.24832E+17
shraddha_bari,india4contests,Mentions,29/01/2017 05:27,@thexoxoday @Contest_Hub @ContestAdventur @india4contests @contestmantra @dewcool2 @ContestMela @thefreejinn… https://t.co/ZPqowbCUZM,https://twitter.com/i/web/status/825576187661578240,twitter.com,,29/01/2017 05:27,https://twitter.com/#!/shraddha_bari/status/825576187661578240,,,8.25576E+17,8.24832E+17
shraddha_bari,india4contests,Mentions,29/01/2017 05:28,RT @shraddha_bari: @thexoxoday @Contest_Hub @ContestAdventur @india4contests @contestmantra @dewcool2 @ContestMela @thefreejinn @ContestKiD…,,,,29/01/2017 05:28,https://twitter.com/#!/shraddha_bari/status/825576244116848640,,,8.25576E+17,
shraddha_bari,india4contests,Mentions,29/01/2017 05:28,RT @shraddha_bari: @thexoxoday @Contest_Hub @ContestAdventur @india4contests @contestmantra @dewcool2 @ContestMela @thefreejinn @ContestKiD…,,,,29/01/2017 05:28,https://twitter.com/#!/shraddha_bari/status/825576254346842113,,,8.25576E+17,
shraddha_bari,india4contests,Mentions,29/01/2017 05:28,RT @shraddha_bari: @thexoxoday @Contest_Hub @ContestAdventur @india4contests @contestmantra @dewcool2 @ContestMela @thefreejinn @ContestKiD…,,,,29/01/2017 05:28,https://twitter.com/#!/shraddha_bari/status/825576262638907394,,,8.25576E+17,
shraddha_bari,india4contests,Mentions,29/01/2017 05:28,RT @shraddha_bari: @thexoxoday @Contest_Hub @ContestAdventur @india4contests @contestmantra @dewcool2 @ContestMela @thefreejinn @ContestKiD…,,,,29/01/2017 05:28,https://twitter.com/#!/shraddha_bari/status/825576271258202112,,,8.25576E+17,
shraddha_bari,india4contests,Mentions,29/01/2017 05:28,RT @shraddha_bari: @thexoxoday @Contest_Hub @ContestAdventur @india4contests @contestmantra @dewcool2 @ContestMela @thefreejinn @ContestKiD…,,,,29/01/2017 05:28,https://twitter.com/#!/shraddha_bari/status/825576333824708608,,,8.25576E+17,
david_john21,india4contests,Mentions,27/01/2017 10:20,RT @shraddha_bari: @thexoxoday @Contest_Hub @ContestAdventur @india4contests @contestmantra @dewcool2 @ContestMela @thefreejinn @ContestKiD…,,,,27/01/2017 10:20,https://twitter.com/#!/david_john21/status/824925144162430976,,,8.24925E+17,
david_john21,india4contests,Mentions,27/01/2017 10:20,RT @shraddha_bari: @thexoxoday @Contest_Hub @ContestAdventur @india4contests @contestmantra @dewcool2 @ContestMela @thefreejinn @ContestKiD…,,,,27/01/2017 10:20,https://twitter.com/#!/david_john21/status/824925146360250368,,,8.24925E+17,
david_john21,india4contests,Mentions,27/01/2017 10:20,RT @shraddha_bari: @thexoxoday @Contest_Hub @ContestAdventur @india4contests @contestmantra @dewcool2 @ContestMela @thefreejinn @ContestKiD…,,,,27/01/2017 10:20,https://twitter.com/#!/david_john21/status/824925147572424704,,,8.24925E+17,
contestadventur,iheartcontest,Mentions,25/01/2017 11:12,Join in @thexoxoday @UTContests @Contest_Centre @iheartcontest @ContestBuzz @ContestHouse @contestpal @InnoContest @ContestMela @cwinnerscom,,,,25/01/2017 11:12,https://twitter.com/#!/contestadventur/status/824213427224616960,,,8.24213E+17,8.24208E+17
contestadventur,thexoxoday,Mentions,25/01/2017 11:12,Join in @thexoxoday @UTContests @Contest_Centre @iheartcontest @ContestBuzz @ContestHouse @contestpal @InnoContest @ContestMela @cwinnerscom,,,,25/01/2017 11:12,https://twitter.com/#!/contestadventur/status/824213427224616960,,,8.24213E+17,8.24208E+17
contestadventur,thexoxoday,Mentions,25/01/2017 11:13,Join in @thexoxoday @GoWinPrizes @NewsContest @FreeContestForU @ContestsVan @ContestBee @StraightContest @contest_world @IndianContests,,,,25/01/2017 11:13,https://twitter.com/#!/contestadventur/status/824213577007403009,,,8.24214E+17,8.24208E+17
contestadventur,thexoxoday,Mentions,25/01/2017 11:13,"Join in @thexoxoday @Contestmumbai @india4contests
@ContestAlert @BadmashDip @ContestKiDuniya @About_Contest @ContestReminder",,,,25/01/2017 11:13,https://twitter.com/#!/contestadventur/status/824213667902173184,,,8.24214E+17,8.24208E+17
contestadventur,contest_hub,Mentions,25/01/2017 11:14,Join in @thexoxoday @win_prizes_UK @sarathkevinjoy @CoContest @JohnTerence_A @contests2share @thefreejinn @Contest_Alert @Contest_Hub,,,,25/01/2017 11:14,https://twitter.com/#!/contestadventur/status/824213845170229248,,,8.24214E+17,8.24208E+17
contestadventur,thexoxoday,Mentions,25/01/2017 11:14,Join in @thexoxoday @win_prizes_UK @sarathkevinjoy @CoContest @JohnTerence_A @contests2share @thefreejinn @Contest_Alert @Contest_Hub,,,,25/01/2017 11:14,https://twitter.com/#!/contestadventur/status/824213845170229248,,,8.24214E+17,8.24208E+17
contestadventur,contest_hub,Mentions,25/01/2017 11:17,Join in @thexoxoday @india4contests @ContestsInIndia @ContestSource @contestmantra @Contest_in @Contest_Hub @ContestsInIndia @ContestJinn,,,,25/01/2017 11:17,https://twitter.com/#!/contestadventur/status/824214491885805570,,,8.24214E+17,8.24208E+17
contestadventur,thexoxoday,Mentions,25/01/2017 11:17,Join in @thexoxoday @india4contests @ContestsInIndia @ContestSource @contestmantra @Contest_in @Contest_Hub @ContestsInIndia @ContestJinn,,,,25/01/2017 11:17,https://twitter.com/#!/contestadventur/status/824214491885805570,,,8.24214E+17,8.24208E+17
contestadventur,thexoxoday,Mentions,25/01/2017 11:17,Join in @thexoxoday @giveaway_india @ShopIndiaDotCom @IndiaGrunlien @india4contests @ContestHouse @thefreejinn,,,,25/01/2017 11:17,https://twitter.com/#!/contestadventur/status/824214606390304772,,,8.24215E+17,8.24208E+17
contestadventur,thexoxoday,Mentions,25/01/2017 11:43,"Join in
@thexoxoday
@Sangakkarasures
@vimalramasamy19
@BuzzingTracks
@cyrilmas8
@mervinkajar
@contest_world
@BajajAllianzLIC
@Vinod_Cookware",,,,25/01/2017 11:43,https://twitter.com/#!/contestadventur/status/824221271181271040,,,8.24221E+17,8.24217E+17
contestadventur,thexoxoday,Mentions,25/01/2017 11:44,"Join in
@thexoxoday
@SamsungMobileIN
@contestmantra
@YatraOfficial
@CrownitApp
@dominos_india
@ArtistAloud
@SonyPicsIndia
@dlf_cyberhub",,,,25/01/2017 11:44,https://twitter.com/#!/contestadventur/status/824221352764678145,,,8.24221E+17,8.24217E+17
contestadventur,thexoxoday,Mentions,25/01/2017 11:44,"Join in
@thexoxoday
@DhabaClaridges
@CDHspeaks
@Tata_Crucible
@PitaPitIndia
@burmaburmaindia
@clubmahindra
@bhaskarajay22
@PRIYANAGPAL5",,,,25/01/2017 11:44,https://twitter.com/#!/contestadventur/status/824221414819385346,,,8.24221E+17,8.24217E+17
contestadventur,thexoxoday,Mentions,25/01/2017 11:44,"Join in
@thexoxoday
@bhindevivek
@conovision
@HarshKu39201703
@piyushyadav6821
@iamharjotsingh
@Nitin25748
@abinp6
@akazukin73",,,,25/01/2017 11:44,https://twitter.com/#!/contestadventur/status/824221487104045056,,,8.24221E+17,8.24217E+17
contestadventur,thexoxoday,Mentions,25/01/2017 11:45,"Join in
@thexoxoday
 @Shrutikoorichh1
@krutinraj007
@CharuuBatraa
@Positive_Nature
@786Cool_Boy
@Dianapenty
@Selenagomez
@solo_sush",,,,25/01/2017 11:45,https://twitter.com/#!/contestadventur/status/824221647515172864,,,8.24222E+17,8.24217E+17
contestadventur,thexoxoday,Mentions,25/01/2017 11:45,"Join in
@thexoxoday
@sm_influencer
@BansalRajesh19
@Rajendra9Prasad
@sidhdharthsoni
@JaaneDeBe
@tania_shakalaka
@digitalera313
@GurkiratSi",,,,25/01/2017 11:45,https://twitter.com/#!/contestadventur/status/824221726141661184,,,8.24222E+17,8.24217E+17
contestadventur,thexoxoday,Mentions,25/01/2017 11:46,"Join in
@thexoxoday
@MishraPintu2
@nain_ranveer
@SizzlingNaveen
@kamalesh_balaji
@parmjotpannu12
@Roseguna1
@Barjinder1991
@JKarfa",,,,25/01/2017 11:46,https://twitter.com/#!/contestadventur/status/824221791774048262,,,8.24222E+17,8.24217E+17
contestadventur,contest_hub,Mentions,25/01/2017 11:46,"Join in
@thexoxoday
@sujaykoner
@imVkohli
@KKRiders
@krmayank13
@IntexBrand
@ContestHouse
@IndianContests
@ContestsInIndia
@Contest_Hub",,,,25/01/2017 11:46,https://twitter.com/#!/contestadventur/status/824221931209510912,,,8.24222E+17,8.24217E+17
contestadventur,thexoxoday,Mentions,25/01/2017 11:46,"Join in
@thexoxoday
@sujaykoner
@imVkohli
@KKRiders
@krmayank13
@IntexBrand
@ContestHouse
@IndianContests
@ContestsInIndia
@Contest_Hub",,,,25/01/2017 11:46,https://twitter.com/#!/contestadventur/status/824221931209510912,,,8.24222E+17,8.24217E+17
contestadventur,vhetal,Mentions,25/01/2017 11:46,"Join in
@thexoxoday
@india4contests
@ContestAlert
@ContestJinn
@piyushpuri12
@Sagar2612
@VHetal
@harveensachdeva
@Vandanadhingra",,,,25/01/2017 11:46,https://twitter.com/#!/contestadventur/status/824222004983119872,,,8.24222E+17,8.24217E+17
contestadventur,thexoxoday,Mentions,25/01/2017 11:46,"Join in
@thexoxoday
@india4contests
@ContestAlert
@ContestJinn
@piyushpuri12
@Sagar2612
@VHetal
@harveensachdeva
@Vandanadhingra",,,,25/01/2017 11:46,https://twitter.com/#!/contestadventur/status/824222004983119872,,,8.24222E+17,8.24217E+17
contestadventur,poojab_14,Mentions,25/01/2017 11:47,"Join in
@thexoxoday
@Divine_Shruti
@SayyedJenifer
@Poojab_14
@Deepaadhan
@udta_sarfaraz
@pretty_priyanka
@sonia_sodah
@SnehalataJ",,,,25/01/2017 11:47,https://twitter.com/#!/contestadventur/status/824222098532864000,,,8.24222E+17,8.24217E+17
contestadventur,sayyedjenifer,Mentions,25/01/2017 11:47,"Join in
@thexoxoday
@Divine_Shruti
@SayyedJenifer
@Poojab_14
@Deepaadhan
@udta_sarfaraz
@pretty_priyanka
@sonia_sodah
@SnehalataJ",,,,25/01/2017 11:47,https://twitter.com/#!/contestadventur/status/824222098532864000,,,8.24222E+17,8.24217E+17
contestadventur,thexoxoday,Mentions,25/01/2017 11:47,"Join in
@thexoxoday
@Divine_Shruti
@SayyedJenifer
@Poojab_14
@Deepaadhan
@udta_sarfaraz
@pretty_priyanka
@sonia_sodah
@SnehalataJ",,,,25/01/2017 11:47,https://twitter.com/#!/contestadventur/status/824222098532864000,,,8.24222E+17,8.24217E+17
contestadventur,thexoxoday,Mentions,25/01/2017 11:47,"Join in
@thexoxoday
@vanduchoudhary
@gurjeet_chhabra
@jaidkaaarti
@manojkumarv0201
@Jatinsuri6
@RajasreeDas94
@ContestBasket
@gmail",,,,25/01/2017 11:47,https://twitter.com/#!/contestadventur/status/824222175829757952,,,8.24222E+17,8.24217E+17
contestadventur,thexoxoday,Mentions,25/01/2017 11:47,"Join in
@thexoxoday
@96f332ecba4a49a
@chotifataakdi
@contests2share
@Siddhant95822
@itsaadee
@taapsee
@RegoHilda
@agsahillove
@deepakl_2000",,,,25/01/2017 11:47,https://twitter.com/#!/contestadventur/status/824222244066861056,,,8.24222E+17,8.24217E+17
contestadventur,hellolalit,Mentions,25/01/2017 11:48,"Join in
@thexoxoday
@ericgale_007
@hellolalit
@RoshniM79
@mer
@heena29784
@Sudipta_Rupu
@iamsouvikpaul
@InMyLifeeeeee
@KRISH619
@GuptaWords",,,,25/01/2017 11:48,https://twitter.com/#!/contestadventur/status/824222356490989569,,,8.24222E+17,8.24217E+17
contestadventur,thexoxoday,Mentions,25/01/2017 11:48,"Join in
@thexoxoday
@ericgale_007
@hellolalit
@RoshniM79
@mer
@heena29784
@Sudipta_Rupu
@iamsouvikpaul
@InMyLifeeeeee
@KRISH619
@GuptaWords",,,,25/01/2017 11:48,https://twitter.com/#!/contestadventur/status/824222356490989569,,,8.24222E+17,8.24217E+17
contestadventur,thexoxoday,Mentions,25/01/2017 11:48,"Join in
@thexoxoday
@naga220
@shah_himanshu
@pShamika3
@SwagataDhara1
@manjirikaklij
@zi
@yashvig009
@rohitchanda7
@Sainathpaikane",,,,25/01/2017 11:48,https://twitter.com/#!/contestadventur/status/824222422983315456,,,8.24222E+17,8.24217E+17
contestadventur,thexoxoday,Mentions,25/01/2017 11:48,"Join in
@thexoxoday
@vishalvasan1997
@There_FunkyOne
@Edu_comp
@ameeta3
@bhansali_jinal
@Pranav_Dangi
@mipaltan
@prakhar_outlook",,,,25/01/2017 11:48,https://twitter.com/#!/contestadventur/status/824222493690896384,,,8.24222E+17,8.24217E+17
contestadventur,stubborn001,Mentions,25/01/2017 11:49,"Join in
@thexoxoday
@YashPandit13
@mitulbhatt97
@yogesh2165
@TusharP75788052
@thisIZsachin
@Stubborn001
@SulovP
@SHAREit
@UCBrowser",,,,25/01/2017 11:49,https://twitter.com/#!/contestadventur/status/824222566747230208,,,8.24223E+17,8.24217E+17
contestadventur,thexoxoday,Mentions,25/01/2017 11:49,"Join in
@thexoxoday
@YashPandit13
@mitulbhatt97
@yogesh2165
@TusharP75788052
@thisIZsachin
@Stubborn001
@SulovP
@SHAREit
@UCBrowser",,,,25/01/2017 11:49,https://twitter.com/#!/contestadventur/status/824222566747230208,,,8.24223E+17,8.24217E+17
contestadventur,thexoxoday,Mentions,25/01/2017 11:49,"Join in
@thexoxoday
@9Apps
@vidmate
@swifty
@APUS
@SouvikR_Says
@IamRiya99
@priyabansal66
@toposant55
@rahulj942
@Ict_fanatic
@narendra_2312",,,,25/01/2017 11:49,https://twitter.com/#!/contestadventur/status/824222652906606592,,,8.24223E+17,8.24217E+17
contestadventur,thexoxoday,Mentions,25/01/2017 11:49,"Join in
@thexoxoday
@Glamelfninja
@itz_naman007
@RCBTweets
@sachin_rt
@deepikapadukone
@BhaveshMakka
@SrBachchan
@MerrieRull",,,,25/01/2017 11:49,https://twitter.com/#!/contestadventur/status/824222745466540033,,,8.24223E+17,8.24217E+17
contestadventur,thexoxoday,Mentions,25/01/2017 11:50,"Join in
@thexoxoday
@hemanty98712015
@godsowntalk
@TECHap2433
@vhatkar_onkar
@BharatMaheshw16
@babar_shruti
@mehtavarun96
@_Sir_Deepak",,,,25/01/2017 11:50,https://twitter.com/#!/contestadventur/status/824222921719562242,,,8.24223E+17,8.24217E+17
contestadventur,thexoxoday,Mentions,25/01/2017 11:50,"Join in
@thexoxoday
@Abhishek_Myth
@PrernaJ54110576
@nirav_maisuriya
@Ashok_979486
@NamrataAga
@sangeetaagrawa2
@Champ786786
@coool_kashish",,,,25/01/2017 11:50,https://twitter.com/#!/contestadventur/status/824223011641249792,,,8.24223E+17,8.24217E+17
contestadventur,thexoxoday,Mentions,25/01/2017 11:51,"Join in
@thexoxoday
@Lakhan_Bokhanee
@amaan_rulezz17
@euphonious_tone
@Kavya0603
@lakshay1692
@NagariaHussain
@SheriyarShaikh
@jigarbjadav",,,,25/01/2017 11:51,https://twitter.com/#!/contestadventur/status/824223074115424256,,,8.24223E+17,8.24217E+17
contestadventur,ramprasad43,Mentions,25/01/2017 11:51,"Join in
@thexoxoday
@ranna009
@rockaman14
@possesiver0103
@RajanAr12658523
@azazu_l
@dhaygude_tushar
@singhbijan
@Ramprasad43
@freeky9219",,,,25/01/2017 11:51,https://twitter.com/#!/contestadventur/status/824223170521509888,,,8.24223E+17,8.24217E+17
contestadventur,thexoxoday,Mentions,25/01/2017 11:51,"Join in
@thexoxoday
@ranna009
@rockaman14
@possesiver0103
@RajanAr12658523
@azazu_l
@dhaygude_tushar
@singhbijan
@Ramprasad43
@freeky9219",,,,25/01/2017 11:51,https://twitter.com/#!/contestadventur/status/824223170521509888,,,8.24223E+17,8.24217E+17
contestadventur,thexoxoday,Mentions,25/01/2017 11:52,"Join in
@thexoxoday
@MehulPatil09
@yugalcool11
@iampshah19
@AkshayKarpe
@waqasshkh
@DrDrupad
@pratiksamant2
@NayanKarpe8
@Ishan172",,,,25/01/2017 11:52,https://twitter.com/#!/contestadventur/status/824223393440333825,,,8.24223E+17,8.24217E+17
contestadventur,babubeg,Mentions,25/01/2017 11:52,"Join in
@thexoxoday
@Acharyaempire
@adeebkh12
@Hetal_17
@pramodvasudevan
@haravind
@nikunjbajoria
@BabuBeg
@Gowthaman_csk
@Padmajaanu",,,,25/01/2017 11:52,https://twitter.com/#!/contestadventur/status/824223468082249729,,,8.24223E+17,8.24217E+17
contestadventur,acharyaempire,Mentions,25/01/2017 11:52,"Join in
@thexoxoday
@Acharyaempire
@adeebkh12
@Hetal_17
@pramodvasudevan
@haravind
@nikunjbajoria
@BabuBeg
@Gowthaman_csk
@Padmajaanu",,,,25/01/2017 11:52,https://twitter.com/#!/contestadventur/status/824223468082249729,,,8.24223E+17,8.24217E+17
contestadventur,thexoxoday,Mentions,25/01/2017 11:52,"Join in
@thexoxoday
@Acharyaempire
@adeebkh12
@Hetal_17
@pramodvasudevan
@haravind
@nikunjbajoria
@BabuBeg
@Gowthaman_csk
@Padmajaanu",,,,25/01/2017 11:52,https://twitter.com/#!/contestadventur/status/824223468082249729,,,8.24223E+17,8.24217E+17
contestadventur,aritri_007,Mentions,25/01/2017 11:52,"Join in
@thexoxoday
@girija_kriz
@Gopal29
@dineshsatra
@ParidhiMota
@jain_anju
@blessedkamal
@varun4yaars
@pavnisharma17
@Aritri_007",,,,25/01/2017 11:52,https://twitter.com/#!/contestadventur/status/824223534842925056,,,8.24224E+17,8.24217E+17
contestadventur,thexoxoday,Mentions,25/01/2017 11:52,"Join in
@thexoxoday
@girija_kriz
@Gopal29
@dineshsatra
@ParidhiMota
@jain_anju
@blessedkamal
@varun4yaars
@pavnisharma17
@Aritri_007",,,,25/01/2017 11:52,https://twitter.com/#!/contestadventur/status/824223534842925056,,,8.24224E+17,8.24217E+17
contestadventur,dewcool2,Mentions,25/01/2017 11:53,"Join in
@thexoxoday
@z
@l
@riyazali4312
@dinesh4pathak
@SkAnkoosh
@sundevesh
@dewcool2
@neeshu_kumar
@gabbar_je
@IFearDear
@manadeem1192",,,,25/01/2017 11:53,https://twitter.com/#!/contestadventur/status/824223611598708736,,,8.24224E+17,8.24217E+17
contestadventur,thexoxoday,Mentions,25/01/2017 11:53,"Join in
@thexoxoday
@z
@l
@riyazali4312
@dinesh4pathak
@SkAnkoosh
@sundevesh
@dewcool2
@neeshu_kumar
@gabbar_je
@IFearDear
@manadeem1192",,,,25/01/2017 11:53,https://twitter.com/#!/contestadventur/status/824223611598708736,,,8.24224E+17,8.24217E+17
contestadventur,pinkydholakia,Mentions,25/01/2017 11:53,"Join in
@thexoxoday
@NanduLoudySingh
@bhawani_jaipur
@AngelPari_1
@ImAlokJalan
@sunitakatyal
@DjShivaManuja
@Bruntha_Ramani
@PinkyDholakia",,,,25/01/2017 11:53,https://twitter.com/#!/contestadventur/status/824223683480690724,,,8.24224E+17,8.24217E+17
contestadventur,thexoxoday,Mentions,25/01/2017 11:53,"Join in
@thexoxoday
@NanduLoudySingh
@bhawani_jaipur
@AngelPari_1
@ImAlokJalan
@sunitakatyal
@DjShivaManuja
@Bruntha_Ramani
@PinkyDholakia",,,,25/01/2017 11:53,https://twitter.com/#!/contestadventur/status/824223683480690724,,,8.24224E+17,8.24217E+17
contestadventur,thexoxoday,Mentions,25/01/2017 11:53,"Join in
@thexoxoday
@Swaty_Here
@shanaticniko
@Sensible_Mona
@raj50boy
@RoohSays
@TarunWadhwani92
@girijakriz
@gpk_m
@SachinTater",,,,25/01/2017 11:53,https://twitter.com/#!/contestadventur/status/824223756381929472,,,8.24224E+17,8.24217E+17
contestadventur,thexoxoday,Mentions,25/01/2017 11:54,"Join in
@thexoxoday
@Tweet_Tweet_Raj
@U_ANOOP1
@thisispriyankaa
@CreativeVamsi
@bhansali_raj
@BadmashDip
@ramyavellanki
@Rohanrm2013",,,,25/01/2017 11:54,https://twitter.com/#!/contestadventur/status/824223885415489539,,,8.24224E+17,8.24217E+17
contestadventur,thexoxoday,Mentions,25/01/2017 11:54,"Join in
@thexoxoday
@rohan_parsekar
@genver1
@gaikwadganesh29
@poonam_216
@Deepans59706214
@iam_MiraDevi
@KrutiBhatt5
@R
@Sheikhudz",,,,25/01/2017 11:54,https://twitter.com/#!/contestadventur/status/824223956492136448,,,8.24224E+17,8.24217E+17
contestadventur,vineetsonkar,Mentions,25/01/2017 11:55,"Join in
@thexoxoday
@75693866e2414e0
@drarvindkumar
@me_purpleLover
@VineetSonkar
@KARRIVINODKUMAR
@KarriLuvi
@NandigamSantosh
@IrinRinki",,,,25/01/2017 11:55,https://twitter.com/#!/contestadventur/status/824224224294281217,,,8.24224E+17,8.24217E+17
contestadventur,thexoxoday,Mentions,25/01/2017 11:55,"Join in
@thexoxoday
@75693866e2414e0
@drarvindkumar
@me_purpleLover
@VineetSonkar
@KARRIVINODKUMAR
@KarriLuvi
@NandigamSantosh
@IrinRinki",,,,25/01/2017 11:55,https://twitter.com/#!/contestadventur/status/824224224294281217,,,8.24224E+17,8.24217E+17
contestadventur,thexoxoday,Mentions,25/01/2017 11:56,"Join in
@thexoxoday
@modipreksha
@love7x24
@iRaja93
@TheJogendra
@santosh1984
@Harsha19591
@dinesh69949249
@iDURGADA5
@sandeep_447",,,,25/01/2017 11:56,https://twitter.com/#!/contestadventur/status/824224419421700096,,,8.24224E+17,8.24217E+17
contestadventur,thexoxoday,Mentions,26/01/2017 10:12,RT @thexoxoday: We are #live with our #contest! Follow to participate. All you have to do is #RT and tag 5 of your friends to win! https://…,,,live contest rt,26/01/2017 10:12,https://twitter.com/#!/contestadventur/status/824560623950270464,,,8.24561E+17,
contestadventur,dewcool2,Mentions,26/01/2017 10:12,RT @thexoxoday: Our #Contest is now live! #RT and tag 5 of your friends to #win an Audi R8 ride and dinner at Taj! #ContestAlert @dewcool2…,,,contest rt win contestalert,26/01/2017 10:12,https://twitter.com/#!/contestadventur/status/824560647375511553,,,8.24561E+17,
contestadventur,thexoxoday,Mentions,26/01/2017 10:12,RT @thexoxoday: Our #Contest is now live! #RT and tag 5 of your friends to #win an Audi R8 ride and dinner at Taj! #ContestAlert @dewcool2…,,,contest rt win contestalert,26/01/2017 10:12,https://twitter.com/#!/contestadventur/status/824560647375511553,,,8.24561E+17,
contestadventur,thexoxoday,Mentions,26/01/2017 10:12,RT @thexoxoday: A shoutout to everyone who wants to #Participate! Our #contest is now live! Follow us to participate. #RT and tag 5 of your…,,,participate contest rt,26/01/2017 10:12,https://twitter.com/#!/contestadventur/status/824560673128484864,,,8.24561E+17,
contestadventur,thexoxoday,Mentions,26/01/2017 10:12,RT @thexoxoday: Keep participating in our #contest to win an Audi Q3 ride and a lavish dinner for two at the Taj Mahal Palace! #ContestAler…,,,contest,26/01/2017 10:12,https://twitter.com/#!/contestadventur/status/824560697258373122,,,8.24561E+17,
contestadventur,thexoxoday,Mentions,26/01/2017 10:12,RT @thexoxoday: Our contest is #LIVE! Follow us to #participate and #RT and tag 5 of your friends to #win! #ContestAlert #Contest https://t…,,,live participate rt win contestalert contest,26/01/2017 10:12,https://twitter.com/#!/contestadventur/status/824560731467046912,,,8.24561E+17,
contestadventur,thexoxoday,Mentions,26/01/2017 10:13,RT @thexoxoday: Our #Contest is #live! #RT and tag 5 of your friends to win this dream ride on an Audi R8 and a Dinner at Taj Mahal Palace!…,,,contest live rt,26/01/2017 10:13,https://twitter.com/#!/contestadventur/status/824560767928197120,,,8.24561E+17,
contestadventur,atulkrin,Mentions,26/01/2017 10:13,"Join in
@thexoxoday
@Shubh__03
@Usha_Srivastava
@Amitjaiswal07
@sethiashish6
@ApprovedAW
@gulshan5505
@eramit_ranjan
@lymrpk
@AtulKrIn",,,,26/01/2017 10:13,https://twitter.com/#!/contestadventur/status/824560945288482816,,,8.24561E+17,8.24217E+17
contestadventur,thexoxoday,Mentions,26/01/2017 10:13,"Join in
@thexoxoday
@Shubh__03
@Usha_Srivastava
@Amitjaiswal07
@sethiashish6
@ApprovedAW
@gulshan5505
@eramit_ranjan
@lymrpk
@AtulKrIn",,,,26/01/2017 10:13,https://twitter.com/#!/contestadventur/status/824560945288482816,,,8.24561E+17,8.24217E+17
contestadventur,thexoxoday,Mentions,26/01/2017 10:13,"Join in
@thexoxoday
@GURVINDER_M
@pritambakshi501
@ksandy99
@kunalju
@HarjeetKaur_
@f3rmion
@Dulal_Upadhay
@SajidSilawat1
@juned_tj",,,,26/01/2017 10:13,https://twitter.com/#!/contestadventur/status/824561004574969856,,,8.24561E+17,8.24217E+17
contestadventur,thexoxoday,Mentions,26/01/2017 10:14,"Join in
@thexoxoday
@yashu1960
@prince4485
@hemarocking
@rockstarbond4
@108pravi
@himanshu_call
@mgossipqueen
@arisha_fatima10",,,,26/01/2017 10:14,https://twitter.com/#!/contestadventur/status/824561063228092419,,,8.24561E+17,8.24217E+17
contestadventur,thexoxoday,Mentions,26/01/2017 10:14,"Join in
@thexoxoday
@SharibHasan
@chaituthegeek
@Subnagrale
@V_Karunakaran
@abeljobel2000
@Mannnnn8
@praveenmathima1
@ashokraj1515
@raul2085",,,,26/01/2017 10:14,https://twitter.com/#!/contestadventur/status/824561144132034560,,,8.24561E+17,8.24217E+17
contestadventur,thexoxoday,Mentions,26/01/2017 10:15,"Join in
@thexoxoday
@jeffrino_jeffy
@travel_mafia
@shubham_0419
@sanoldo
@Jawaharmishra1
@thepepperkid
@ShubhojitBagchi
@shashank62668",,,,26/01/2017 10:15,https://twitter.com/#!/contestadventur/status/824561295789682688,,,8.24561E+17,8.24217E+17
contestadventur,thexoxoday,Mentions,26/01/2017 10:15,"Join in
@thexoxoday
@Amitgar37287496
@guptaankit62
@Contestmumbai
@ContestHandle
@THEGR8HERO
@MeghnaBhatia5
@JungleeBillli
@cutypiya24",,,,26/01/2017 10:15,https://twitter.com/#!/contestadventur/status/824561381034774528,,,8.24561E+17,8.24217E+17
contestadventur,thexoxoday,Mentions,26/01/2017 10:16,"Join in
@thexoxoday
@onlyprathamesh
@rajupetalokesh
@ItsmeAnkit17
@AbhishekIPLFeak
@SaifiFiroz
@akanksha210413
@ayushbagri
@sejalvora90",,,,26/01/2017 10:16,https://twitter.com/#!/contestadventur/status/824561604545044480,,,8.24562E+17,8.24217E+17
contestadventur,thexoxoday,Mentions,26/01/2017 10:16,"Join in
@thexoxoday
@lilmissbossy14_
@DeepalBhatnagar
@Sambhav1137
@khosla_mohit
@keshu3194
@v_k0210
@myslfRaja
@atletidekolkata
@BCCI",,,,26/01/2017 10:16,https://twitter.com/#!/contestadventur/status/824561721058529281,,,8.24562E+17,8.24217E+17
contestadventur,ns_verma,Mentions,26/01/2017 10:17,"Join in
@thexoxoday
@FCBarcelona
@ABdeVilliers17
@sayan989
@satinderjit_k
@IAmSudhir71
@ns_verma
@sagarpardeshi28
@richierai
@isaidevbhatia",,,,26/01/2017 10:17,https://twitter.com/#!/contestadventur/status/824561870778490880,,,8.24562E+17,8.24217E+17
contestadventur,thexoxoday,Mentions,26/01/2017 10:17,"Join in
@thexoxoday
@FCBarcelona
@ABdeVilliers17
@sayan989
@satinderjit_k
@IAmSudhir71
@ns_verma
@sagarpardeshi28
@richierai
@isaidevbhatia",,,,26/01/2017 10:17,https://twitter.com/#!/contestadventur/status/824561870778490880,,,8.24562E+17,8.24217E+17
contestadventur,thexoxoday,Mentions,26/01/2017 10:19,"Join in
@thexoxoday
@evaswani
@Ankit1292
@JalpaKshatriya
@Forever_Virat
@Vinit_Bagdai
@Smartmoni
@cta
@_ayushi_jain
@i5achin
@Vidyaranji",,,,26/01/2017 10:19,https://twitter.com/#!/contestadventur/status/824562418994929665,,,8.24562E+17,8.24217E+17
contestadventur,thexoxoday,Mentions,26/01/2017 10:20,"Join in
@thexoxoday
@mridulpahuja
@chopra_hunny
@aadiivaasii
@kuhely1
@poojari_shruti
@DrShobha
@prachimana
@nitin_cul
@perfectdinesh",,,,26/01/2017 10:20,https://twitter.com/#!/contestadventur/status/824562649232924676,,,8.24563E+17,8.24217E+17
contestadventur,thexoxoday,Mentions,26/01/2017 10:21,"Join in
@thexoxoday
@lokeshlokesh991
@ramireddisuresh
@sudarshan8099
@Always4UPrasant
@janetarora16
@Simantani7
@sampleraja
@a1e5c81d4acf4f1",,,,26/01/2017 10:21,https://twitter.com/#!/contestadventur/status/824562881622470656,,,8.24563E+17,8.24217E+17
contestadventur,thexoxoday,Mentions,26/01/2017 10:22,"Join in
@thexoxoday
@kunvaria
@shreya334
@theKumarAkshay
@ManishSinmanish
@flankericeman
@shetty_kirthan
@Aggarwalsk2002
@falgunitweets",,,,26/01/2017 10:22,https://twitter.com/#!/contestadventur/status/824563132009897985,,,8.24563E+17,8.24217E+17
contestadventur,thexoxoday,Mentions,26/01/2017 10:23,"Join in
@thexoxoday
@MQazi009
@goeldeepak09
@cunning_mulgi
@shashankgadhe51
@09sailesh
@Iamchetanpandit
@todankar_rj
@mohit_mandavkar",,,,26/01/2017 10:23,https://twitter.com/#!/contestadventur/status/824563292517462016,,,8.24563E+17,8.24217E+17
contestadventur,thexoxoday,Mentions,26/01/2017 10:23,"Join in
@thexoxoday
@ApoorvRane
@Starkpedya
@SumukhrJ
@shivampop
@ShrirajSweety
@Audacious_swain
@binny_kukreja
@abdullah_rider",,,,26/01/2017 10:23,https://twitter.com/#!/contestadventur/status/824563453733900288,,,8.24563E+17,8.24217E+17
contestadventur,thexoxoday,Mentions,26/01/2017 10:24,"Join in
@thexoxoday
@Chidiyagiri
@KreativeKartik
@jabeen_77
@honeybhardwaj71
@WWE
@amla_chaturvedi
@rach_shinde
@iamyogeshmathur",,,,26/01/2017 10:24,https://twitter.com/#!/contestadventur/status/824563613918584832,,,8.24564E+17,8.24217E+17
contestadventur,thexoxoday,Mentions,26/01/2017 10:24,"Join in
@thexoxoday
@Nirajng1
@arun_mugesh
@CinemaProbe
@preetisingh21
@CoolAnshika
@varshak_99
@sdsbi
@yogrishiramdev
@nishchaymehta17",,,,26/01/2017 10:24,https://twitter.com/#!/contestadventur/status/824563754297815040,,,8.24564E+17,8.24217E+17
contestadventur,thexoxoday,Mentions,26/01/2017 10:26,"Join in
@thexoxoday
@tinkuu16
@yamansharma22
@sunkis5edlass
@varshaksharma
@Dheerajverma20
@sainisps197350
@preetisingh2121
@vibilan",,,,26/01/2017 10:26,https://twitter.com/#!/contestadventur/status/824564168762159104,,,8.24564E+17,8.24217E+17
contestadventur,thexoxoday,Mentions,26/01/2017 10:27,"Join in
@thexoxoday
@massurendran
@Prity92405173
@romeotush
@curiousromeo
@DabanngBoy
@isapnabhatia
@ramandeepkaur
@akshaykumar",,,,26/01/2017 10:27,https://twitter.com/#!/contestadventur/status/824564343492661248,,,8.24564E+17,8.24217E+17
contestadventur,thexoxoday,Mentions,26/01/2017 10:27,"Join in
@thexoxoday
@blessedsumit
@anupama220880
@sdsibi
@iHrithik
@RahulBorad
@gagandeep91
@ardeurmusic
@gagan_response
@IBM",,,,26/01/2017 10:27,https://twitter.com/#!/contestadventur/status/824564474472390657,,,8.24564E+17,8.24217E+17
contestadventur,varmaila,Mentions,26/01/2017 10:30,"Join in
@thexoxoday
 @elodiamusic
@NitinSocially
@VARMAILA
@VectorXIND
@dantus19
@akashjain3004
@boxofficeindia
@Ghostbusters
@SonyPictures",,,,26/01/2017 10:30,https://twitter.com/#!/contestadventur/status/824565104851103744,,,8.24565E+17,8.24217E+17
contestadventur,thexoxoday,Mentions,26/01/2017 10:30,"Join in
@thexoxoday
 @elodiamusic
@NitinSocially
@VARMAILA
@VectorXIND
@dantus19
@akashjain3004
@boxofficeindia
@Ghostbusters
@SonyPictures",,,,26/01/2017 10:30,https://twitter.com/#!/contestadventur/status/824565104851103744,,,8.24565E+17,8.24217E+17
contestadventur,thexoxoday,Mentions,26/01/2017 10:31,"Join in
@thexoxoday
@yumyumtree
@ICICIBank
@Done_Thing
@Paytm
@AxisBank
@bharatmatrimony
@FreeCharge
@Furtive_Glances
@FoodAbhi
@MittalViyom",,,,26/01/2017 10:31,https://twitter.com/#!/contestadventur/status/824565412289409024,,,8.24565E+17,8.24217E+17
contestadventur,thexoxoday,Mentions,26/01/2017 10:32,"Join in
@thexoxoday
@bhardwajspeaks
@InHopeToGetYou
@bhaveshmb3
@chetanji002
@ImNamanShah
@susmitchakrabo1
@Shraddh9793
@_kkomal_",,,,26/01/2017 10:32,https://twitter.com/#!/contestadventur/status/824565550936305665,,,8.24566E+17,8.24217E+17
contestadventur,thexoxoday,Mentions,26/01/2017 10:32,"Join in
@thexoxoday
@charmishah3993
@Aamchi_Mulgi
@SawantSoham
@jephy_sabore
@Jacobsamurai199
@arnab1478
@god_mantra14
@Rtlikewin
@oyebabby",,,,26/01/2017 10:32,https://twitter.com/#!/contestadventur/status/824565694519873536,,,8.24566E+17,8.24217E+17
contestadventur,thexoxoday,Mentions,26/01/2017 10:34,"Join in
@thexoxoday
@erpratik68
@ragavendhra29
@real_piyush
@iamsrk
@rachit_g2
@lohit_lion
@Mitch_John573
@asma05830717
@himatpatel5",,,,26/01/2017 10:34,https://twitter.com/#!/contestadventur/status/824566150176444416,,,8.24566E+17,8.24217E+17
contestadventur,thexoxoday,Mentions,26/01/2017 10:35,"Join in
@thexoxoday
@_Deshapriya_
@v333444555
@azeem24997106
@KaziMehediHass1
@Ajaysah41
@awsomejack34
@dcquist
@58juliehayward",,,,26/01/2017 10:35,https://twitter.com/#!/contestadventur/status/824566345102610433,,,8.24566E+17,8.24217E+17
contestadventur,thexoxoday,Mentions,26/01/2017 10:36,"Join in
@thexoxoday
@rohanmukherje1
@div_bavishi
@Nirali1217
@vivekvaghela14
@riyushah5
@abhikarmakar_i
@GudeRajkamal
@thesmallapp",,,,26/01/2017 10:36,https://twitter.com/#!/contestadventur/status/824566560350048256,,,8.24567E+17,8.24217E+17
contestadventur,thexoxoday,Mentions,26/01/2017 10:37,"Join in
@thexoxoday
@shaikhsarfara1
@riteshgoel_goel
@krngupte6669
@paramjeetkaur11
@kushal_kkb
@contestfreak9
@mainimanish
@CutyWithBrains",,,,26/01/2017 10:37,https://twitter.com/#!/contestadventur/status/824566878664216576,,,8.24567E+17,8.24217E+17
contestadventur,thexoxoday,Mentions,26/01/2017 10:41,"Join in
@thexoxoday
@aartee0064
@UjwalAdiga
@patel83527
@marius_spinner
@surbhisharma17
@ramankahlon68
@leoloyal30
@drjasminemehta",,,,26/01/2017 10:41,https://twitter.com/#!/contestadventur/status/824568047545389056,,,8.24568E+17,8.24217E+17
contestadventur,krishna1334,Mentions,26/01/2017 10:42,"Join in
@thexoxoday
@impcmaniacruhi
@poison_pankaj
@PristinePrachi
@mrcoolsfan
@krishna1334
@RajshriDesai
@mallangitarun
@MeSoCoool_",,,,26/01/2017 10:42,https://twitter.com/#!/contestadventur/status/824568122241740800,,,8.24568E+17,8.24217E+17
contestadventur,thexoxoday,Mentions,26/01/2017 10:42,"Join in
@thexoxoday
@impcmaniacruhi
@poison_pankaj
@PristinePrachi
@mrcoolsfan
@krishna1334
@RajshriDesai
@mallangitarun
@MeSoCoool_",,,,26/01/2017 10:42,https://twitter.com/#!/contestadventur/status/824568122241740800,,,8.24568E+17,8.24217E+17
contestadventur,thexoxoday,Mentions,26/01/2017 10:42,"Join in
@thexoxoday
@meens_m
@pratheeshu1
@PankajSoin
@apoorvapratap
@nihi_p
@jpneo
@poojaalld
@bhelman9
@satyasroy
@siljapillai
@yayam02",,,,26/01/2017 10:42,https://twitter.com/#!/contestadventur/status/824568224222031872,,,8.24568E+17,8.24217E+17
contestadventur,thexoxoday,Mentions,26/01/2017 10:42,"Join in
@thexoxoday
@arunaverm
@mrbalarawat1
@radha_la
@chiragmafia
@AttitudeTrapped
@nitinsh9637
@Pushpapanwar
@ns46535
@uathiya",,,,26/01/2017 10:42,https://twitter.com/#!/contestadventur/status/824568301913141248,,,8.24568E+17,8.24217E+17
contestadventur,thexoxoday,Mentions,26/01/2017 10:43,"Join in
@thexoxoday
@itsmeRaja18
@IamRayence
@Rajakkr2012
@sambit_93
@mahirohit7
@gulati_prachi
@Rahulrahs
@rkalal12095
@ps6289",,,,26/01/2017 10:43,https://twitter.com/#!/contestadventur/status/824568421094264832,,,8.24568E+17,8.24217E+17
contestadventur,thexoxoday,Mentions,26/01/2017 10:43,"Join in
@thexoxoday
@Ayushi55555
@piyu196
@jyotishsb
@AmitVishnani1
@atishlohar
@MohsinRazaKazm3
@amit_dhika
@SweepstakesDen",,,,26/01/2017 10:43,https://twitter.com/#!/contestadventur/status/824568495635443713,,,8.24568E+17,8.24217E+17
contestadventur,thexoxoday,Mentions,26/01/2017 10:44,"Join in
@thexoxoday
@IamMistahDays
@mannu_blyykmi
@ankibn
@kanchan_dua
@shivaniDhyani
@BandooniPrerna
@harsh9888
@TwitterAdsIN
@ankibn",,,,26/01/2017 10:44,https://twitter.com/#!/contestadventur/status/824568631128322048,,,8.24569E+17,8.24217E+17
contestadventur,thexoxoday,Mentions,26/01/2017 10:44,"Join in
@thexoxoday
@amrish1414
@swapnilpshelar2
@Saralpatil
@SarthakDey4
@PatelSaral007
@Rajpaswan85
@AjayGrover29
@libran12003
@chinnanaik",,,,26/01/2017 10:44,https://twitter.com/#!/contestadventur/status/824568722299817984,,,8.24569E+17,8.24217E+17
contestadventur,thexoxoday,Mentions,26/01/2017 10:44,"Join in
@thexoxoday
@RTadepally
@damosat95
@Suchi_1435
@AficionadoYash
@umeshkumar874
@PseudoSarcastic
@OfficialRicha18
@SheetalKapur1",,,,26/01/2017 10:44,https://twitter.com/#!/contestadventur/status/824568808090193920,,,8.24569E+17,8.24217E+17
contestadventur,hetalrawat,Mentions,26/01/2017 10:45,"Join in
@thexoxoday
@nishajg
@ankitlunia2011
@Parsahiya
@rohitneema3
@tamannagoel
@ashishgoyal82
@hetalrawat
@bjrawat
@parulgrover1983",,,,26/01/2017 10:45,https://twitter.com/#!/contestadventur/status/824568876281131009,,,8.24569E+17,8.24217E+17
contestadventur,thexoxoday,Mentions,26/01/2017 10:45,"Join in
@thexoxoday
@nishajg
@ankitlunia2011
@Parsahiya
@rohitneema3
@tamannagoel
@ashishgoyal82
@hetalrawat
@bjrawat
@parulgrover1983",,,,26/01/2017 10:45,https://twitter.com/#!/contestadventur/status/824568876281131009,,,8.24569E+17,8.24217E+17
contestadventur,thexoxoday,Mentions,26/01/2017 10:45,"Join in
@thexoxoday
@AdeebaShah
@UN
@TheBOSSofStress
@UCHECHU41588240
@Amaka_Ekwo
@humans
@hrw
@Herobright2
@Zendaya
@melika_shafaee",,,,26/01/2017 10:45,https://twitter.com/#!/contestadventur/status/824568997081329668,,,8.24569E+17,8.24217E+17
contestadventur,thexoxoday,Mentions,26/01/2017 10:46,"Join in
@thexoxoday
@unhumanrights
@amnestypress
@EmekaGift
@Johnkamau7
@CassidyRaeWilso
@Shakira
@HmyarMgs
@UNICEF
@julienmh
@HabsburgMena",,,,26/01/2017 10:46,https://twitter.com/#!/contestadventur/status/824569108100378624,,,8.24569E+17,8.24217E+17
contestadventur,thexoxoday,Mentions,26/01/2017 10:46,"Join in
@thexoxoday
@BBC
@AJENews
@Teelin
@marten_anita
@BullrushGeorge
@iamani24
@Kimmaree13
@pguragain
@RHoijtink
@markplimsoll",,,,26/01/2017 10:46,https://twitter.com/#!/contestadventur/status/824569177637687296,,,8.24569E+17,8.24217E+17
contestadventur,thexoxoday,Mentions,26/01/2017 10:46,"Join in
@thexoxoday
@AguilarFlor62
@ArayaAfro
@himanshu_rawal5
@narendramodi
@LOVELETTERS0716
@Pinni_Jagdeesh
@PMOIndia
@UNICEF_Yemen",,,,26/01/2017 10:46,https://twitter.com/#!/contestadventur/status/824569267840442368,,,8.24569E+17,8.24217E+17
contestadventur,thexoxoday,Mentions,26/01/2017 10:47,"Join in
@thexoxoday
@Walid_Alahwazi
@bitterlily22
@StayHealthy_hsb
@ChukwudiPhilip3
@michael_432
@mahdadparvizi
@Immazion2
@annidaulya",,,,26/01/2017 10:47,https://twitter.com/#!/contestadventur/status/824569348488507392,,,8.24569E+17,8.24217E+17
contestadventur,thexoxoday,Mentions,26/01/2017 10:47,"Join in
@thexoxoday
@muhammadiyah
@worldscouting
@RealVIXX
@erickcardenas10
@allaboutiran
@albertbazile
@DeliriousTD
@WhiteHouse
@gattaphoto",,,,26/01/2017 10:47,https://twitter.com/#!/contestadventur/status/824569488783716352,,,8.24569E+17,8.24217E+17
contestadventur,thexoxoday,Mentions,26/01/2017 10:48,"Join in
@thexoxoday
@louansim
@filipeaac
@A_J_Skelton
@Teachsmiling
@ImpactIlesa
@gstaadproject
@x78JvXDDX1w89MQ
@cecile_pilot
@CliMates_",,,,26/01/2017 10:48,https://twitter.com/#!/contestadventur/status/824569658887901184,,,8.2457E+17,8.24217E+17
contestadventur,thexoxoday,Mentions,26/01/2017 10:48,"Join in
@thexoxoday
@CliMates_
@UNESCO
@kln_nurv
@AnonD4ms3l
@imartalamas
@Empower_Women
@HeforShe
@soyHeforShe
@AsocEyC
@muhammadabie",,,,26/01/2017 10:48,https://twitter.com/#!/contestadventur/status/824569742740512770,,,8.2457E+17,8.24217E+17
contestadventur,thexoxoday,Mentions,26/01/2017 10:49,"Join in
@thexoxoday
@monicaskennedy
@AndinyCakes
@UNC_ORG
@rsh17d_r
@MartineGayon
@stephanngangisa
@Yoga_Drops
@ymsuccess
@NYCDubliner32",,,,26/01/2017 10:49,https://twitter.com/#!/contestadventur/status/824569825854775296,,,8.2457E+17,8.24217E+17
contestadventur,thexoxoday,Mentions,26/01/2017 10:49,"Join in
@thexoxoday
@cenda14586739
@KamalSh35003802
@BarryW05
@AMeidayanthiS
@mdebomar
@omarsamra
@elissakh
@LeoDiCaprio
@SamiraSaid
@MTV",,,,26/01/2017 10:49,https://twitter.com/#!/contestadventur/status/824569926723657732,,,8.2457E+17,8.24217E+17
contestadventur,thexoxoday,Mentions,26/01/2017 10:49,"Join in
@thexoxoday
@McConaughey
@HenriOscarComm
@VCmilyte
@SirRianna
@jeenhsiu
@amyferil
@SawyerFrdrx
@alexsolc
@RotaractSai",,,,26/01/2017 10:49,https://twitter.com/#!/contestadventur/status/824570005647880192,,,8.2457E+17,8.24217E+17
contestadventur,thexoxoday,Mentions,26/01/2017 10:50,"Join in
@thexoxoday
@Rotary
@Bonnie00025058
@MoreFCS
@woohoogifting
@sarathkevinjoy
@kirtibasal
@Subrorsm
@JohnTerence_A
@manojkumar2897",,,,26/01/2017 10:50,https://twitter.com/#!/contestadventur/status/824570255632576513,,,8.2457E+17,8.24217E+17
contestadventur,thexoxoday,Mentions,26/01/2017 10:51,"Join in
@thexoxoday
@rvirgo9
@priyanka_optom
@Neha06071985
@akii_naik
@TwinkleMour
@MissFunnynFine
@twinkle5101
@GopiDarak
@speedysingh19",,,,26/01/2017 10:51,https://twitter.com/#!/contestadventur/status/824570345256472578,,,8.2457E+17,8.24217E+17
contestadventur,thexoxoday,Mentions,26/01/2017 10:51,"Join in
@thexoxoday
@coolman1051
@itsDcprakash
@harshvardhan_Z
@Rain_Man25
@Hridan19
@LuvyaJoshi
@contestchacha
@Dreamer_Deepika",,,,26/01/2017 10:51,https://twitter.com/#!/contestadventur/status/824570430056919042,,,8.2457E+17,8.24217E+17
contestadventur,ni3_prajapati,Mentions,26/01/2017 10:51,"Join in
@thexoxoday
@sanjeev2572
@beingSalmanKhan
@irshnu
@prashuvaja
@VaruNeeta
@shikha123poddar
@Ni3_Prajapati
@Akjain33Jain
@GateOfLeo",,,,26/01/2017 10:51,https://twitter.com/#!/contestadventur/status/824570516065312769,,,8.24571E+17,8.24217E+17
contestadventur,thexoxoday,Mentions,26/01/2017 10:51,"Join in
@thexoxoday
@sanjeev2572
@beingSalmanKhan
@irshnu
@prashuvaja
@VaruNeeta
@shikha123poddar
@Ni3_Prajapati
@Akjain33Jain
@GateOfLeo",,,,26/01/2017 10:51,https://twitter.com/#!/contestadventur/status/824570516065312769,,,8.24571E+17,8.24217E+17
contestadventur,thexoxoday,Mentions,26/01/2017 10:52,"Join in
@thexoxoday
@JujuNeves27
@jessyk_shinee
@JaddeCiara
@cecilie_grande
@TomotoFelix
@sola94935725
@karima_khanom
@AzzimStriders",,,,26/01/2017 10:52,https://twitter.com/#!/contestadventur/status/824570664602333184,,,8.24571E+17,8.24217E+17
contestadventur,thexoxoday,Mentions,26/01/2017 10:52,"Join in
@thexoxoday
@alexneic
@tanweer_dar
@lucymadoschi
@Viikarii
@arzubektas92
@Tianshii_Alive
@martinez_kevin
@Euu777
@8
@na_PP_",,,,26/01/2017 10:52,https://twitter.com/#!/contestadventur/status/824570798107095041,,,8.24571E+17,8.24217E+17
contestadventur,thexoxoday,Mentions,26/01/2017 10:53,"Join in
@thexoxoday
@shallowme_
@DfDemonflower
@Neryuni
@FeunardGives
@Slayer_END
@3_arantza
@Emilycabrales17
@nagihaider01
@ash_asrah",,,,26/01/2017 10:53,https://twitter.com/#!/contestadventur/status/824570883289210880,,,8.24571E+17,8.24217E+17
contestadventur,thexoxoday,Mentions,26/01/2017 10:53,"Join in
@thexoxoday
@navilinkle
@NathliaNeves30
@TheMaiden16
@Jacob_H1201
@JSOQnrFHX0KIRe0
@Lizzet_Dragneel
@kaheaa_lani
@SadGirl25698727",,,,26/01/2017 10:53,https://twitter.com/#!/contestadventur/status/824570974095892480,,,8.24571E+17,8.24217E+17
contestadventur,thexoxoday,Mentions,26/01/2017 10:54,"Join in
@thexoxoday
@Mel58Solis
@theanimedork1
@King_West_1
@VincentLaronga
@galdonez21
@devinsaurus007
@music_lover105
@itsjh0nny
@1Doogan1",,,,26/01/2017 10:54,https://twitter.com/#!/contestadventur/status/824571179532853248,,,8.24571E+17,8.24217E+17
contestadventur,thexoxoday,Mentions,26/01/2017 10:54,"Join in
@thexoxoday
@linmichaelj
@Twitter
@SeishinYoake
@pg763567
@JimmyTheWeed
@Emuahunter
@buckstone22
@WWPCast
@monstermelodies",,,,26/01/2017 10:54,https://twitter.com/#!/contestadventur/status/824571277033615360,,,8.24571E+17,8.24217E+17
contestadventur,thexoxoday,Mentions,26/01/2017 10:55,"Join in
@thexoxoday
@danmonaghan
@Irene_Gonzaalez
@realmadrid
@kimmyungtaetae
@yourbakr
@ismailyofficial
@FsoeRecordings
@alyandfila
@Avicii",,,,26/01/2017 10:55,https://twitter.com/#!/contestadventur/status/824571349930696704,,,8.24571E+17,8.24217E+17
contestadventur,thexoxoday,Mentions,26/01/2017 10:55,"Join in
@thexoxoday
@VelaMbambo
@MoonfellWoods
@MaryamAnnuar
@EeKayEss
@keyowo
@wanalee_jw
@kenn_ganda
@NanieMajid
@treliapokoynia",,,,26/01/2017 10:55,https://twitter.com/#!/contestadventur/status/824571409800196096,,,8.24571E+17,8.24217E+17
contestadventur,thexoxoday,Mentions,26/01/2017 10:55,"Join in
@thexoxoday
@jimpaoki4
@officialhhi
@lilfreakmin0923
@HaraGisholt
@rodrigomeninowa
@Badrishasamsdin
@itshnnh_
@shauqisalleh",,,,26/01/2017 10:55,https://twitter.com/#!/contestadventur/status/824571532059959296,,,8.24572E+17,8.24217E+17
contestadventur,thexoxoday,Mentions,26/01/2017 10:56,"Join in
@thexoxoday
@sanju_sikdar
@2OCT2014
@Mdulakshith
@missdwikus
@compassiom
@AdeeMarketing
@szlrmigerialamm
@gialinhung
@EvgeniaYes",,,,26/01/2017 10:56,https://twitter.com/#!/contestadventur/status/824571681708478464,,,8.24572E+17,8.24217E+17
contestadventur,thexoxoday,Mentions,26/01/2017 10:57,"Join in
@thexoxoday
@kadircoskunnn
@ShohaMethila
@kendappa127
@kazakhdragon
@konradhjrn
@aren2832
@imxlarax
@BeaDgv28
@racheleluna1017",,,,26/01/2017 10:57,https://twitter.com/#!/contestadventur/status/824571893785112576,,,8.24572E+17,8.24217E+17
contestadventur,thexoxoday,Mentions,26/01/2017 10:57,"Join in
@thexoxoday
@racheleluna1017
@Mickamousey
@mench0830
@MAHAMOSA
@NstructdTung
@Emmie
@lenovo
@kinghumphry
@mariecoronel
@gavinohara",,,,26/01/2017 10:57,https://twitter.com/#!/contestadventur/status/824572060890329090,,,8.24572E+17,8.24217E+17
contestadventur,thexoxoday,Mentions,26/01/2017 10:58,"Join in
@thexoxoday
@AnkitAnand_12
@solitaire_cat
@ranoejyondaime
@ayyylexa
@christiandrl17
@prakhar2028
@nancorocolo
@towardsutopia",,,,26/01/2017 10:58,https://twitter.com/#!/contestadventur/status/824572215999885312,,,8.24572E+17,8.24217E+17
contestadventur,thexoxoday,Mentions,26/01/2017 10:58,"Join in
@thexoxoday
@GodLovesSchlubs
@ManteoGroup
@Skrjifen
@littlebitsofall
@llaverotec
@HenR_ict
@saliamma91
@satbirswami1
@djforge",,,,26/01/2017 10:58,https://twitter.com/#!/contestadventur/status/824572310828953600,,,8.24572E+17,8.24217E+17
contestadventur,thexoxoday,Mentions,26/01/2017 10:59,"Join in
@thexoxoday
@GoHeels
@guarav_gv
@SarangiSushrut
@debkanchansama1
@alexandruadam41
@pidong1993
@jr
@Vickifand
@SiliconA77ey",,,,26/01/2017 10:59,https://twitter.com/#!/contestadventur/status/824572406953959424,,,8.24572E+17,8.24217E+17
contestadventur,thexoxoday,Mentions,26/01/2017 10:59,"Join in
@thexoxoday
@fragosodaniel99
@funcke_
@vinfamor
@GanesanMukil
@zoho
@shraddh57862218
@ratul_duwarah
@WmS00BOWvGY3eFX
@LzShamrilza",,,,26/01/2017 10:59,https://twitter.com/#!/contestadventur/status/824572556829003778,,,8.24573E+17,8.24217E+17
contestadventur,thexoxoday,Mentions,26/01/2017 11:00,"Join in
@thexoxoday
@ladyogrady
@JamieOGrady
@ameriporean
@saxenak1
@TauraJumi
@dtathu
@MarinaTommo_1D
@ClaudiaLOrtega
@P_Gwendo
@lou4cap",,,,26/01/2017 11:00,https://twitter.com/#!/contestadventur/status/824572688857313280,,,8.24573E+17,8.24217E+17
contestadventur,thexoxoday,Mentions,26/01/2017 11:00,"Join in
@thexoxoday
@chloe_miles8
@vdxsomerhalder
@hemmoticam
@hpswifts
@Manon_pr
@marie9194
@LeslyMeline
@TeamMeline
@orelxxsangster",,,,26/01/2017 11:00,https://twitter.com/#!/contestadventur/status/824572812832567297,,,8.24573E+17,8.24217E+17
contestadventur,thexoxoday,Mentions,26/01/2017 11:01,"Join in
@thexoxoday
@mattvvno
@a0412s
@sangsterthomas
@TheWindmill13
@UsaManon
@Chloclooo06
@OceaneOnimus
@Tatiana__DM
@wnbz8
@lena_dlsd",,,,26/01/2017 11:01,https://twitter.com/#!/contestadventur/status/824572926598868993,,,8.24573E+17,8.24217E+17
contestadventur,thexoxoday,Mentions,26/01/2017 11:01,"Join in
@thexoxoday
@iman_2a
@romanesldd
@svlvatores
@bombvillegas
@thatzdobrev
@EvisGrezda
@Summerjele
@jeremyvlz
@camille_dlnoy",,,,26/01/2017 11:01,https://twitter.com/#!/contestadventur/status/824573036560920577,,,8.24573E+17,8.24217E+17
contestadventur,thexoxoday,Mentions,26/01/2017 11:02,"Join in
@thexoxoday
@AgatheFumey
@_juliiiette
@DoraMac2
@Secret_Vampires
@aurdown
@Faustinegoliard
@lilou_mrchl
@ManonGusse
@lau_strghtta",,,,26/01/2017 11:02,https://twitter.com/#!/contestadventur/status/824573116068163585,,,8.24573E+17,8.24217E+17
contestadventur,thexoxoday,Mentions,26/01/2017 11:02,"Join in
@thexoxoday
@namipopcorn108
@Nharymene
@iamzoyi_ly
@Lauryannenau
@dream_anais
@Amandine1912
@annPtzk
@matteadf
@marie190905",,,,26/01/2017 11:02,https://twitter.com/#!/contestadventur/status/824573302014308352,,,8.24573E+17,8.24217E+17
contestadventur,thexoxoday,Mentions,26/01/2017 11:03,"Join in
@thexoxoday
@shawnmendes
@blackdobreva
@focusontw
@Rob_hug_all
@BluexSatare
@Laury3Laury
@claraesqnet
@iansomerhalder",,,,26/01/2017 11:03,https://twitter.com/#!/contestadventur/status/824573403520593921,,,8.24573E+17,8.24217E+17
contestadventur,thexoxoday,Mentions,26/01/2017 11:03,"Join in
@thexoxoday
@danieljgillies
@natebuzz
@christophrwood
@sdiroberto17
@Gwen1D5SOS
@AlwaysKNA
@Jagadishbliss
@melvinj11500890",,,,26/01/2017 11:03,https://twitter.com/#!/contestadventur/status/824573548513484801,,,8.24574E+17,8.24217E+17
contestadventur,thexoxoday,Mentions,26/01/2017 11:04,"Join in
@thexoxoday
@yoursVasanthVsn
@_joseph_vj
@Arbazz9
@samvjfan
@navinsankar2197
@guhanesan
@vel_thalapathy
@vinoVijay22
@saigayathri18",,,,26/01/2017 11:04,https://twitter.com/#!/contestadventur/status/824573632307351552,,,8.24574E+17,8.24217E+17
contestadventur,thexoxoday,Mentions,26/01/2017 11:04,"Join in
@thexoxoday
@ivdsai
@mohan_jilla
@naan_thaaan
@AkshaiBarath
@basky194
@actorvijay
@rvpvijay
@ambharathro
@LakshmananVj",,,,26/01/2017 11:04,https://twitter.com/#!/contestadventur/status/824573717350998017,,,8.24574E+17,8.24217E+17
contestadventur,thexoxoday,Mentions,26/01/2017 11:04,"Join in
@thexoxoday
@ARFApplications
@jeenasamdarling
@samanthaprabhu2
@PravinVijay0341
@DDayanth
@vjai_sam
@Vineethvck
@Aravindcivil4",,,,26/01/2017 11:04,https://twitter.com/#!/contestadventur/status/824573802222804993,,,8.24574E+17,8.24217E+17
contestadventur,thexoxoday,Mentions,26/01/2017 11:05,"Join in
@thexoxoday
@Aish98_Official
@NifrasHunterr
@SureshS44586518
@AbdulRasikAhamd
@lokinith28
@iamprabhuuu
@Aamaiyanss",,,,26/01/2017 11:05,https://twitter.com/#!/contestadventur/status/824573906920972289,,,8.24574E+17,8.24217E+17
contestadventur,thexoxoday,Mentions,26/01/2017 11:05,"Join in
@thexoxoday
@Selvavj22
@KeerthyOfficial
@msdhoni
@kannankutty7
@DineshK91140370
@itsvickyragav26
@yuven_thran
@udaytejareddyj",,,,26/01/2017 11:05,https://twitter.com/#!/contestadventur/status/824573983672512514,,,8.24574E+17,8.24217E+17
contestadventur,thexoxoday,Mentions,26/01/2017 11:06,"Join in
@thexoxoday
 @Ur
@Ge75818932
@saranra76665062
@ArokiaLPD
@shreejeeth619
@balaa_ks
@iyyappa0376
@shehan_8
 @csk_kumar
@Helene0709",,,,26/01/2017 11:06,https://twitter.com/#!/contestadventur/status/824574329144815617,,,8.24574E+17,8.24217E+17
contestadventur,thexoxoday,Mentions,26/01/2017 11:07,"Join in
@thexoxoday
@Pakistaniguy1
@NikitaKitty    
@Bfen2
@b578d63d8ee1470
@joseph45440268
@GulshaneJohn
@KBarlaas
@pbm_ab
@bol
@SIBREA",,,,26/01/2017 11:07,https://twitter.com/#!/contestadventur/status/824574475203080192,,,8.24574E+17,8.24217E+17
contestadventur,thexoxoday,Mentions,26/01/2017 11:07,"Join in
@thexoxoday
@RebelMouse
@kofimax
@devopeace
@DINMDK
@Hammer5Bobby
@meherbaba9
@d9ed37efa60748f
@Mikebrown1954
@ReginaldOtter",,,,26/01/2017 11:07,https://twitter.com/#!/contestadventur/status/824574586360459265,,,8.24575E+17,8.24217E+17
contestadventur,thexoxoday,Mentions,26/01/2017 11:08,"Join in
@thexoxoday
@Scape111
@OCGJamaica
@ocg
@titan0207
@RachelGwynn
@pumkin_75
@DanieRay1qc
@Ashlixl5
@ihilikepie2274
@aflock75",,,,26/01/2017 11:08,https://twitter.com/#!/contestadventur/status/824574708397993984,,,8.24575E+17,8.24217E+17
contestadventur,thexoxoday,Mentions,26/01/2017 11:08,"Join in
@thexoxoday
@MinahilSarfraz8
@ebenykech
@MarkGKirshner
@HeartsatPlay
@Dajenne
@PT4Breakfast
@JapanMissionUN
@sylviajemutai4",,,,26/01/2017 11:08,https://twitter.com/#!/contestadventur/status/824574840799535105,,,8.24575E+17,8.24217E+17
contestadventur,thexoxoday,Mentions,26/01/2017 11:09,"Join in
@thexoxoday
@DrhunteN
@MoleValleyRtrct
@StrMarc
@SchuillerBlaze
@thepeterlunt
@khany25
@MohantaTw
@RNAO_Wellington
@RainforestCx",,,,26/01/2017 11:09,https://twitter.com/#!/contestadventur/status/824574932038266880,,,8.24575E+17,8.24217E+17
contestadventur,thexoxoday,Mentions,26/01/2017 11:09,"Join in
@thexoxoday
@formaginiherme
@hasanaiesah757
@ValiohLP
@de_madagascar
@hassanhaman
@AfthabFarook
@angelleoray
@laxmirajyam1958",,,,26/01/2017 11:09,https://twitter.com/#!/contestadventur/status/824575045250879488,,,8.24575E+17,8.24217E+17
contestadventur,thexoxoday,Mentions,26/01/2017 11:10,"Join in
@thexoxoday
@Stanleyzweb
@moonchoyce_al
@PNUD_RCA
@munteanudoina7
@SaldanhaVP
@UNAIDS
@oksanalanska
@AmaduzziLouis
@j9000000",,,,26/01/2017 11:10,https://twitter.com/#!/contestadventur/status/824575172866813953,,,8.24575E+17,8.24217E+17
contestadventur,thexoxoday,Mentions,26/01/2017 11:10,"Join in
@thexoxoday
@ivanlee168138
@Sanoop_gmailcom
@L05xuT2JpdfVchY
@ombudsmanPHMadam
@KakauJaloretto
@HKWARU1655
@407_duchess
@Gloriatoks",,,,26/01/2017 11:10,https://twitter.com/#!/contestadventur/status/824575282325499905,,,8.24575E+17,8.24217E+17
contestadventur,thexoxoday,Mentions,26/01/2017 11:11,"Join in
@thexoxoday
@danychizo
@M0uRhd__arpd00L
@gloria_imodia
@itsFNBdotCOM
@ElisheebaI
@attwum
@Femlex
@OsagieSelma
@55isah",,,,26/01/2017 11:11,https://twitter.com/#!/contestadventur/status/824575527310602240,,,8.24576E+17,8.24217E+17
contestadventur,thexoxoday,Mentions,26/01/2017 11:12,"Join in
@thexoxoday
@nosa_iyoha
@AlphaCapitalist
@JRudyford
@Yusful4u
@_teehoo
@sirwalexy
@omotayoakeem
@Yvonne_OG
@joelodili
@ItzPman",,,,26/01/2017 11:12,https://twitter.com/#!/contestadventur/status/824575666754424833,,,8.24576E+17,8.24217E+17
contestadventur,thexoxoday,Mentions,26/01/2017 11:12,"Join in
@thexoxoday
@E_soken
@LekanAJ
@PrinceBanbeo
@maryammenn
@sofia_lawson5
@RichardBervel
@SrMadeleine
@LawrenceS8
@UofGlasgow",,,,26/01/2017 11:12,https://twitter.com/#!/contestadventur/status/824575741375311872,,,8.24576E+17,8.24217E+17
contestadventur,thexoxoday,Mentions,26/01/2017 11:12,"Join in
@thexoxoday
@SNPStudents
@snpyouthwest
@gumarysmeals
@SNPCND
@peeus821
@Bigzy_YD
@Oaiky
@Lovelindablush
@bolaakingbehin
@RedSabin",,,,26/01/2017 11:12,https://twitter.com/#!/contestadventur/status/824575827736043521,,,8.24576E+17,8.24217E+17
contestadventur,thexoxoday,Mentions,26/01/2017 11:13,"Join in
@thexoxoday
@princekelvinta
@roadwish1
@Tobhar4Arsenal
@iGBV
@wafulahp
@nairobits
@MordiOfficial
@burbu_boop
@hidalgo_abel",,,,26/01/2017 11:13,https://twitter.com/#!/contestadventur/status/824575989128704000,,,8.24576E+17,8.24217E+17
contestadventur,thexoxoday,Mentions,26/01/2017 11:13,"Join in
@thexoxoday
@PetaIndia
@ravikant55
@niranimal
@snehasingh31291
@April23sparkles
@RaajVaani
@simplysky626
@kkneisley2001
@vierendra",,,,26/01/2017 11:13,https://twitter.com/#!/contestadventur/status/824576077049704448,,,8.24576E+17,8.24217E+17
contestadventur,thexoxoday,Mentions,26/01/2017 11:14,"Join in
@thexoxoday
@alisha_dicaprio
@ckmahato
@AmbassadorPower
@Panama_UN
@alexmorgan13
@GreatGovTweets
@garutch
@FawazElmasri
@efonz2013",,,,26/01/2017 11:14,https://twitter.com/#!/contestadventur/status/824576220654211072,,,8.24576E+17,8.24217E+17
contestadventur,thexoxoday,Mentions,26/01/2017 11:14,"Join in
@thexoxoday
@christestimony1
@VeritasSermo
@GJulia8
@msn00100msms
@AMMNeazMakdum
@measuredvoice
@abdelmoumineaan
@hadiasheerazi",,,,26/01/2017 11:14,https://twitter.com/#!/contestadventur/status/824576289646407680,,,8.24576E+17,8.24217E+17
contestadventur,thexoxoday,Mentions,26/01/2017 11:15,"Join in
@thexoxoday
@ferfunes
@Sohailmagoon
@juanmayagoitia
@azyeoman
@ShammaJain
@SamanthaGeo13
@Twi_lala
@PeaceTechLab
@peacebeneathher",,,,26/01/2017 11:15,https://twitter.com/#!/contestadventur/status/824576384559222784,,,8.24576E+17,8.24217E+17
contestadventur,thexoxoday,Mentions,26/01/2017 11:15,"Join in
@thexoxoday
@1tmariano2
@AFriendofHuman
@Dr
@mohamedkhadarA
@raosivan1
@almond3131
@AnnaMussman
@pisanoUN
@UNOGLibrary",,,,26/01/2017 11:15,https://twitter.com/#!/contestadventur/status/824576461482766336,,,8.24576E+17,8.24217E+17
contestadventur,thexoxoday,Mentions,26/01/2017 11:15,"Join in
@thexoxoday
@mandokhail777
@Cranstonsoftwar
@samueldpickle
@muralinalla751
@olivierjmaes
@LuxembourgUN
@Johnchenwz
@Gabriel_Araujo2",,,,26/01/2017 11:15,https://twitter.com/#!/contestadventur/status/824576546975281152,,,8.24577E+17,8.24217E+17
contestadventur,thexoxoday,Mentions,26/01/2017 11:15,"Join in
@thexoxoday
@Russo12RUSSO
@komaramusic
@smmmack
@Latvia1945
@denetra79
@newbarbarian
@CrystalUrrutia
@juw16555710
@RonaldGRealtor",,,,26/01/2017 11:15,https://twitter.com/#!/contestadventur/status/824576615480848385,,,8.24577E+17,8.24217E+17
contestadventur,thexoxoday,Mentions,26/01/2017 11:16,"Join in
@thexoxoday
@Jesusdisciple77
@herkcarol
@MMHAQUE2014
@AdeleRaemer
@Quindaro5
@serpentskiss3
@jejameson49
@itispresu_mable
@pleathe",,,,26/01/2017 11:16,https://twitter.com/#!/contestadventur/status/824576717557673984,,,8.24577E+17,8.24217E+17
contestadventur,thexoxoday,Mentions,26/01/2017 11:24,"Join in
@thexoxoday
@Tato1979
@CivicSi1992
@Cosito1Horacio 
@LeahRebeccaUK
@PrestigeDiesels
@11_Porsche
@BCJr
@MarabelliGp",,,,26/01/2017 11:24,https://twitter.com/#!/contestadventur/status/824578795571027968,,,8.24579E+17,8.24217E+17
contestadventur,thexoxoday,Mentions,26/01/2017 11:25,"Join in
@thexoxoday
@lcbernalo
@no1_alex
@carrera4it
@simonshieldcars
@N13lCl
@FAFBullDog
@DP_Grouch
@fokkerdude
@Monica_dep",,,,26/01/2017 11:25,https://twitter.com/#!/contestadventur/status/824578935249711105,,,8.24579E+17,8.24217E+17
contestadventur,thexoxoday,Mentions,26/01/2017 11:25,"Join in
@thexoxoday
@PeterPtur9421
@Autoclassique
@LANBO7777
@matzke40
@carloooove1000
@CarDealerMag
@Cosito1Horacio
@stephen20980378",,,,26/01/2017 11:25,https://twitter.com/#!/contestadventur/status/824579038190579712,,,8.24579E+17,8.24217E+17
contestadventur,thexoxoday,Mentions,26/01/2017 11:25,"Join in
@thexoxoday
@Elhesh
@LienhardRacing
@robertthomas493
@CraftyCreator45
@Fabretto
@michelefse
@EgLhwFvIcDAceFA
@francine54190",,,,26/01/2017 11:25,https://twitter.com/#!/contestadventur/status/824579115969761284,,,8.24579E+17,8.24217E+17
contestadventur,thexoxoday,Mentions,26/01/2017 11:26,"Join in
@thexoxoday
@Davidtaylor0802
@VengefulOne15
@Xbox
@utamaroR
@thewobblythong
@MoGPFan
@isabeltalens
@Storm0_Star
@dimbarlas",,,,26/01/2017 11:26,https://twitter.com/#!/contestadventur/status/824579298283581440,,,8.24579E+17,8.24217E+17
contestadventur,thexoxoday,Mentions,26/01/2017 11:26,"Join in
@thexoxoday
@steedmrspeel
@cubasteve57
@kirryas
@KWigardt
@man14_14
@FernandoImendia
@MamerLeyla
@hanatchinagu
@jbwell77",,,,26/01/2017 11:26,https://twitter.com/#!/contestadventur/status/824579363525922816,,,8.24579E+17,8.24217E+17
contestadventur,thexoxoday,Mentions,26/01/2017 11:27,"Join in
@thexoxoday
@PTeN4G4h6iXVE4S
@MrNaassir
@Warrior_NEPAL
@AlkhayariAmor
@rankonagihinata
@DanutaNowak5
@WMASLAM63323693
@tomkun068",,,,26/01/2017 11:27,https://twitter.com/#!/contestadventur/status/824579442760568832,,,8.24579E+17,8.24217E+17
contestadventur,thexoxoday,Mentions,26/01/2017 11:27,"Join in
@thexoxoday
@taxitehran2008
@ramashankarbk
@Reneta_Isin
@Flair_cihiro
@natsumin_cat
@zaiotan
@noortariq21
@Mohammad_sadiqq",,,,26/01/2017 11:27,https://twitter.com/#!/contestadventur/status/824579503724769282,,,8.2458E+17,8.24217E+17
contestadventur,thexoxoday,Mentions,26/01/2017 11:27,"Join in
@thexoxoday
@Cecifreire2012
@DemriEml
@Audiolion1
@Chtylmz35
@CarSnapped
@Bertieschip
@AntonioPolizzi
@uchuta_m
@MrKevinAbbott",,,,26/01/2017 11:27,https://twitter.com/#!/contestadventur/status/824579593264705536,,,8.2458E+17,8.24217E+17
contestadventur,thexoxoday,Mentions,26/01/2017 11:28,"Join in
@thexoxoday
@VWGTIPassion
@StarsStanced
@TamburelloF1
@ryutakurata
@Christopherkn26
@junjokerando
@joshuabird30
@corozco7872",,,,26/01/2017 11:28,https://twitter.com/#!/contestadventur/status/824579705172955136,,,8.2458E+17,8.24217E+17
contestadventur,thexoxoday,Mentions,26/01/2017 11:28,"Join in
@thexoxoday
@Shegueyyz57
@porsche911money
@BDGAutomotive
@dovez0
@elena_ness
@Gordon_Duguid
@grimaudogiusepp
@S7500P
@yeeea66",,,,26/01/2017 11:28,https://twitter.com/#!/contestadventur/status/824579805626535936,,,8.2458E+17,8.24217E+17
contestadventur,thexoxoday,Mentions,26/01/2017 11:29,"Join in
@thexoxoday
@youssifalshaib2
@SalamoneDawnna
@nunzitiziana
@juk5252
@bobby17978541
@udeziul
@ramonruizd
@Only4Wheels
@Gaurang321",,,,26/01/2017 11:29,https://twitter.com/#!/contestadventur/status/824579898706518016,,,8.2458E+17,8.24217E+17
contestadventur,thexoxoday,Mentions,26/01/2017 11:29,"Join in
@thexoxoday
@rajatrisha1
@bBbBlasei
@ravikmalhotra
@Narendra7171
@AnkurMalviya6
@ManjariRaninga
@Fesek2
@LilyB1829
@HemantzrdSingh",,,,26/01/2017 11:29,https://twitter.com/#!/contestadventur/status/824579986023542785,,,8.2458E+17,8.24217E+17
contestadventur,thexoxoday,Mentions,26/01/2017 11:29,"Join in
@thexoxoday
@anjumahendroo
@Appandaraj_jain
@MotherOfYA
@KanodiaHarshit
@Optimist_Rajeev
@moxie_knoxm
@Lunaberry31
@radianttabby",,,,26/01/2017 11:29,https://twitter.com/#!/contestadventur/status/824580062179577856,,,8.2458E+17,8.24217E+17
contestadventur,thexoxoday,Mentions,26/01/2017 11:30,"Join in
@thexoxoday
@JoJoLongIsland
@911_Veterans
@infanciabcn
@Fira_Barcelona
@porta_roger
@CRPHospitalet
@cavallfort
@mk_inwa
@rierieducks",,,,26/01/2017 11:30,https://twitter.com/#!/contestadventur/status/824580178663788545,,,8.2458E+17,8.24217E+17
contestadventur,thexoxoday,Mentions,26/01/2017 11:30,"Join in
@thexoxoday
@barkslingers
@Iweartheshield
@pharmistchris
@ravenalexs99
@TwocentsTweets
@BruceNarons
@LeenaPilviniemi
@LuuvMooch",,,,26/01/2017 11:30,https://twitter.com/#!/contestadventur/status/824580286818103296,,,8.2458E+17,8.24217E+17
contestadventur,thexoxoday,Mentions,26/01/2017 11:31,"Join in
@thexoxoday
@ralphmillero
@jbecardenas
@westieTX
@Loveofxena
@Annepiir
@Isota
@origamikitti
@emilystudio61
@lert410
@Peacefuldog",,,,26/01/2017 11:31,https://twitter.com/#!/contestadventur/status/824580416950538240,,,8.2458E+17,8.24217E+17
contestadventur,thexoxoday,Mentions,26/01/2017 11:31,"Join in
@thexoxoday
@NatySerres
@GraciHeart
@SIEGMUNDRITA
@chilakilmex
@G_netP
@reshapewithape
@MartaRibera3
@theJGFoundation
@injeanius",,,,26/01/2017 11:31,https://twitter.com/#!/contestadventur/status/824580524198940672,,,8.24581E+17,8.24217E+17
contestadventur,thexoxoday,Mentions,26/01/2017 11:31,"Join in
@thexoxoday
@Lydsterishere
@SallyBa611
@zoryu2
@GACGenMgr
@NancyHorvath67
@jimmykeel61
@rach_animals
@joyofmom
@JenniferannHatc",,,,26/01/2017 11:31,https://twitter.com/#!/contestadventur/status/824580594877112320,,,8.24581E+17,8.24217E+17
contestadventur,thexoxoday,Mentions,26/01/2017 11:32,"Join in
@thexoxoday
@StellaMarisLife
@marys731
@SSSchwartz22
@rotcg33k
@toohey371
@tiffanycorbin
@GoKiteFly
@maryalice121
@Noah_Deeeeee",,,,26/01/2017 11:32,https://twitter.com/#!/contestadventur/status/824580735939981313,,,8.24581E+17,8.24217E+17
contestadventur,thexoxoday,Mentions,26/01/2017 11:32,"Join in
@thexoxoday
@iAMjujuBEAN
@bbunchcentral
@StLKirk
@Kat4Obama
@FirstBookNYC
@MsBlakeEnglish6
@CCPLVA
@SHB6964
@Julia_Frederick",,,,26/01/2017 11:32,https://twitter.com/#!/contestadventur/status/824580892379144192,,,8.24581E+17,8.24217E+17
contestadventur,thexoxoday,Mentions,26/01/2017 11:33,"Join in
@thexoxoday
@molliekatie
@susanne_blumer
@ColoPublicTV
@Dr_LMR
@TPLWychwood
@torontolibrary
@carlemuseum
@FirstBook
@bigpapi40",,,,26/01/2017 11:33,https://twitter.com/#!/contestadventur/status/824581076097998848,,,8.24581E+17,8.24217E+17
contestadventur,thexoxoday,Mentions,26/01/2017 11:34,"Join in
@thexoxoday
@LaDow
@tinypublishing
@charleypierrojr
@RobinCresci
@mamastraty
@GalariousGoods
@Page_Ahead_
@Readby4th
@mliaCCE",,,,26/01/2017 11:34,https://twitter.com/#!/contestadventur/status/824581169920348160,,,8.24581E+17,8.24217E+17
contestadventur,thexoxoday,Mentions,26/01/2017 11:34,"Join in
@thexoxoday
@GarswoodPrimary
@RiversoMaria
@lbikids
@shanzberg
@jekranzberg
@mizzou
@ET_Monster6
@punkin_pie21
@RoseyMizzou",,,,26/01/2017 11:34,https://twitter.com/#!/contestadventur/status/824581251658969088,,,8.24581E+17,8.24217E+17
contestadventur,thexoxoday,Mentions,26/01/2017 11:34,"Join in
@thexoxoday
@FunnyAlonso
@OMGhilariousLOL
@PineappleKC
@ZoieTheUnicorn
@skippingapp
@OMGdailyPIE
@insta_frank
@funny_dailyfun",,,,26/01/2017 11:34,https://twitter.com/#!/contestadventur/status/824581342704701441,,,8.24581E+17,8.24217E+17
contestadventur,thexoxoday,Mentions,26/01/2017 11:35,"Join in
@thexoxoday
@CienRi
@gamergal123
@GiratinaKing
@Pastel_Sadness_
@KerraMJ1213
@MrKr4zzyKat
@Propolayer
@briapliergram
@ahlawat_amit",,,,26/01/2017 11:35,https://twitter.com/#!/contestadventur/status/824581405938241536,,,8.24581E+17,8.24217E+17
contestadventur,thexoxoday,Mentions,26/01/2017 11:35,"Join in
@thexoxoday
@sagarikavghatge
@TrendsBangalore
@devmalya123
@babitbest
@Friendshipday16
@Cashkarocom
@two_gud
@dineout_india",,,,26/01/2017 11:35,https://twitter.com/#!/contestadventur/status/824581478952562688,,,8.24581E+17,8.24217E+17
contestadventur,thexoxoday,Mentions,26/01/2017 11:35,"Join in
@thexoxoday
@Archies_Online
@MySocialTab
@National_Bank
@RitwikaDRitz
@DarshanRavalDZ
@suyyashrai
@sargamjassu
@TVDFRA
@wingsNsky",,,,26/01/2017 11:35,https://twitter.com/#!/contestadventur/status/824581622271877121,,,8.24582E+17,8.24217E+17
contestadventur,thexoxoday,Mentions,26/01/2017 11:36,"Join in
@thexoxoday
@zazzle
@BESIDEUOFFICIAL
@Kaswitweetybird
@tamilsmsblog
@Rumplepimple
@bocker
@ScruffiesCrazy
@Junosplace2013",,,,26/01/2017 11:36,https://twitter.com/#!/contestadventur/status/824581705390383104,,,8.24582E+17,8.24217E+17
contestadventur,thexoxoday,Mentions,26/01/2017 11:36,"Join in
@thexoxoday
@Applepiepets
@BlueberryBearBk
@WireFoxRescueMW
@AllThingsMamma
@PrintvenueIndia
@isatyendras
@Maurithus1
@Kanerudo66",,,,26/01/2017 11:36,https://twitter.com/#!/contestadventur/status/824581813473468418,,,8.24582E+17,8.24217E+17
contestadventur,thexoxoday,Mentions,26/01/2017 11:36,"Join in
@thexoxoday
@tolresorts
@SingaporeUN
@healthnfit4eva
@heartstringsfo1
@blushingnoir
@RicolaUSA
@SSCiderCon
@BeHaveChange",,,,26/01/2017 11:36,https://twitter.com/#!/contestadventur/status/824581886492106754,,,8.24582E+17,8.24217E+17
contestadventur,thexoxoday,Mentions,26/01/2017 11:37,"Join in
@thexoxoday
@MollyAllSet
@allsetDTSS
@ranvijay2
@bookaflower
@ammemyselfandi
@sandeepsuresh28
@GoEventz
@Bahh_Correia
@TheBouqsCo",,,,26/01/2017 11:37,https://twitter.com/#!/contestadventur/status/824582011742351361,,,8.24582E+17,8.24217E+17
contestadventur,thexoxoday,Mentions,26/01/2017 11:37,"Join in
@thexoxoday
@marcelitacartes
@dfstanakatic
@StanaticsBR
@micacomitante
@MEO_BR
@ccultureint
@JWMarriottRio
@AllianceManaus",,,,26/01/2017 11:37,https://twitter.com/#!/contestadventur/status/824582091362820096,,,8.24582E+17,8.24217E+17
contestadventur,thexoxoday,Mentions,26/01/2017 11:38,"Join in
@thexoxoday
@TaniaSantos_3
@FacetoFaceMiami
@tiiiiiiiiiiiz
@Smartidiom
@ieEntertainment
@SKsSaltanat
@kanharini
@Nandagopal1212",,,,26/01/2017 11:38,https://twitter.com/#!/contestadventur/status/824582154197700608,,,8.24582E+17,8.24217E+17
contestadventur,thexoxoday,Mentions,26/01/2017 11:38,"Join in
@thexoxoday
@Vipul_tweets_
@bansode_sunny
@Chandmouliman
@RajiniFC
@ProudSalmaniacs
@SonamTillani
@RAJINITHEBOSS
@MindSamar
@geejeyz",,,,26/01/2017 11:38,https://twitter.com/#!/contestadventur/status/824582262066864130,,,8.24582E+17,8.24217E+17
contestadventur,thexoxoday,Mentions,26/01/2017 11:39,"Join in
@thexoxoday
@robangill2
@beiing_tiger_
@balabarve
@ThalaSathiz
@MMuthuk8
@ramesun
@arunnath_Tamil
@Cinenewsworld
@AvengersPage",,,,26/01/2017 11:39,https://twitter.com/#!/contestadventur/status/824582565826748420,,,8.24583E+17,8.24217E+17
contestadventur,thexoxoday,Mentions,26/01/2017 11:40,"Join in
@thexoxoday
@SalmanKhanHolic
@stskumara28
@DistopianM
@singhmighty
@adhu_idu111
@19babu83
@karan868208
@RAJUSTAR
@AjayAravind18",,,,26/01/2017 11:40,https://twitter.com/#!/contestadventur/status/824582739575713792,,,8.24583E+17,8.24217E+17
contestadventur,thexoxoday,Mentions,26/01/2017 11:40,"Join in
@thexoxoday
@superstarrajini
@Robo1235
@Five5starA
@lokesh1092
@lovelynarayanan
@suresh_rajinifn
@muthu768
@diraviyamliqvid",,,,26/01/2017 11:40,https://twitter.com/#!/contestadventur/status/824582868525461504,,,8.24583E+17,8.24217E+17
contestadventur,thexoxoday,Mentions,26/01/2017 11:41,"Join in
@thexoxoday
@KasaaGajen03
@EshuElango
@UcfcSaravanan
@Kozhiyaar
@nkrish4316
@ferrykhan143
@akrammohsin2
@EternalSalman_
@altaf_raaz",,,,26/01/2017 11:41,https://twitter.com/#!/contestadventur/status/824583043843125248,,,8.24583E+17,8.24217E+17
contestadventur,thexoxoday,Mentions,26/01/2017 11:41,"Join in
@thexoxoday
@SupremeSalman
@Romeo4uU
@beingpawan23
@iamsrrj
@baskar2134
@shahnaw71071210
@84d4fcc6fd2c4fd
@Being_Shuvo",,,,26/01/2017 11:41,https://twitter.com/#!/contestadventur/status/824583119994920960,,,8.24583E+17,8.24217E+17
contestadventur,thexoxoday,Mentions,26/01/2017 11:42,"Join in
@thexoxoday
@RNATARAJAN71
@faijjuu
@Lmkmoviemaniac
@LegendsOffl
@SALMAN
@LoveEach
@rhemanand
@hari_vel
@mdjaseer",,,,26/01/2017 11:42,https://twitter.com/#!/contestadventur/status/824583173644316672,,,8.24583E+17,8.24217E+17
contestadventur,thexoxoday,Mentions,26/01/2017 11:42,"Join in
@thexoxoday
@geraldjonathan6
@iSabingmr
@RahulSi59320142
@thivan1987
@BeingLegend_97
@HashmiRizwan
@iamthilshath
@MohsinSRKFan",,,,26/01/2017 11:42,https://twitter.com/#!/contestadventur/status/824583230305161216,,,8.24583E+17,8.24217E+17
contestadventur,thexoxoday,Mentions,26/01/2017 11:42,"Join in
@thexoxoday
@Kolly_Spy
@mariyan_arun
@KiTajwer
@lusupaiyan7777
@azhar123ali
@pandaramvijayn1
@vk030190
@c_v_srt
@vigneshtp",,,,26/01/2017 11:42,https://twitter.com/#!/contestadventur/status/824583321443119104,,,8.24583E+17,8.24217E+17
contestadventur,thexoxoday,Mentions,26/01/2017 11:43,"Join in
@thexoxoday
@Rajesh_cas
@pravinyogesh93
@SaSha_Uno
@AlterEgoVividua
@rajini_f_c
@MSaran25
@mhushain
@sukanyaarun
@Khadija_Aftab12",,,,26/01/2017 11:43,https://twitter.com/#!/contestadventur/status/824583428951543809,,,8.24583E+17,8.24217E+17
contestadventur,thexoxoday,Mentions,26/01/2017 11:43,"Join in
@thexoxoday
@SSALMANSANDHU
@BhaskarCVF
@gowrko23
@sabarish13b
@Manjeshkumar_93
@being_sahin
@pride_salman
@Being_pratiks",,,,26/01/2017 11:43,https://twitter.com/#!/contestadventur/status/824583489131409408,,,8.24583E+17,8.24217E+17
contestadventur,thexoxoday,Mentions,26/01/2017 11:43,"Join in
@thexoxoday
@_iWaLk_Alone
@Bohungama
@arvind_vish
@RajDraj2000
@bedothesmart1
@naveenrajini
@mustafasya8992
@changesociety20",,,,26/01/2017 11:43,https://twitter.com/#!/contestadventur/status/824583597193515008,,,8.24584E+17,8.24217E+17
contestadventur,thexoxoday,Mentions,26/01/2017 11:43,"Join in
@thexoxoday
@wasidkh
@beingmonir
@SanaAfsal
@Dil_Me_Salman
@Being_Ganesh27
@Har_kor
@mohmand_seema
@yusufsmart11152
@Afcdm
@nssakia",,,,26/01/2017 11:43,https://twitter.com/#!/contestadventur/status/824583658484834304,,,8.24584E+17,8.24217E+17
contestadventur,thexoxoday,Mentions,26/01/2017 11:44,"Join in
@thexoxoday
@RajinismForever
@Sanak1933
@Suresh_blue16
@julienyc12
@RahmaniAaquib
@awsmevicki1
@BeingAman93
@Neyandar
@arif_007a",,,,26/01/2017 11:44,https://twitter.com/#!/contestadventur/status/824583742047916034,,,8.24584E+17,8.24217E+17
contestadventur,thexoxoday,Mentions,26/01/2017 11:44,"Join in
@thexoxoday
@Maheshianx
@PRINCE_RAMESH1
@UpendraDHFM
@SSubbramanis
@Javed00199
@Abhishekgurjar3
@DaringBazzz
@kavina21",,,,26/01/2017 11:44,https://twitter.com/#!/contestadventur/status/824583900278169600,,,8.24584E+17,8.24217E+17
contestadventur,thexoxoday,Mentions,26/01/2017 11:45,"Join in
@thexoxoday
@Amarprakash2
@beingsandilya
@BeplobAhmed
@tuladhar10
@adhithyagokul
@Bala200722
@parani2002
@Teja85874816",,,,26/01/2017 11:45,https://twitter.com/#!/contestadventur/status/824584007056646144,,,8.24584E+17,8.24217E+17
contestadventur,thexoxoday,Mentions,26/01/2017 11:45,"Join in
@thexoxoday
@SultanKiAngel
@SGowrisankar3
@MMaranmani10
@vIjaymannai
@praveenrorj
@Revanthpspk
@Ganejanu
@naingtunlin188
@mdriyaz297",,,,26/01/2017 11:45,https://twitter.com/#!/contestadventur/status/824584086731706370,,,8.24584E+17,8.24217E+17
contestadventur,thexoxoday,Mentions,26/01/2017 11:48,"Join in
@thexoxoday
@sandy_094
@MemePhobhia
@KaruppiahRaja
@udhaykumar_G
@Saranya_Vasagan
@jathu89
@Rajni_FC
@vimal_vimal23
@YogeshKwaran",,,,26/01/2017 11:48,https://twitter.com/#!/contestadventur/status/824584898325291009,,,8.24585E+17,8.24217E+17
contestadventur,thexoxoday,Mentions,26/01/2017 11:49,"Join in
@thexoxoday
@bestINtheWORLD
@AnsariSanaf
@SabinaLamba
@suhanspeaks
@BeingSalmanClub
@salmankhan_club
@BSKFanClub
@SureshVijay357",,,,26/01/2017 11:49,https://twitter.com/#!/contestadventur/status/824585005196120064,,,8.24585E+17,8.24217E+17
contestadventur,thexoxoday,Mentions,26/01/2017 11:51,"Join in
@thexoxoday
@Mahender991
@andhrarajnifans
@MKNArunGanesh
@sstmanohar
@kashyap335
@arunashwin1718
@Iife06576Riaz
@Rajinifanstrend",,,,26/01/2017 11:51,https://twitter.com/#!/contestadventur/status/824585505488596993,,,8.24586E+17,8.24217E+17
contestadventur,thexoxoday,Mentions,26/01/2017 11:51,"Join in
@thexoxoday
@veeraraghv
@88Mhatre
@being_afroze
@sweeetstarr1
@suhyemaaqib
@nesanth2
@sidhuwrites
@ShashwatTheOne
@Sai_Mudhale",,,,26/01/2017 11:51,https://twitter.com/#!/contestadventur/status/824585593665445889,,,8.24586E+17,8.24217E+17
contestadventur,thexoxoday,Mentions,26/01/2017 11:52,"Join in
@thexoxoday
@spsing24
@sachinrajni
@shivammanchan87
@vm000621
@sadaf290
@Beingsonika1
@SalmanKiFan4
@deepakbarik5
@RanveerOfficial",,,,26/01/2017 11:52,https://twitter.com/#!/contestadventur/status/824585702872539136,,,8.24586E+17,8.24217E+17
contestadventur,thexoxoday,Mentions,26/01/2017 11:52,"Join in
@thexoxoday
@RealRanbirK
@sugamsinha1
@aravindmano05
@yugendran
@roberttrichy
@AliZohad
@Colin_143
@aAmi07
@alibhaiaa",,,,26/01/2017 11:52,https://twitter.com/#!/contestadventur/status/824585805314215936,,,8.24586E+17,8.24217E+17
contestadventur,thexoxoday,Mentions,26/01/2017 11:53,"Join in
@thexoxoday
@GulNawa71500713
@SRKian_Abdullah
@realpreityzinta
@senthilchan013
@imprabudh
@Proud_salmaniac
@RawdyPrincess
@rajts3e",,,,26/01/2017 11:53,https://twitter.com/#!/contestadventur/status/824585982347317249,,,8.24586E+17,8.24217E+17
contestadventur,thexoxoday,Mentions,26/01/2017 11:54,"Join in
@thexoxoday
@s_veerakumar
@MeRaHeROSalMaN
@iamrizkhan8970
@swinton_chillax
@jiivagger
@mudasslr
@TrendTrollers
@sehwagsethupat1
@24",,,,26/01/2017 11:54,https://twitter.com/#!/contestadventur/status/824586225939910656,,,8.24586E+17,8.24217E+17
contestadventur,thexoxoday,Mentions,26/01/2017 11:54,"Join in
@thexoxoday
@salman_ka_bhakt
@msathiz
@AnandEro
@iSuthan270
@saraaowadsalma2
@Aathithamilan
@SureshRamar
@djpradyp
@talhajamshedTJ",,,,26/01/2017 11:54,https://twitter.com/#!/contestadventur/status/824586288753897473,,,8.24586E+17,8.24217E+17
contestadventur,thexoxoday,Mentions,26/01/2017 11:54,"Join in
@thexoxoday
@khanahmadzai143
@BharatRAJINI
@3797venkatesh
@besankar1993
@gokulvj6
@aravindk_offl
@AshrafRasta
@venki_de
@tamilenuyir",,,,26/01/2017 11:54,https://twitter.com/#!/contestadventur/status/824586400544624641,,,8.24586E+17,8.24217E+17
contestadventur,thexoxoday,Mentions,26/01/2017 11:55,"Join in
@thexoxoday
@voletiram
@iam_shankarsonu
@Azlindian
@Aakuu_5
@aravind_officl
@darlisevijila12
@KuruvillaLokesh
@Prabatamilan",,,,26/01/2017 11:55,https://twitter.com/#!/contestadventur/status/824586465531224068,,,8.24586E+17,8.24217E+17
contestadventur,thexoxoday,Mentions,26/01/2017 11:55,"Join in
@thexoxoday
@nithyav3
@stamilalagan1
@i
@v
@vaishu175
@n
@g
@_EnCounter
@nehamad88
@SarjethSs
@sandhumerry
@haiindeep
@premmahadevan",,,,26/01/2017 11:55,https://twitter.com/#!/contestadventur/status/824586601061756929,,,8.24587E+17,8.24217E+17
contestadventur,thexoxoday,Mentions,26/01/2017 11:56,"Join in
@thexoxoday
@baisla_virat
@imrahul_03
@kesavarajuonlin
@iamgsquarrr
@i_markantony
@sunilkumarmsk11
@MovieAha
@PraveenVijayism",,,,26/01/2017 11:56,https://twitter.com/#!/contestadventur/status/824586822554497024,,,8.24587E+17,8.24217E+17
contestadventur,thexoxoday,Mentions,26/01/2017 11:56,"Join in
@thexoxoday
@kraigmillan
@RishabhBiwal
@mksaimurali
@rehankhan8940
@pavankoushik10
@pawankalyan
@YUVSTRONG12
@ImRo45
@actor_nithiin",,,,26/01/2017 11:56,https://twitter.com/#!/contestadventur/status/824586907644559360,,,8.24587E+17,8.24217E+17
contestadventur,thexoxoday,Mentions,26/01/2017 11:57,"Join in
@thexoxoday
@IamSaiDharamTej
@NTRMARESHrakhee
@EkalaivanElango
@jayanthmynam14
@SankaraSudhan
@ashwinko
@vk9726
@Md_Rahel_Ahmed",,,,26/01/2017 11:57,https://twitter.com/#!/contestadventur/status/824586994890072068,,,8.24587E+17,8.24217E+17
contestadventur,thexoxoday,Mentions,26/01/2017 11:57,"Join in
@thexoxoday
@abhiram42
@aaravindh1994
@ThangarajMarapp
@UrsMaheshBalu
@KhanAamy
@daniprince799
@Thineshcivil
@KrishTinku
@AkyanKhan",,,,26/01/2017 11:57,https://twitter.com/#!/contestadventur/status/824587112058007552,,,8.24587E+17,8.24217E+17
contestadventur,thexoxoday,Mentions,26/01/2017 11:58,"Join in
@thexoxoday
@NihalJunaid
@moove26
@prakash8928
@riksec08
@Sureshpoky
@mr_yesu
@Amanjitghosh
@hina_sheikimran
@inawab24
@ramsangsinh",,,,26/01/2017 11:58,https://twitter.com/#!/contestadventur/status/824587218832338944,,,8.24587E+17,8.24217E+17
contestadventur,thexoxoday,Mentions,26/01/2017 11:58,"Join in
@thexoxoday
@GalanoRolandjr
@saikiran_97
@BeignSalmanKhan
@leoaryan2
@PadmajaJoshi
@Ravii9999
@SSG_SPEAKS
@AliyaYaseen2",,,,26/01/2017 11:58,https://twitter.com/#!/contestadventur/status/824587305012719616,,,8.24587E+17,8.24217E+17
contestadventur,thexoxoday,Mentions,26/01/2017 11:59,"Join in
@thexoxoday
@kifayatalone3
@bansalalit83
@anshulku
@sagar12384
@ndnitish88
@taliramjoshi
@arun731
@JohnnyWally
@abhishekbujju",,,,26/01/2017 11:59,https://twitter.com/#!/contestadventur/status/824587551587463168,,,8.24588E+17,8.24217E+17
contestadventur,thexoxoday,Mentions,26/01/2017 11:59,"Join in
@thexoxoday
@_IndianDoc
@reddycherryche1
@ttmpariah
@kumarvinayb
@sawhneynikhil
@avishektalukdar
@WhistleAdi
@deepakmr27",,,,26/01/2017 11:59,https://twitter.com/#!/contestadventur/status/824587610278334466,,,8.24588E+17,8.24217E+17
contestadventur,thexoxoday,Mentions,26/01/2017 12:00,"Join in
@thexoxoday
@sharadgupta1
@akshaymp17
@Shiv5310
@ghanshyamsodhia
@harishveera
@SanjayShedge2
@nikhandiamanoj
@DesiHindu
@pankaj8856",,,,26/01/2017 12:00,https://twitter.com/#!/contestadventur/status/824587714397757440,,,8.24588E+17,8.24217E+17
contestadventur,thexoxoday,Mentions,26/01/2017 12:00,"Join in
@thexoxoday
@bigmouthspeaks
@AvinashThinks
@AshwinVasani
@whymeumesh
@nasirkhan214
@shivam_mainpuri
@mohitjakhariya
@Abhijit_Padma",,,,26/01/2017 12:00,https://twitter.com/#!/contestadventur/status/824587786908950529,,,8.24588E+17,8.24217E+17
contestadventur,thexoxoday,Mentions,26/01/2017 12:00,"Join in
@thexoxoday
@WhosTruthAnyway
@nukerino
@vgarg01
@v4umedia1
@RIAZtheboss
@ravanans
@i_am_shamss
@tk_twitts
@Geethsfrnds",,,,26/01/2017 12:00,https://twitter.com/#!/contestadventur/status/824587883717668864,,,8.24588E+17,8.24217E+17
contestadventur,thexoxoday,Mentions,26/01/2017 12:01,"Join in
@thexoxoday
@levin2811
@Raj_Dhanush
@dhanushkraja
@imraina
@anirudhofficial
@ashwinravi99
@chennaiIPL
@priyavassu
@RajniSabareesh",,,,26/01/2017 12:01,https://twitter.com/#!/contestadventur/status/824587970577510400,,,8.24588E+17,8.24217E+17
contestadventur,thexoxoday,Mentions,26/01/2017 12:01,"Join in
@thexoxoday
@drpraka
@vengeeth
@manoj7492
@VidyutSai
@actressaparna
@gvprakash
@shaan76k
@Kalaiudhay
@duraisurya5",,,,26/01/2017 12:01,https://twitter.com/#!/contestadventur/status/824588024944037888,,,8.24588E+17,8.24217E+17
contestadventur,thexoxoday,Mentions,26/01/2017 12:01,"Join in
@thexoxoday
@issime_miyake
@GANESHGMG
@Ganeshmano3012
@iluvssrk
@balahoneytweet
@RajniSembu
@sreenatharya
@jvvino
@iPeraveen",,,,26/01/2017 12:01,https://twitter.com/#!/contestadventur/status/824588174961700864,,,8.24588E+17,8.24217E+17
contestadventur,thexoxoday,Mentions,26/01/2017 12:02,"Join in
@thexoxoday
@JeSuisMushtak
@SanjogPawar2
@Sheryl71746455
@SKFC001
@siva_karthikeyan
@balasanjee
@wimalkanthmano
@M_Arshad710",,,,26/01/2017 12:02,https://twitter.com/#!/contestadventur/status/824588235179372544,,,8.24588E+17,8.24217E+17
contestadventur,thexoxoday,Mentions,26/01/2017 12:03,"Join in
@thexoxoday
@iam_str
@Johnarun9
@sawajid2015
@KdDhinesh
@Thanush1234
@Alexpiri0721
@dineshsenids
@Kushal_Jadhav
@salursantosh",,,,26/01/2017 12:03,https://twitter.com/#!/contestadventur/status/824588497218461697,,,8.24588E+17,8.24217E+17
contestadventur,thexoxoday,Mentions,26/01/2017 12:03,"Join in
@thexoxoday
@RisingKS
@MkPavithran
@adnanmalhar
@kvsriram91
@manokanan28
@kamalcrazie
@Tabrezmass1
@yunekka
@TeamKeerthyS",,,,26/01/2017 12:03,https://twitter.com/#!/contestadventur/status/824588566344847361,,,8.24589E+17,8.24217E+17
contestadventur,thexoxoday,Mentions,26/01/2017 12:03,"Join in
@thexoxoday
@SUBBU15061974
@thalaivar1994
@narayananrajini
@ArasuKarthik2
@anandhrajini
@Akil_Smarty
@prasan191990
@Vigneshwaranaji",,,,26/01/2017 12:03,https://twitter.com/#!/contestadventur/status/824588641116708865,,,8.24589E+17,8.24217E+17
contestadventur,thexoxoday,Mentions,26/01/2017 12:04,"Join in
@thexoxoday
@senthilbalajis
@kumaravel_icici
@Dangerside2
@thalaivar_da
@rajiniaziz
@BabuSenthil
@lakshmi1979
@Rajeshkv2013",,,,26/01/2017 12:04,https://twitter.com/#!/contestadventur/status/824588821865984002,,,8.24589E+17,8.24217E+17
contestadventur,thexoxoday,Mentions,26/01/2017 12:04,"Join in
@thexoxoday
@leonberthdezuza
@vishwapalamadai
@Arjuna36688883
@KishoreKonka
@suryariolohith1
@itismkk
@MakeshSelvaraj
@SodaaBottle",,,,26/01/2017 12:04,https://twitter.com/#!/contestadventur/status/824588909988286464,,,8.24589E+17,8.24217E+17
contestadventur,thexoxoday,Mentions,26/01/2017 12:05,"Join in
@thexoxoday
@AkashNarayan98
@giri_dharan_19
@govindh_offl
@CoolNarayanan
@haran5199
@viki3380
@rudhrarajni
@MRajamanoj
@siddhu922",,,,26/01/2017 12:05,https://twitter.com/#!/contestadventur/status/824588997460520960,,,8.24589E+17,8.24217E+17
contestadventur,thexoxoday,Mentions,26/01/2017 12:05,"Join in
@thexoxoday
@thishanujanvij2
@itisprashanth
@classy_offl
@beemji
@jaSbNy
@alpha93339
@Waynekatesh
@YouTube
@joee_27
@agnelsujinx",,,,26/01/2017 12:05,https://twitter.com/#!/contestadventur/status/824589160098902018,,,8.24589E+17,8.24217E+17
contestadventur,thexoxoday,Mentions,26/01/2017 12:06,"Join in
@thexoxoday
@bhaski002
@senthilrsk85
@mano_dtsi
@theVcreations
@alameenindia
@jkjwilliam_john
@csk_mgr
@Vijay22Harish
@ItisShiva",,,,26/01/2017 12:06,https://twitter.com/#!/contestadventur/status/824589218638819328,,,8.24589E+17,8.24217E+17
contestadventur,thexoxoday,Mentions,26/01/2017 12:06,"Join in
@thexoxoday
@thehappykumar
@akhil_akhil4490
@Virgonathan
@Teju_VT
@shiyamjack
@Er_Sharaj
@meeraadhinakar
@csmoon005
@thangarajscea",,,,26/01/2017 12:06,https://twitter.com/#!/contestadventur/status/824589308484935681,,,8.24589E+17,8.24217E+17
contestadventur,thexoxoday,Mentions,26/01/2017 12:06,"Join in
@thexoxoday
@Official_Sri30
@vumeshanand
@rajeshkumarsamy
@AngelusArch
@ranjithjuly92
@sivasankarcbe
@Monish_P
@sahana48",,,,26/01/2017 12:06,https://twitter.com/#!/contestadventur/status/824589398314414081,,,8.24589E+17,8.24217E+17
shraddha_bari,contestadventur,Mentions,25/01/2017 19:08,@thexoxoday @ContestAdventur @india4contests @contestmantra @ContestMela @thefreejinn @ContestKiDuniya @Contest_Hub… https://t.co/r5lXENnitE,https://twitter.com/i/web/status/824333241515511808,twitter.com,,25/01/2017 19:08,https://twitter.com/#!/shraddha_bari/status/824333241515511808,,,8.24333E+17,8.24217E+17
shraddha_bari,contestadventur,Mentions,26/01/2017 08:30,@thexoxoday @ContestAlert @ContestAdventur @india4contests @contestmantra @ContestMela @thefreejinn… https://t.co/x83W0RRiHV,https://twitter.com/i/web/status/824534883347419136,twitter.com,,26/01/2017 08:30,https://twitter.com/#!/shraddha_bari/status/824534883347419136,,,8.24535E+17,8.24256E+17
shraddha_bari,contestadventur,Mentions,26/01/2017 08:33,@thexoxoday @ContestAlert @ContestAdventur @india4contests @contestmantra @ContestMela @thefreejinn… https://t.co/ePfqsYFTSX,https://twitter.com/i/web/status/824535609645690881,twitter.com,,26/01/2017 08:33,https://twitter.com/#!/shraddha_bari/status/824535609645690881,,,8.24536E+17,8.24256E+17
shraddha_bari,contestadventur,Mentions,27/01/2017 09:55,@thexoxoday @Contest_Hub @ContestAdventur @india4contests @contestmantra @dewcool2 @ContestMela @thefreejinn… https://t.co/F2v9bJvg6X,https://twitter.com/i/web/status/824918668245078016,twitter.com,,27/01/2017 09:55,https://twitter.com/#!/shraddha_bari/status/824918668245078016,,,8.24919E+17,8.24832E+17
shraddha_bari,contestadventur,Mentions,27/01/2017 09:56,@thexoxoday @Contest_Hub @ContestAdventur @india4contests @contestmantra @dewcool2 @ContestMela @thefreejinn… https://t.co/iAn4davjao,https://twitter.com/i/web/status/824919050014879744,twitter.com,,27/01/2017 09:56,https://twitter.com/#!/shraddha_bari/status/824919050014879744,,,8.24919E+17,8.24832E+17
shraddha_bari,contestadventur,Mentions,27/01/2017 10:01,@thexoxoday @Contest_Hub @ContestAdventur @india4contests @contestmantra @dewcool2 @ContestMela @thefreejinn… https://t.co/bbMbi48emo,https://twitter.com/i/web/status/824920208410365952,twitter.com,,27/01/2017 10:01,https://twitter.com/#!/shraddha_bari/status/824920208410365952,,,8.2492E+17,8.24832E+17
shraddha_bari,contestadventur,Mentions,27/01/2017 10:17,@thexoxoday @Contest_Hub @ContestAdventur @india4contests @contestmantra @dewcool2 @ContestMela @thefreejinn… https://t.co/wYJwew5625,https://twitter.com/i/web/status/824924168588259328,twitter.com,,27/01/2017 10:17,https://twitter.com/#!/shraddha_bari/status/824924168588259328,,,8.24924E+17,8.24832E+17
shraddha_bari,contestadventur,Mentions,29/01/2017 05:27,@thexoxoday @Contest_Hub @ContestAdventur @india4contests @contestmantra @dewcool2 @ContestMela @thefreejinn… https://t.co/ZPqowbCUZM,https://twitter.com/i/web/status/825576187661578240,twitter.com,,29/01/2017 05:27,https://twitter.com/#!/shraddha_bari/status/825576187661578240,,,8.25576E+17,8.24832E+17
shraddha_bari,contestadventur,Mentions,29/01/2017 05:28,RT @shraddha_bari: @thexoxoday @Contest_Hub @ContestAdventur @india4contests @contestmantra @dewcool2 @ContestMela @thefreejinn @ContestKiD…,,,,29/01/2017 05:28,https://twitter.com/#!/shraddha_bari/status/825576244116848640,,,8.25576E+17,
shraddha_bari,contestadventur,Mentions,29/01/2017 05:28,RT @shraddha_bari: @thexoxoday @Contest_Hub @ContestAdventur @india4contests @contestmantra @dewcool2 @ContestMela @thefreejinn @ContestKiD…,,,,29/01/2017 05:28,https://twitter.com/#!/shraddha_bari/status/825576254346842113,,,8.25576E+17,
shraddha_bari,contestadventur,Mentions,29/01/2017 05:28,RT @shraddha_bari: @thexoxoday @Contest_Hub @ContestAdventur @india4contests @contestmantra @dewcool2 @ContestMela @thefreejinn @ContestKiD…,,,,29/01/2017 05:28,https://twitter.com/#!/shraddha_bari/status/825576262638907394,,,8.25576E+17,
shraddha_bari,contestadventur,Mentions,29/01/2017 05:28,RT @shraddha_bari: @thexoxoday @Contest_Hub @ContestAdventur @india4contests @contestmantra @dewcool2 @ContestMela @thefreejinn @ContestKiD…,,,,29/01/2017 05:28,https://twitter.com/#!/shraddha_bari/status/825576271258202112,,,8.25576E+17,
shraddha_bari,contestadventur,Mentions,29/01/2017 05:28,RT @shraddha_bari: @thexoxoday @Contest_Hub @ContestAdventur @india4contests @contestmantra @dewcool2 @ContestMela @thefreejinn @ContestKiD…,,,,29/01/2017 05:28,https://twitter.com/#!/shraddha_bari/status/825576333824708608,,,8.25576E+17,
david_john21,contestadventur,Mentions,27/01/2017 10:20,RT @shraddha_bari: @thexoxoday @Contest_Hub @ContestAdventur @india4contests @contestmantra @dewcool2 @ContestMela @thefreejinn @ContestKiD…,,,,27/01/2017 10:20,https://twitter.com/#!/david_john21/status/824925144162430976,,,8.24925E+17,
david_john21,contestadventur,Mentions,27/01/2017 10:20,RT @shraddha_bari: @thexoxoday @Contest_Hub @ContestAdventur @india4contests @contestmantra @dewcool2 @ContestMela @thefreejinn @ContestKiD…,,,,27/01/2017 10:20,https://twitter.com/#!/david_john21/status/824925146360250368,,,8.24925E+17,
david_john21,contestadventur,Mentions,27/01/2017 10:20,RT @shraddha_bari: @thexoxoday @Contest_Hub @ContestAdventur @india4contests @contestmantra @dewcool2 @ContestMela @thefreejinn @ContestKiD…,,,,27/01/2017 10:20,https://twitter.com/#!/david_john21/status/824925147572424704,,,8.24925E+17,
shraddha_bari,contest_hub,Mentions,25/01/2017 19:08,@thexoxoday @ContestAdventur @india4contests @contestmantra @ContestMela @thefreejinn @ContestKiDuniya @Contest_Hub… https://t.co/r5lXENnitE,https://twitter.com/i/web/status/824333241515511808,twitter.com,,25/01/2017 19:08,https://twitter.com/#!/shraddha_bari/status/824333241515511808,,,8.24333E+17,8.24217E+17
shraddha_bari,contest_hub,Mentions,26/01/2017 08:40,@thexoxoday @Contest_Hub @ContestSource @Contest_Alert @contests2share @ContestsAlert @ContestBuddy @ContestAlert… https://t.co/XH0jLYLuVz,https://twitter.com/i/web/status/824537430929842176,twitter.com,,26/01/2017 08:40,https://twitter.com/#!/shraddha_bari/status/824537430929842176,,,8.24537E+17,8.24217E+17
shraddha_bari,contest_hub,Mentions,27/01/2017 09:55,@thexoxoday @Contest_Hub @ContestAdventur @india4contests @contestmantra @dewcool2 @ContestMela @thefreejinn… https://t.co/F2v9bJvg6X,https://twitter.com/i/web/status/824918668245078016,twitter.com,,27/01/2017 09:55,https://twitter.com/#!/shraddha_bari/status/824918668245078016,,,8.24919E+17,8.24832E+17
shraddha_bari,contest_hub,Mentions,27/01/2017 09:56,@thexoxoday @Contest_Hub @ContestAdventur @india4contests @contestmantra @dewcool2 @ContestMela @thefreejinn… https://t.co/iAn4davjao,https://twitter.com/i/web/status/824919050014879744,twitter.com,,27/01/2017 09:56,https://twitter.com/#!/shraddha_bari/status/824919050014879744,,,8.24919E+17,8.24832E+17
shraddha_bari,contest_hub,Mentions,27/01/2017 10:01,@thexoxoday @Contest_Hub @ContestAdventur @india4contests @contestmantra @dewcool2 @ContestMela @thefreejinn… https://t.co/bbMbi48emo,https://twitter.com/i/web/status/824920208410365952,twitter.com,,27/01/2017 10:01,https://twitter.com/#!/shraddha_bari/status/824920208410365952,,,8.2492E+17,8.24832E+17
shraddha_bari,contest_hub,Mentions,27/01/2017 10:17,@thexoxoday @Contest_Hub @ContestAdventur @india4contests @contestmantra @dewcool2 @ContestMela @thefreejinn… https://t.co/wYJwew5625,https://twitter.com/i/web/status/824924168588259328,twitter.com,,27/01/2017 10:17,https://twitter.com/#!/shraddha_bari/status/824924168588259328,,,8.24924E+17,8.24832E+17
shraddha_bari,contest_hub,Mentions,29/01/2017 05:27,@thexoxoday @Contest_Hub @ContestAdventur @india4contests @contestmantra @dewcool2 @ContestMela @thefreejinn… https://t.co/ZPqowbCUZM,https://twitter.com/i/web/status/825576187661578240,twitter.com,,29/01/2017 05:27,https://twitter.com/#!/shraddha_bari/status/825576187661578240,,,8.25576E+17,8.24832E+17
shraddha_bari,contest_hub,Mentions,29/01/2017 05:28,RT @shraddha_bari: @thexoxoday @Contest_Hub @ContestAdventur @india4contests @contestmantra @dewcool2 @ContestMela @thefreejinn @ContestKiD…,,,,29/01/2017 05:28,https://twitter.com/#!/shraddha_bari/status/825576244116848640,,,8.25576E+17,
shraddha_bari,contest_hub,Mentions,29/01/2017 05:28,RT @shraddha_bari: @thexoxoday @Contest_Hub @ContestAdventur @india4contests @contestmantra @dewcool2 @ContestMela @thefreejinn @ContestKiD…,,,,29/01/2017 05:28,https://twitter.com/#!/shraddha_bari/status/825576254346842113,,,8.25576E+17,
shraddha_bari,contest_hub,Mentions,29/01/2017 05:28,RT @shraddha_bari: @thexoxoday @Contest_Hub @ContestAdventur @india4contests @contestmantra @dewcool2 @ContestMela @thefreejinn @ContestKiD…,,,,29/01/2017 05:28,https://twitter.com/#!/shraddha_bari/status/825576262638907394,,,8.25576E+17,
shraddha_bari,contest_hub,Mentions,29/01/2017 05:28,RT @shraddha_bari: @thexoxoday @Contest_Hub @ContestAdventur @india4contests @contestmantra @dewcool2 @ContestMela @thefreejinn @ContestKiD…,,,,29/01/2017 05:28,https://twitter.com/#!/shraddha_bari/status/825576271258202112,,,8.25576E+17,
shraddha_bari,contest_hub,Mentions,29/01/2017 05:28,RT @shraddha_bari: @thexoxoday @Contest_Hub @ContestAdventur @india4contests @contestmantra @dewcool2 @ContestMela @thefreejinn @ContestKiD…,,,,29/01/2017 05:28,https://twitter.com/#!/shraddha_bari/status/825576333824708608,,,8.25576E+17,
david_john21,contest_hub,Mentions,27/01/2017 10:20,RT @shraddha_bari: @thexoxoday @Contest_Hub @ContestAdventur @india4contests @contestmantra @dewcool2 @ContestMela @thefreejinn @ContestKiD…,,,,27/01/2017 10:20,https://twitter.com/#!/david_john21/status/824925144162430976,,,8.24925E+17,
david_john21,contest_hub,Mentions,27/01/2017 10:20,RT @shraddha_bari: @thexoxoday @Contest_Hub @ContestAdventur @india4contests @contestmantra @dewcool2 @ContestMela @thefreejinn @ContestKiD…,,,,27/01/2017 10:20,https://twitter.com/#!/david_john21/status/824925146360250368,,,8.24925E+17,
david_john21,contest_hub,Mentions,27/01/2017 10:20,RT @shraddha_bari: @thexoxoday @Contest_Hub @ContestAdventur @india4contests @contestmantra @dewcool2 @ContestMela @thefreejinn @ContestKiD…,,,,27/01/2017 10:20,https://twitter.com/#!/david_john21/status/824925147572424704,,,8.24925E+17,
shraddha_bari,david_john21,Mentions,25/01/2017 19:39,"RT @david_john21: @thexoxoday its always fun to ride &amp; dine wid tis crazy women @shraddha_bari .
 join@prernankwd @dilipgupta @chrish @Pri1…",,,,25/01/2017 19:39,https://twitter.com/#!/shraddha_bari/status/824340846711500801,,,8.24341E+17,
shraddha_bari,david_john21,Mentions,27/01/2017 10:20,RT @david_john21: @thexoxoday life is always better if you go out with friends.So miss @shraddha_bari b ready for a ride in Audi and dine a…,,,,27/01/2017 10:20,https://twitter.com/#!/shraddha_bari/status/824925102395506688,,,8.24925E+17,
david_john21,shraddha_bari,Mentions,25/01/2017 19:34,"@thexoxoday its always fun to ride &amp; dine wid tis crazy women @shraddha_bari .
 join@prernankwd @dilipgupta @chrish @Pri123doll @anusha86",,,,25/01/2017 19:34,https://twitter.com/#!/david_john21/status/824339674198011906,,,8.2434E+17,8.24217E+17
david_john21,thexoxoday,Replies to,25/01/2017 19:34,"@thexoxoday its always fun to ride &amp; dine wid tis crazy women @shraddha_bari .
 join@prernankwd @dilipgupta @chrish @Pri123doll @anusha86",,,,25/01/2017 19:34,https://twitter.com/#!/david_john21/status/824339674198011906,,,8.2434E+17,8.24217E+17
david_john21,shraddha_bari,Mentions,25/01/2017 19:34,"RT @david_john21: @thexoxoday its always fun to ride &amp; dine wid tis crazy women @shraddha_bari .
 join@prernankwd @dilipgupta @chrish @Pri1…",,,,25/01/2017 19:34,https://twitter.com/#!/david_john21/status/824339717625778176,,,8.2434E+17,
david_john21,thexoxoday,Mentions,25/01/2017 19:34,"RT @david_john21: @thexoxoday its always fun to ride &amp; dine wid tis crazy women @shraddha_bari .
 join@prernankwd @dilipgupta @chrish @Pri1…",,,,25/01/2017 19:34,https://twitter.com/#!/david_john21/status/824339717625778176,,,8.2434E+17,
david_john21,thexoxoday,Mentions,27/01/2017 10:05,"RT @thexoxoday: Follow us to participate, all you have to do is #RT and tag 5 of your friends and visit - https://t.co/sDYj0Z0PUX #contest…",https://www.xoxoday.com/?utm_source=twitter&utm_campaign=contest-post&utm_medium=social,xoxoday.com,rt contest,27/01/2017 10:05,https://twitter.com/#!/david_john21/status/824921180373135360,,,8.24921E+17,
david_john21,shraddha_bari,Mentions,27/01/2017 10:10,@thexoxoday life is always better if you go out with friends.So miss @shraddha_bari b ready for a ride in Audi and dine at exotic place TAJ.,,,,27/01/2017 10:10,https://twitter.com/#!/david_john21/status/824922474630508546,,,8.24922E+17,8.24832E+17
david_john21,thexoxoday,Replies to,27/01/2017 10:10,@thexoxoday life is always better if you go out with friends.So miss @shraddha_bari b ready for a ride in Audi and dine at exotic place TAJ.,,,,27/01/2017 10:10,https://twitter.com/#!/david_john21/status/824922474630508546,,,8.24922E+17,8.24832E+17
david_john21,dewcool2,Mentions,27/01/2017 10:20,RT @shraddha_bari: @thexoxoday @Contest_Hub @ContestAdventur @india4contests @contestmantra @dewcool2 @ContestMela @thefreejinn @ContestKiD…,,,,27/01/2017 10:20,https://twitter.com/#!/david_john21/status/824925144162430976,,,8.24925E+17,
david_john21,thexoxoday,Mentions,27/01/2017 10:20,RT @shraddha_bari: @thexoxoday @Contest_Hub @ContestAdventur @india4contests @contestmantra @dewcool2 @ContestMela @thefreejinn @ContestKiD…,,,,27/01/2017 10:20,https://twitter.com/#!/david_john21/status/824925144162430976,,,8.24925E+17,
david_john21,shraddha_bari,Mentions,27/01/2017 10:20,RT @shraddha_bari: @thexoxoday @Contest_Hub @ContestAdventur @india4contests @contestmantra @dewcool2 @ContestMela @thefreejinn @ContestKiD…,,,,27/01/2017 10:20,https://twitter.com/#!/david_john21/status/824925144162430976,,,8.24925E+17,
david_john21,dewcool2,Mentions,27/01/2017 10:20,RT @shraddha_bari: @thexoxoday @Contest_Hub @ContestAdventur @india4contests @contestmantra @dewcool2 @ContestMela @thefreejinn @ContestKiD…,,,,27/01/2017 10:20,https://twitter.com/#!/david_john21/status/824925146360250368,,,8.24925E+17,
david_john21,thexoxoday,Mentions,27/01/2017 10:20,RT @shraddha_bari: @thexoxoday @Contest_Hub @ContestAdventur @india4contests @contestmantra @dewcool2 @ContestMela @thefreejinn @ContestKiD…,,,,27/01/2017 10:20,https://twitter.com/#!/david_john21/status/824925146360250368,,,8.24925E+17,
david_john21,shraddha_bari,Mentions,27/01/2017 10:20,RT @shraddha_bari: @thexoxoday @Contest_Hub @ContestAdventur @india4contests @contestmantra @dewcool2 @ContestMela @thefreejinn @ContestKiD…,,,,27/01/2017 10:20,https://twitter.com/#!/david_john21/status/824925146360250368,,,8.24925E+17,
david_john21,dewcool2,Mentions,27/01/2017 10:20,RT @shraddha_bari: @thexoxoday @Contest_Hub @ContestAdventur @india4contests @contestmantra @dewcool2 @ContestMela @thefreejinn @ContestKiD…,,,,27/01/2017 10:20,https://twitter.com/#!/david_john21/status/824925147572424704,,,8.24925E+17,
david_john21,thexoxoday,Mentions,27/01/2017 10:20,RT @shraddha_bari: @thexoxoday @Contest_Hub @ContestAdventur @india4contests @contestmantra @dewcool2 @ContestMela @thefreejinn @ContestKiD…,,,,27/01/2017 10:20,https://twitter.com/#!/david_john21/status/824925147572424704,,,8.24925E+17,
david_john21,shraddha_bari,Mentions,27/01/2017 10:20,RT @shraddha_bari: @thexoxoday @Contest_Hub @ContestAdventur @india4contests @contestmantra @dewcool2 @ContestMela @thefreejinn @ContestKiD…,,,,27/01/2017 10:20,https://twitter.com/#!/david_john21/status/824925147572424704,,,8.24925E+17,
david_john21,thexoxoday,Mentions,30/01/2017 06:42,"RT @thexoxoday: With Valentines coming up, we have a lot in store for you and they're the best of our picks soon until then, visit - https:…",,,,30/01/2017 06:42,https://twitter.com/#!/david_john21/status/825957323587870720,,,8.25957E+17,
bnb952,thexoxoday,Mentions,25/01/2017 11:41,RT @thexoxoday: Our #Contest is #live! #RT and tag 5 of your friends to win this dream ride on an Audi R8 and a Dinner at Taj Mahal Palace!…,,,contest live rt,25/01/2017 11:41,https://twitter.com/#!/bnb952/status/824220763137970176,,,8.24221E+17,
bnb952,thexoxoday,Mentions,25/01/2017 12:28,RT @thexoxoday: A shoutout to everyone who wants to #Participate! Our #contest is now live! Follow us to participate. #RT and tag 5 of your…,,,participate contest rt,25/01/2017 12:28,https://twitter.com/#!/bnb952/status/824232466013683712,,,8.24232E+17,
bnb952,dewcool2,Mentions,25/01/2017 14:22,RT @thexoxoday: Our #Contest is now live! #RT and tag 5 of your friends to #win an Audi R8 ride and dinner at Taj! #ContestAlert @dewcool2…,,,contest rt win contestalert,25/01/2017 14:22,https://twitter.com/#!/bnb952/status/824261285898584065,,,8.24261E+17,
bnb952,thexoxoday,Mentions,25/01/2017 14:22,RT @thexoxoday: Our #Contest is now live! #RT and tag 5 of your friends to #win an Audi R8 ride and dinner at Taj! #ContestAlert @dewcool2…,,,contest rt win contestalert,25/01/2017 14:22,https://twitter.com/#!/bnb952/status/824261285898584065,,,8.24261E+17,
bnb952,thexoxoday,Mentions,25/01/2017 15:44,RT @thexoxoday: Our contest is #LIVE! Follow us to #participate and #RT and tag 5 of your friends to #win! #ContestAlert #Contest https://t…,,,live participate rt win contestalert contest,25/01/2017 15:44,https://twitter.com/#!/bnb952/status/824281728487489536,,,8.24282E+17,
bnb952,thexoxoday,Mentions,30/01/2017 06:42,RT @thexoxoday: We are #live with our #contest! Follow to participate. All you have to do is #RT and tag 5 of your friends to win! https://…,,,live contest rt,30/01/2017 06:42,https://twitter.com/#!/bnb952/status/825957327878627332,,,8.25957E+17,
krishna1334,iamkoolazzu,Mentions,27/01/2017 04:23,@thexoxoday @HarishK90289922 @SayyedJenifer @VHetal @Ramprasad43 @kumar_2212 @hellolalit @KhannaRonit @Mr_Rahul_Joshi @iamkoolazzu,,,,27/01/2017 04:23,https://twitter.com/#!/krishna1334/status/824835225444249601,,,8.24835E+17,8.24832E+17
krishna1334,mr_rahul_joshi,Mentions,27/01/2017 04:23,@thexoxoday @HarishK90289922 @SayyedJenifer @VHetal @Ramprasad43 @kumar_2212 @hellolalit @KhannaRonit @Mr_Rahul_Joshi @iamkoolazzu,,,,27/01/2017 04:23,https://twitter.com/#!/krishna1334/status/824835225444249601,,,8.24835E+17,8.24832E+17
krishna1334,khannaronit,Mentions,27/01/2017 04:23,@thexoxoday @HarishK90289922 @SayyedJenifer @VHetal @Ramprasad43 @kumar_2212 @hellolalit @KhannaRonit @Mr_Rahul_Joshi @iamkoolazzu,,,,27/01/2017 04:23,https://twitter.com/#!/krishna1334/status/824835225444249601,,,8.24835E+17,8.24832E+17
hellolalit,thexoxoday,Mentions,27/01/2017 04:50,RT @thexoxoday: Our #Contest is #live! #RT and tag 5 of your friends to win this dream ride on an Audi R8 and a Dinner at Taj Mahal Palace!…,,,contest live rt,27/01/2017 04:50,https://twitter.com/#!/hellolalit/status/824842101330374657,,,8.24842E+17,
hellolalit,fotokiran,Mentions,27/01/2017 04:52,"@thexoxoday 
Join for dinner 
@aadiivaasii 
@BabuBeg 
@ns_verma 
@PinkyDholakia 
@snehalataj
@fotokiran
@nitin_cul 
@Jsvndr 
@maladarak",,,,27/01/2017 04:52,https://twitter.com/#!/hellolalit/status/824842589748596736,,,8.24843E+17,8.24217E+17
hellolalit,pinkydholakia,Mentions,27/01/2017 04:52,"@thexoxoday 
Join for dinner 
@aadiivaasii 
@BabuBeg 
@ns_verma 
@PinkyDholakia 
@snehalataj
@fotokiran
@nitin_cul 
@Jsvndr 
@maladarak",,,,27/01/2017 04:52,https://twitter.com/#!/hellolalit/status/824842589748596736,,,8.24843E+17,8.24217E+17
hellolalit,ns_verma,Mentions,27/01/2017 04:52,"@thexoxoday 
Join for dinner 
@aadiivaasii 
@BabuBeg 
@ns_verma 
@PinkyDholakia 
@snehalataj
@fotokiran
@nitin_cul 
@Jsvndr 
@maladarak",,,,27/01/2017 04:52,https://twitter.com/#!/hellolalit/status/824842589748596736,,,8.24843E+17,8.24217E+17
hellolalit,babubeg,Mentions,27/01/2017 04:52,"@thexoxoday 
Join for dinner 
@aadiivaasii 
@BabuBeg 
@ns_verma 
@PinkyDholakia 
@snehalataj
@fotokiran
@nitin_cul 
@Jsvndr 
@maladarak",,,,27/01/2017 04:52,https://twitter.com/#!/hellolalit/status/824842589748596736,,,8.24843E+17,8.24217E+17
hellolalit,thexoxoday,Replies to,27/01/2017 04:52,"@thexoxoday 
Join for dinner 
@aadiivaasii 
@BabuBeg 
@ns_verma 
@PinkyDholakia 
@snehalataj
@fotokiran
@nitin_cul 
@Jsvndr 
@maladarak",,,,27/01/2017 04:52,https://twitter.com/#!/hellolalit/status/824842589748596736,,,8.24843E+17,8.24217E+17
krishna1334,hellolalit,Mentions,27/01/2017 04:23,@thexoxoday @HarishK90289922 @SayyedJenifer @VHetal @Ramprasad43 @kumar_2212 @hellolalit @KhannaRonit @Mr_Rahul_Joshi @iamkoolazzu,,,,27/01/2017 04:23,https://twitter.com/#!/krishna1334/status/824835225444249601,,,8.24835E+17,8.24832E+17
krishna1334,kumar_2212,Mentions,27/01/2017 04:23,@thexoxoday @HarishK90289922 @SayyedJenifer @VHetal @Ramprasad43 @kumar_2212 @hellolalit @KhannaRonit @Mr_Rahul_Joshi @iamkoolazzu,,,,27/01/2017 04:23,https://twitter.com/#!/krishna1334/status/824835225444249601,,,8.24835E+17,8.24832E+17
krishna1334,ramprasad43,Mentions,27/01/2017 04:23,@thexoxoday @HarishK90289922 @SayyedJenifer @VHetal @Ramprasad43 @kumar_2212 @hellolalit @KhannaRonit @Mr_Rahul_Joshi @iamkoolazzu,,,,27/01/2017 04:23,https://twitter.com/#!/krishna1334/status/824835225444249601,,,8.24835E+17,8.24832E+17
bhansalidigna,vhetal,Mentions,25/01/2017 13:03,@thexoxoday @22minalmehta  @misty_basu  @Suruchi0603  @PinkyDholakia  @VHetal,,,,25/01/2017 13:03,https://twitter.com/#!/bhansalidigna/status/824241235296587777,,,8.24241E+17,8.24221E+17
krishna1334,vhetal,Mentions,27/01/2017 04:23,@thexoxoday @HarishK90289922 @SayyedJenifer @VHetal @Ramprasad43 @kumar_2212 @hellolalit @KhannaRonit @Mr_Rahul_Joshi @iamkoolazzu,,,,27/01/2017 04:23,https://twitter.com/#!/krishna1334/status/824835225444249601,,,8.24835E+17,8.24832E+17
krishna1334,sayyedjenifer,Mentions,27/01/2017 04:23,@thexoxoday @HarishK90289922 @SayyedJenifer @VHetal @Ramprasad43 @kumar_2212 @hellolalit @KhannaRonit @Mr_Rahul_Joshi @iamkoolazzu,,,,27/01/2017 04:23,https://twitter.com/#!/krishna1334/status/824835225444249601,,,8.24835E+17,8.24832E+17
krishna1334,harishk90289922,Mentions,27/01/2017 04:23,@thexoxoday @HarishK90289922 @SayyedJenifer @VHetal @Ramprasad43 @kumar_2212 @hellolalit @KhannaRonit @Mr_Rahul_Joshi @iamkoolazzu,,,,27/01/2017 04:23,https://twitter.com/#!/krishna1334/status/824835225444249601,,,8.24835E+17,8.24832E+17
krishna1334,thexoxoday,Mentions,25/01/2017 11:41,RT @thexoxoday: Our #Contest is #live! #RT and tag 5 of your friends to win this dream ride on an Audi R8 and a Dinner at Taj Mahal Palace!…,,,contest live rt,25/01/2017 11:41,https://twitter.com/#!/krishna1334/status/824220546950832128,,,8.24221E+17,
krishna1334,thexoxoday,Mentions,25/01/2017 11:41,RT @thexoxoday: We are #live with our #contest! Follow to participate. All you have to do is #RT and tag 5 of your friends to win! https://…,,,live contest rt,25/01/2017 11:41,https://twitter.com/#!/krishna1334/status/824220561823830016,,,8.24221E+17,
krishna1334,dewcool2,Mentions,25/01/2017 11:47,RT @thexoxoday: Our #Contest is now live! #RT and tag 5 of your friends to #win an Audi R8 ride and dinner at Taj! #ContestAlert @dewcool2…,,,contest rt win contestalert,25/01/2017 11:47,https://twitter.com/#!/krishna1334/status/824222171119489024,,,8.24222E+17,
krishna1334,thexoxoday,Mentions,25/01/2017 11:47,RT @thexoxoday: Our #Contest is now live! #RT and tag 5 of your friends to #win an Audi R8 ride and dinner at Taj! #ContestAlert @dewcool2…,,,contest rt win contestalert,25/01/2017 11:47,https://twitter.com/#!/krishna1334/status/824222171119489024,,,8.24222E+17,
krishna1334,thexoxoday,Mentions,25/01/2017 12:53,RT @thexoxoday: A shoutout to everyone who wants to #Participate! Our #contest is now live! Follow us to participate. #RT and tag 5 of your…,,,participate contest rt,25/01/2017 12:53,https://twitter.com/#!/krishna1334/status/824238688959725569,,,8.24239E+17,
krishna1334,thexoxoday,Mentions,25/01/2017 14:20,RT @thexoxoday: Keep participating in our #contest to win an Audi Q3 ride and a lavish dinner for two at the Taj Mahal Palace! #ContestAler…,,,contest,25/01/2017 14:20,https://twitter.com/#!/krishna1334/status/824260702663675905,,,8.24261E+17,
krishna1334,thexoxoday,Mentions,25/01/2017 14:20,RT @thexoxoday: Our contest is #LIVE! Follow us to #participate and #RT and tag 5 of your friends to #win! #ContestAlert #Contest https://t…,,,live participate rt win contestalert contest,25/01/2017 14:20,https://twitter.com/#!/krishna1334/status/824260713828859906,,,8.24261E+17,
krishna1334,thexoxoday,Mentions,27/01/2017 04:21,"RT @thexoxoday: Follow us to participate, all you have to do is #RT and tag 5 of your friends and visit - https://t.co/sDYj0Z0PUX #contest…",https://www.xoxoday.com/?utm_source=twitter&utm_campaign=contest-post&utm_medium=social,xoxoday.com,rt contest,27/01/2017 04:21,https://twitter.com/#!/krishna1334/status/824834689336635392,,,8.24835E+17,
krishna1334,thexoxoday,Replies to,27/01/2017 04:23,@thexoxoday @HarishK90289922 @SayyedJenifer @VHetal @Ramprasad43 @kumar_2212 @hellolalit @KhannaRonit @Mr_Rahul_Joshi @iamkoolazzu,,,,27/01/2017 04:23,https://twitter.com/#!/krishna1334/status/824835225444249601,,,8.24835E+17,8.24832E+17
krishna1334,thexoxoday,Mentions,27/01/2017 06:44,"RT @thexoxoday: We will be announcing the winner on Monday, which means, you still have three more days to participate and #win! #ContestAl…",,,win,27/01/2017 06:44,https://twitter.com/#!/krishna1334/status/824870759210242048,,,8.24871E+17,
krishna1334,thexoxoday,Mentions,27/01/2017 06:44,RT @thexoxoday: Pack Your Bags #NOW and head to these unexplored and untouched weekend getaways near #Mumbai and #Pune  - https://t.co/RJva…,,,now mumbai pune,27/01/2017 06:44,https://twitter.com/#!/krishna1334/status/824870782505406465,,,8.24871E+17,
krishna1334,thexoxoday,Mentions,27/01/2017 06:44,RT @thexoxoday: Here's our list of the 13 best untouched getaways from #Mumbai and #Pune for the upcoming #longweekend! Click here - https:…,,,mumbai pune longweekend,27/01/2017 06:44,https://twitter.com/#!/krishna1334/status/824870795541221376,,,8.24871E+17,
krishna1334,thexoxoday,Mentions,27/01/2017 06:45,"RT @thexoxoday: #Delhi, listen up! If you're looking for something new to do, here's our list of exciting experiences to try out - https://…",,,delhi,27/01/2017 06:45,https://twitter.com/#!/krishna1334/status/824870808363298816,,,8.24871E+17,
krishna1334,thexoxoday,Mentions,28/01/2017 16:21,RT @thexoxoday: The Technology Journey of Xoxoday https://t.co/GrZNtpTh8o,https://enterpriseblog.xoxoday.com/technology-journey-xoxoday/2531,xoxoday.com,,28/01/2017 16:21,https://twitter.com/#!/krishna1334/status/825378207008378880,,,8.25378E+17,
krishna1334,thexoxoday,Mentions,30/01/2017 04:36,RT @thexoxoday: This is our #mondaymotivation! Tell us what's yours!? #Xoxoday https://t.co/OS7J5WwlBy,,,mondaymotivation xoxoday,30/01/2017 04:36,https://twitter.com/#!/krishna1334/status/825925509926248448,,,8.25926E+17,
krishna1334,thexoxoday,Mentions,30/01/2017 06:55,"RT @thexoxoday: With Valentines coming up, we have a lot in store for you and they're the best of our picks soon until then, visit - https:…",,,,30/01/2017 06:55,https://twitter.com/#!/krishna1334/status/825960489217773568,,,8.2596E+17,
joitheadsabden,thexoxoday,Mentions,30/01/2017 05:12,RT @thexoxoday: A shoutout to everyone who wants to #Participate! Our #contest is now live! Follow us to participate. #RT and tag 5 of your…,,,participate contest rt,30/01/2017 05:12,https://twitter.com/#!/joitheadsabden/status/825934688703352832,,,8.25935E+17,
joitheadsabden,thexoxoday,Mentions,30/01/2017 07:06,RT @thexoxoday: We are #live with our #contest! Follow to participate. All you have to do is #RT and tag 5 of your friends to win! https://…,,,live contest rt,30/01/2017 07:06,https://twitter.com/#!/joitheadsabden/status/825963408159813633,,,8.25963E+17,
naggingmissy,thexoxoday,Mentions,26/01/2017 07:03,RT @thexoxoday: Our contest is #LIVE! Follow us to #participate and #RT and tag 5 of your friends to #win! #ContestAlert #Contest https://t…,,,live participate rt win contestalert contest,26/01/2017 07:03,https://twitter.com/#!/naggingmissy/status/824513099579457536,,,8.24513E+17,
naggingmissy,thexoxoday,Mentions,30/01/2017 07:09,RT @thexoxoday: We are #live with our #contest! Follow to participate. All you have to do is #RT and tag 5 of your friends to win! https://…,,,live contest rt,30/01/2017 07:09,https://twitter.com/#!/naggingmissy/status/825964077998551040,,,8.25964E+17,
raghu587143,poojab_14,Mentions,27/01/2017 06:50,"@thexoxoday I would like to go with my best pal @Druva587143 
my 5 friends @hetalrawat @priyalpoddar @BabuBeg @VARMAILA @Poojab_14",,,,27/01/2017 06:50,https://twitter.com/#!/raghu587143/status/824872192093532160,,,8.24872E+17,8.24217E+17
hetalrawat,varmaila,Mentions,27/01/2017 06:52,"RT @Raghu587143: @thexoxoday I would like to go with my best pal @Druva587143 
my 5 friends @hetalrawat @priyalpoddar @BabuBeg @VARMAILA @P…",,,,27/01/2017 06:52,https://twitter.com/#!/hetalrawat/status/824872631727828995,,,8.24873E+17,
varmaila,babubeg,Mentions,27/01/2017 08:10,"RT @Raghu587143: @thexoxoday I would like to go with my best pal @Druva587143 
my 5 friends @hetalrawat @priyalpoddar @BabuBeg @VARMAILA @P…",,,,27/01/2017 08:10,https://twitter.com/#!/varmaila/status/824892280163049474,,,8.24892E+17,
varmaila,priyalpoddar,Mentions,27/01/2017 08:10,"RT @Raghu587143: @thexoxoday I would like to go with my best pal @Druva587143 
my 5 friends @hetalrawat @priyalpoddar @BabuBeg @VARMAILA @P…",,,,27/01/2017 08:10,https://twitter.com/#!/varmaila/status/824892280163049474,,,8.24892E+17,
varmaila,hetalrawat,Mentions,27/01/2017 08:10,"RT @Raghu587143: @thexoxoday I would like to go with my best pal @Druva587143 
my 5 friends @hetalrawat @priyalpoddar @BabuBeg @VARMAILA @P…",,,,27/01/2017 08:10,https://twitter.com/#!/varmaila/status/824892280163049474,,,8.24892E+17,
varmaila,druva587143,Mentions,27/01/2017 08:10,"RT @Raghu587143: @thexoxoday I would like to go with my best pal @Druva587143 
my 5 friends @hetalrawat @priyalpoddar @BabuBeg @VARMAILA @P…",,,,27/01/2017 08:10,https://twitter.com/#!/varmaila/status/824892280163049474,,,8.24892E+17,
varmaila,thexoxoday,Mentions,27/01/2017 08:10,"RT @Raghu587143: @thexoxoday I would like to go with my best pal @Druva587143 
my 5 friends @hetalrawat @priyalpoddar @BabuBeg @VARMAILA @P…",,,,27/01/2017 08:10,https://twitter.com/#!/varmaila/status/824892280163049474,,,8.24892E+17,
varmaila,raghu587143,Mentions,27/01/2017 08:10,"RT @Raghu587143: @thexoxoday I would like to go with my best pal @Druva587143 
my 5 friends @hetalrawat @priyalpoddar @BabuBeg @VARMAILA @P…",,,,27/01/2017 08:10,https://twitter.com/#!/varmaila/status/824892280163049474,,,8.24892E+17,
raghu587143,varmaila,Mentions,27/01/2017 06:50,"@thexoxoday I would like to go with my best pal @Druva587143 
my 5 friends @hetalrawat @priyalpoddar @BabuBeg @VARMAILA @Poojab_14",,,,27/01/2017 06:50,https://twitter.com/#!/raghu587143/status/824872192093532160,,,8.24872E+17,8.24217E+17
fotokiran,babubeg,Mentions,26/01/2017 02:15,"@thexoxoday 
JoiN BuDdiEz 

@BabuBeg 
@ns_verma 
@PinkyDholakia 
@chulbullychidya 
@bhansali_jinal 
@iampratikjadhav 
@Sweet_Mirchi1",,,,26/01/2017 02:15,https://twitter.com/#!/fotokiran/status/824440563529240577,,,8.24441E+17,8.24217E+17
hetalrawat,babubeg,Mentions,27/01/2017 06:52,"RT @Raghu587143: @thexoxoday I would like to go with my best pal @Druva587143 
my 5 friends @hetalrawat @priyalpoddar @BabuBeg @VARMAILA @P…",,,,27/01/2017 06:52,https://twitter.com/#!/hetalrawat/status/824872631727828995,,,8.24873E+17,
raghu587143,babubeg,Mentions,27/01/2017 06:50,"@thexoxoday I would like to go with my best pal @Druva587143 
my 5 friends @hetalrawat @priyalpoddar @BabuBeg @VARMAILA @Poojab_14",,,,27/01/2017 06:50,https://twitter.com/#!/raghu587143/status/824872192093532160,,,8.24872E+17,8.24217E+17
hetalrawat,priyalpoddar,Mentions,27/01/2017 06:52,"RT @Raghu587143: @thexoxoday I would like to go with my best pal @Druva587143 
my 5 friends @hetalrawat @priyalpoddar @BabuBeg @VARMAILA @P…",,,,27/01/2017 06:52,https://twitter.com/#!/hetalrawat/status/824872631727828995,,,8.24873E+17,
raghu587143,priyalpoddar,Mentions,27/01/2017 06:50,"@thexoxoday I would like to go with my best pal @Druva587143 
my 5 friends @hetalrawat @priyalpoddar @BabuBeg @VARMAILA @Poojab_14",,,,27/01/2017 06:50,https://twitter.com/#!/raghu587143/status/824872192093532160,,,8.24872E+17,8.24217E+17
hetalrawat,thexoxoday,Mentions,25/01/2017 11:56,"RT @rehanak55: @thexoxoday #Contest I would like to go for dinner with my bestie
@hetalrawat as we best of pals and would love to enjoy the…",,,contest,25/01/2017 11:56,https://twitter.com/#!/hetalrawat/status/824224301494648833,,,8.24224E+17,
hetalrawat,thexoxoday,Mentions,25/01/2017 11:56,Yay di we will have great time! @rehanak55 @thexoxoday,,,,25/01/2017 11:56,https://twitter.com/#!/hetalrawat/status/824224385280053248,,,8.24224E+17,8.24224E+17
hetalrawat,druva587143,Mentions,27/01/2017 06:52,"RT @Raghu587143: @thexoxoday I would like to go with my best pal @Druva587143 
my 5 friends @hetalrawat @priyalpoddar @BabuBeg @VARMAILA @P…",,,,27/01/2017 06:52,https://twitter.com/#!/hetalrawat/status/824872631727828995,,,8.24873E+17,
hetalrawat,thexoxoday,Mentions,27/01/2017 06:52,"RT @Raghu587143: @thexoxoday I would like to go with my best pal @Druva587143 
my 5 friends @hetalrawat @priyalpoddar @BabuBeg @VARMAILA @P…",,,,27/01/2017 06:52,https://twitter.com/#!/hetalrawat/status/824872631727828995,,,8.24873E+17,
hetalrawat,raghu587143,Mentions,27/01/2017 06:52,"RT @Raghu587143: @thexoxoday I would like to go with my best pal @Druva587143 
my 5 friends @hetalrawat @priyalpoddar @BabuBeg @VARMAILA @P…",,,,27/01/2017 06:52,https://twitter.com/#!/hetalrawat/status/824872631727828995,,,8.24873E+17,
raghu587143,hetalrawat,Mentions,27/01/2017 06:50,"@thexoxoday I would like to go with my best pal @Druva587143 
my 5 friends @hetalrawat @priyalpoddar @BabuBeg @VARMAILA @Poojab_14",,,,27/01/2017 06:50,https://twitter.com/#!/raghu587143/status/824872192093532160,,,8.24872E+17,8.24217E+17
raghu587143,druva587143,Mentions,27/01/2017 06:50,"@thexoxoday I would like to go with my best pal @Druva587143 
my 5 friends @hetalrawat @priyalpoddar @BabuBeg @VARMAILA @Poojab_14",,,,27/01/2017 06:50,https://twitter.com/#!/raghu587143/status/824872192093532160,,,8.24872E+17,8.24217E+17
raghu587143,thexoxoday,Mentions,27/01/2017 06:49,RT @thexoxoday: Our #Contest is #live! #RT and tag 5 of your friends to win this dream ride on an Audi R8 and a Dinner at Taj Mahal Palace!…,,,contest live rt,27/01/2017 06:49,https://twitter.com/#!/raghu587143/status/824871976741150721,,,8.24872E+17,
raghu587143,thexoxoday,Replies to,27/01/2017 06:50,"@thexoxoday I would like to go with my best pal @Druva587143 
my 5 friends @hetalrawat @priyalpoddar @BabuBeg @VARMAILA @Poojab_14",,,,27/01/2017 06:50,https://twitter.com/#!/raghu587143/status/824872192093532160,,,8.24872E+17,8.24217E+17
raghu587143,thexoxoday,Mentions,30/01/2017 07:15,"RT @thexoxoday: We will be announcing the winner at 5pm today, so hang in there and cross your fingers!",,,,30/01/2017 07:15,https://twitter.com/#!/raghu587143/status/825965552388677632,,,8.25966E+17,
raghu587143,thexoxoday,Replies to,30/01/2017 07:15,"@thexoxoday 
Fingers crossed",,,,30/01/2017 07:15,https://twitter.com/#!/raghu587143/status/825965554456465408,,,8.25966E+17,8.25965E+17
chickendorukwom,thexoxoday,Mentions,30/01/2017 07:15,RT @thexoxoday: We are #live with our #contest! Follow to participate. All you have to do is #RT and tag 5 of your friends to win! https://…,,,live contest rt,30/01/2017 07:15,https://twitter.com/#!/chickendorukwom/status/825965618964885505,,,8.25966E+17,
fotokiran,jayshreemehta83,Mentions,26/01/2017 02:13,"@thexoxoday Join Here : 

@ghunjain 
@misty_basu 
@ns_verma 
@Deepaadhan 
@Sweet_Mirchi1 
@iampratikjadhav 
@PinkyDholakia 
@jayshreemehta83",,,,26/01/2017 02:13,https://twitter.com/#!/fotokiran/status/824440034094772224,,,8.2444E+17,8.24256E+17
beshakthi,jayshreemehta83,Mentions,25/01/2017 14:02,"@thexoxoday Join Here : 

@ghunjain 
@007Preeti_ 
@ns_verma 
@Aritri_007
@ekta_k88  
@suruchi_mehta3  
@BhansaliDigna  
@jayshreemehta83",,,,25/01/2017 14:02,https://twitter.com/#!/beshakthi/status/824256227580530688,,,8.24256E+17,8.24256E+17
bhansalidigna,thexoxoday,Mentions,25/01/2017 13:02,RT @thexoxoday: We are #live with our #contest! Follow to participate. All you have to do is #RT and tag 5 of your friends to win! https://…,,,live contest rt,25/01/2017 13:02,https://twitter.com/#!/bhansalidigna/status/824240945801543680,,,8.24241E+17,
bhansalidigna,pinkydholakia,Mentions,25/01/2017 13:03,@thexoxoday @22minalmehta  @misty_basu  @Suruchi0603  @PinkyDholakia  @VHetal,,,,25/01/2017 13:03,https://twitter.com/#!/bhansalidigna/status/824241235296587777,,,8.24241E+17,8.24221E+17
bhansalidigna,thexoxoday,Replies to,25/01/2017 13:03,@thexoxoday @22minalmehta  @misty_basu  @Suruchi0603  @PinkyDholakia  @VHetal,,,,25/01/2017 13:03,https://twitter.com/#!/bhansalidigna/status/824241235296587777,,,8.24241E+17,8.24221E+17
bhansalidigna,dewcool2,Mentions,25/01/2017 13:03,RT @thexoxoday: Our #Contest is now live! #RT and tag 5 of your friends to #win an Audi R8 ride and dinner at Taj! #ContestAlert @dewcool2…,,,contest rt win contestalert,25/01/2017 13:03,https://twitter.com/#!/bhansalidigna/status/824241244356218880,,,8.24241E+17,
bhansalidigna,thexoxoday,Mentions,25/01/2017 13:03,RT @thexoxoday: Our #Contest is now live! #RT and tag 5 of your friends to #win an Audi R8 ride and dinner at Taj! #ContestAlert @dewcool2…,,,contest rt win contestalert,25/01/2017 13:03,https://twitter.com/#!/bhansalidigna/status/824241244356218880,,,8.24241E+17,
bhansalidigna,thexoxoday,Replies to,25/01/2017 13:03,@thexoxoday done,,,,25/01/2017 13:03,https://twitter.com/#!/bhansalidigna/status/824241286697787392,,,8.24241E+17,8.24231E+17
bhansalidigna,thexoxoday,Mentions,25/01/2017 13:03,RT @thexoxoday: A shoutout to everyone who wants to #Participate! Our #contest is now live! Follow us to participate. #RT and tag 5 of your…,,,participate contest rt,25/01/2017 13:03,https://twitter.com/#!/bhansalidigna/status/824241295220580353,,,8.24241E+17,
beshakthi,bhansalidigna,Mentions,25/01/2017 14:02,"@thexoxoday Join Here : 

@ghunjain 
@007Preeti_ 
@ns_verma 
@Aritri_007
@ekta_k88  
@suruchi_mehta3  
@BhansaliDigna  
@jayshreemehta83",,,,25/01/2017 14:02,https://twitter.com/#!/beshakthi/status/824256227580530688,,,8.24256E+17,8.24256E+17
beshakthi,suruchi_mehta3,Mentions,25/01/2017 14:02,"@thexoxoday Join Here : 

@ghunjain 
@007Preeti_ 
@ns_verma 
@Aritri_007
@ekta_k88  
@suruchi_mehta3  
@BhansaliDigna  
@jayshreemehta83",,,,25/01/2017 14:02,https://twitter.com/#!/beshakthi/status/824256227580530688,,,8.24256E+17,8.24256E+17
beshakthi,ekta_k88,Mentions,25/01/2017 14:02,"@thexoxoday Join Here : 

@ghunjain 
@007Preeti_ 
@ns_verma 
@Aritri_007
@ekta_k88  
@suruchi_mehta3  
@BhansaliDigna  
@jayshreemehta83",,,,25/01/2017 14:02,https://twitter.com/#!/beshakthi/status/824256227580530688,,,8.24256E+17,8.24256E+17
beshakthi,aritri_007,Mentions,25/01/2017 14:02,"@thexoxoday Join Here : 

@ghunjain 
@007Preeti_ 
@ns_verma 
@Aritri_007
@ekta_k88  
@suruchi_mehta3  
@BhansaliDigna  
@jayshreemehta83",,,,25/01/2017 14:02,https://twitter.com/#!/beshakthi/status/824256227580530688,,,8.24256E+17,8.24256E+17
fotokiran,ns_verma,Mentions,26/01/2017 02:13,"@thexoxoday Join Here : 

@ghunjain 
@misty_basu 
@ns_verma 
@Deepaadhan 
@Sweet_Mirchi1 
@iampratikjadhav 
@PinkyDholakia 
@jayshreemehta83",,,,26/01/2017 02:13,https://twitter.com/#!/fotokiran/status/824440034094772224,,,8.2444E+17,8.24256E+17
fotokiran,ns_verma,Mentions,26/01/2017 02:15,"@thexoxoday 
JoiN BuDdiEz 

@BabuBeg 
@ns_verma 
@PinkyDholakia 
@chulbullychidya 
@bhansali_jinal 
@iampratikjadhav 
@Sweet_Mirchi1",,,,26/01/2017 02:15,https://twitter.com/#!/fotokiran/status/824440563529240577,,,8.24441E+17,8.24217E+17
beshakthi,ns_verma,Mentions,25/01/2017 14:02,"@thexoxoday Join Here : 

@ghunjain 
@007Preeti_ 
@ns_verma 
@Aritri_007
@ekta_k88  
@suruchi_mehta3  
@BhansaliDigna  
@jayshreemehta83",,,,25/01/2017 14:02,https://twitter.com/#!/beshakthi/status/824256227580530688,,,8.24256E+17,8.24256E+17
beshakthi,007preeti_,Mentions,25/01/2017 14:02,"@thexoxoday Join Here : 

@ghunjain 
@007Preeti_ 
@ns_verma 
@Aritri_007
@ekta_k88  
@suruchi_mehta3  
@BhansaliDigna  
@jayshreemehta83",,,,25/01/2017 14:02,https://twitter.com/#!/beshakthi/status/824256227580530688,,,8.24256E+17,8.24256E+17
fotokiran,ghunjain,Mentions,26/01/2017 02:13,"@thexoxoday Join Here : 

@ghunjain 
@misty_basu 
@ns_verma 
@Deepaadhan 
@Sweet_Mirchi1 
@iampratikjadhav 
@PinkyDholakia 
@jayshreemehta83",,,,26/01/2017 02:13,https://twitter.com/#!/fotokiran/status/824440034094772224,,,8.2444E+17,8.24256E+17
beshakthi,ghunjain,Mentions,25/01/2017 14:02,"@thexoxoday Join Here : 

@ghunjain 
@007Preeti_ 
@ns_verma 
@Aritri_007
@ekta_k88  
@suruchi_mehta3  
@BhansaliDigna  
@jayshreemehta83",,,,25/01/2017 14:02,https://twitter.com/#!/beshakthi/status/824256227580530688,,,8.24256E+17,8.24256E+17
reenajain89,ruchirasalvi2,Mentions,30/01/2017 04:36,"RT @thexoxoday: We have a contest coming up, you guys! Follow us to participate. @plum_paradise @mala_24amrish @ruchirasalvi2 @Acharyaempir…",,,,30/01/2017 04:36,https://twitter.com/#!/reenajain89/status/825925506201681920,,,8.25926E+17,
beshakthi,ruchirasalvi2,Mentions,26/01/2017 02:48,"RT @thexoxoday: We have a contest coming up, you guys! Follow us to participate. @plum_paradise @mala_24amrish @ruchirasalvi2 @Acharyaempir…",,,,26/01/2017 02:48,https://twitter.com/#!/beshakthi/status/824448948073013251,,,8.24449E+17,
reenajain89,mala_24amrish,Mentions,30/01/2017 04:36,"RT @thexoxoday: We have a contest coming up, you guys! Follow us to participate. @plum_paradise @mala_24amrish @ruchirasalvi2 @Acharyaempir…",,,,30/01/2017 04:36,https://twitter.com/#!/reenajain89/status/825925506201681920,,,8.25926E+17,
beshakthi,mala_24amrish,Mentions,26/01/2017 02:48,"RT @thexoxoday: We have a contest coming up, you guys! Follow us to participate. @plum_paradise @mala_24amrish @ruchirasalvi2 @Acharyaempir…",,,,26/01/2017 02:48,https://twitter.com/#!/beshakthi/status/824448948073013251,,,8.24449E+17,
reenajain89,plum_paradise,Mentions,30/01/2017 04:36,"RT @thexoxoday: We have a contest coming up, you guys! Follow us to participate. @plum_paradise @mala_24amrish @ruchirasalvi2 @Acharyaempir…",,,,30/01/2017 04:36,https://twitter.com/#!/reenajain89/status/825925506201681920,,,8.25926E+17,
beshakthi,plum_paradise,Mentions,26/01/2017 02:48,"RT @thexoxoday: We have a contest coming up, you guys! Follow us to participate. @plum_paradise @mala_24amrish @ruchirasalvi2 @Acharyaempir…",,,,26/01/2017 02:48,https://twitter.com/#!/beshakthi/status/824448948073013251,,,8.24449E+17,
beshakthi,contestweeter,Mentions,26/01/2017 02:48,"RT @thexoxoday: @contestweeter We have a #contest coming up, give us a shoutout you guys! #ContestAlert",,,contest contestalert,26/01/2017 02:48,https://twitter.com/#!/beshakthi/status/824448966871945220,,,8.24449E+17,
beshakthi,dewcool2,Mentions,25/01/2017 11:43,RT @thexoxoday: Our #Contest is now live! #RT and tag 5 of your friends to #win an Audi R8 ride and dinner at Taj! #ContestAlert @dewcool2…,,,contest rt win contestalert,25/01/2017 11:43,https://twitter.com/#!/beshakthi/status/824221084543320064,,,8.24221E+17,
beshakthi,thexoxoday,Mentions,25/01/2017 11:43,RT @thexoxoday: Our #Contest is now live! #RT and tag 5 of your friends to #win an Audi R8 ride and dinner at Taj! #ContestAlert @dewcool2…,,,contest rt win contestalert,25/01/2017 11:43,https://twitter.com/#!/beshakthi/status/824221084543320064,,,8.24221E+17,
beshakthi,thexoxoday,Mentions,25/01/2017 12:14,RT @thexoxoday: Our #Contest is #live! #RT and tag 5 of your friends to win this dream ride on an Audi R8 and a Dinner at Taj Mahal Palace!…,,,contest live rt,25/01/2017 12:14,https://twitter.com/#!/beshakthi/status/824229072616247296,,,8.24229E+17,
beshakthi,thexoxoday,Mentions,25/01/2017 14:02,RT @thexoxoday: Our contest is #LIVE! Follow us to #participate and #RT and tag 5 of your friends to #win! #ContestAlert #Contest https://t…,,,live participate rt win contestalert contest,25/01/2017 14:02,https://twitter.com/#!/beshakthi/status/824256101973630979,,,8.24256E+17,
beshakthi,thexoxoday,Replies to,25/01/2017 14:02,"@thexoxoday Join Here : 

@ghunjain 
@007Preeti_ 
@ns_verma 
@Aritri_007
@ekta_k88  
@suruchi_mehta3  
@BhansaliDigna  
@jayshreemehta83",,,,25/01/2017 14:02,https://twitter.com/#!/beshakthi/status/824256227580530688,,,8.24256E+17,8.24256E+17
beshakthi,thexoxoday,Mentions,25/01/2017 17:13,"RT @thexoxoday: #ContestAlert Remember, Follow Us to Participate! #contest #contestindia #ContestofChampions https://t.co/yD5kFC1kES",,,contestalert contest contestindia contestofchampions,25/01/2017 17:13,https://twitter.com/#!/beshakthi/status/824304138951557121,,,8.24304E+17,
beshakthi,thexoxoday,Mentions,26/01/2017 02:48,RT @thexoxoday: Keep participating in our #contest to win an Audi Q3 ride and a lavish dinner for two at the Taj Mahal Palace! #ContestAler…,,,contest,26/01/2017 02:48,https://twitter.com/#!/beshakthi/status/824448789171830785,,,8.24449E+17,
beshakthi,thexoxoday,Mentions,26/01/2017 02:48,RT @thexoxoday: A shoutout to everyone who wants to #Participate! Our #contest is now live! Follow us to participate. #RT and tag 5 of your…,,,participate contest rt,26/01/2017 02:48,https://twitter.com/#!/beshakthi/status/824448855638941697,,,8.24449E+17,
beshakthi,thexoxoday,Mentions,26/01/2017 02:48,RT @thexoxoday: We are #live with our #contest! Follow to participate. All you have to do is #RT and tag 5 of your friends to win! https://…,,,live contest rt,26/01/2017 02:48,https://twitter.com/#!/beshakthi/status/824448921581846529,,,8.24449E+17,
beshakthi,thexoxoday,Mentions,26/01/2017 02:48,"RT @thexoxoday: We have a contest coming up, you guys! Follow us to participate. @plum_paradise @mala_24amrish @ruchirasalvi2 @Acharyaempir…",,,,26/01/2017 02:48,https://twitter.com/#!/beshakthi/status/824448948073013251,,,8.24449E+17,
beshakthi,thexoxoday,Mentions,26/01/2017 02:48,"RT @thexoxoday: @contestweeter We have a #contest coming up, give us a shoutout you guys! #ContestAlert",,,contest contestalert,26/01/2017 02:48,https://twitter.com/#!/beshakthi/status/824448966871945220,,,8.24449E+17,
beshakthi,thexoxoday,Mentions,27/01/2017 04:10,"RT @thexoxoday: We will be announcing the winner on Monday, which means, you still have three more days to participate and #win! #ContestAl…",,,win,27/01/2017 04:10,https://twitter.com/#!/beshakthi/status/824831854763184128,,,8.24832E+17,
beshakthi,thexoxoday,Mentions,27/01/2017 04:14,"RT @thexoxoday: Follow us to participate, all you have to do is #RT and tag 5 of your friends and visit - https://t.co/sDYj0Z0PUX #contest…",https://www.xoxoday.com/?utm_source=twitter&utm_campaign=contest-post&utm_medium=social,xoxoday.com,rt contest,27/01/2017 04:14,https://twitter.com/#!/beshakthi/status/824832917222326276,,,8.24833E+17,
beshakthi,thexoxoday,Mentions,28/01/2017 02:58,"RT @thexoxoday: #Bangalore, we love you and we absolutely love the super fun and unique things that you have to offer! Read On - https://t.…",,,bangalore,28/01/2017 02:58,https://twitter.com/#!/beshakthi/status/825176256568254465,,,8.25176E+17,
beshakthi,thexoxoday,Mentions,28/01/2017 05:09,RT @thexoxoday: Giftxoxo and Frogo have a new name: Xoxoday. We will keep providing you with India's best experiences! Visit - https://t.co…,,,,28/01/2017 05:09,https://twitter.com/#!/beshakthi/status/825209087377940480,,,8.25209E+17,
beshakthi,thexoxoday,Mentions,29/01/2017 05:04,RT @thexoxoday: The Technology Journey of Xoxoday https://t.co/GrZNtpTh8o,https://enterpriseblog.xoxoday.com/technology-journey-xoxoday/2531,xoxoday.com,,29/01/2017 05:04,https://twitter.com/#!/beshakthi/status/825570341196034048,,,8.2557E+17,
beshakthi,thexoxoday,Mentions,30/01/2017 07:17,"RT @thexoxoday: We will be announcing the winner at 5pm today, so hang in there and cross your fingers!",,,,30/01/2017 07:17,https://twitter.com/#!/beshakthi/status/825966042027589632,,,8.25966E+17,
chinu000,pinkydholakia,Mentions,25/01/2017 11:30,RT @Acharyaempire: @thexoxoday @fashionwala @VineetSonkar @chinu000 @TheYellowLiger @PinkyDholakia @Dreamer_Vikrant #contest,,,contest,25/01/2017 11:30,https://twitter.com/#!/chinu000/status/824217965377814528,,,8.24218E+17,
fotokiran,pinkydholakia,Mentions,26/01/2017 02:13,"@thexoxoday Join Here : 

@ghunjain 
@misty_basu 
@ns_verma 
@Deepaadhan 
@Sweet_Mirchi1 
@iampratikjadhav 
@PinkyDholakia 
@jayshreemehta83",,,,26/01/2017 02:13,https://twitter.com/#!/fotokiran/status/824440034094772224,,,8.2444E+17,8.24256E+17
fotokiran,pinkydholakia,Mentions,26/01/2017 02:15,"@thexoxoday 
JoiN BuDdiEz 

@BabuBeg 
@ns_verma 
@PinkyDholakia 
@chulbullychidya 
@bhansali_jinal 
@iampratikjadhav 
@Sweet_Mirchi1",,,,26/01/2017 02:15,https://twitter.com/#!/fotokiran/status/824440563529240577,,,8.24441E+17,8.24217E+17
acharyaempire,pinkydholakia,Mentions,25/01/2017 11:30,@thexoxoday @fashionwala @VineetSonkar @chinu000 @TheYellowLiger @PinkyDholakia @Dreamer_Vikrant #contest,,,contest,25/01/2017 11:30,https://twitter.com/#!/acharyaempire/status/824217898621079553,,,8.24218E+17,8.24217E+17
chinu000,theyellowliger,Mentions,25/01/2017 11:30,RT @Acharyaempire: @thexoxoday @fashionwala @VineetSonkar @chinu000 @TheYellowLiger @PinkyDholakia @Dreamer_Vikrant #contest,,,contest,25/01/2017 11:30,https://twitter.com/#!/chinu000/status/824217965377814528,,,8.24218E+17,
acharyaempire,theyellowliger,Mentions,25/01/2017 11:30,@thexoxoday @fashionwala @VineetSonkar @chinu000 @TheYellowLiger @PinkyDholakia @Dreamer_Vikrant #contest,,,contest,25/01/2017 11:30,https://twitter.com/#!/acharyaempire/status/824217898621079553,,,8.24218E+17,8.24217E+17
chinu000,dreamer_vikrant,Mentions,25/01/2017 11:30,RT @Acharyaempire: @thexoxoday @fashionwala @VineetSonkar @chinu000 @TheYellowLiger @PinkyDholakia @Dreamer_Vikrant #contest,,,contest,25/01/2017 11:30,https://twitter.com/#!/chinu000/status/824217965377814528,,,8.24218E+17,
chinu000,vineetsonkar,Mentions,25/01/2017 11:30,RT @Acharyaempire: @thexoxoday @fashionwala @VineetSonkar @chinu000 @TheYellowLiger @PinkyDholakia @Dreamer_Vikrant #contest,,,contest,25/01/2017 11:30,https://twitter.com/#!/chinu000/status/824217965377814528,,,8.24218E+17,
chinu000,fashionwala,Mentions,25/01/2017 11:30,RT @Acharyaempire: @thexoxoday @fashionwala @VineetSonkar @chinu000 @TheYellowLiger @PinkyDholakia @Dreamer_Vikrant #contest,,,contest,25/01/2017 11:30,https://twitter.com/#!/chinu000/status/824217965377814528,,,8.24218E+17,
chinu000,thexoxoday,Mentions,25/01/2017 11:30,RT @Acharyaempire: @thexoxoday @fashionwala @VineetSonkar @chinu000 @TheYellowLiger @PinkyDholakia @Dreamer_Vikrant #contest,,,contest,25/01/2017 11:30,https://twitter.com/#!/chinu000/status/824217965377814528,,,8.24218E+17,
chinu000,acharyaempire,Mentions,25/01/2017 11:30,RT @Acharyaempire: @thexoxoday @fashionwala @VineetSonkar @chinu000 @TheYellowLiger @PinkyDholakia @Dreamer_Vikrant #contest,,,contest,25/01/2017 11:30,https://twitter.com/#!/chinu000/status/824217965377814528,,,8.24218E+17,
acharyaempire,chinu000,Mentions,25/01/2017 11:30,@thexoxoday @fashionwala @VineetSonkar @chinu000 @TheYellowLiger @PinkyDholakia @Dreamer_Vikrant #contest,,,contest,25/01/2017 11:30,https://twitter.com/#!/acharyaempire/status/824217898621079553,,,8.24218E+17,8.24217E+17
dreamer_vikrant,broke,Mentions,25/01/2017 13:17,RT @thexoxoday: We have a #contest coming up. Follow us to participate! @IndianContests @Contesttable @iheartcontest @photo_contests @Broke…,,,contest,25/01/2017 13:17,https://twitter.com/#!/dreamer_vikrant/status/824244747401314304,,,8.24245E+17,
dreamer_vikrant,photo_contests,Mentions,25/01/2017 13:17,RT @thexoxoday: We have a #contest coming up. Follow us to participate! @IndianContests @Contesttable @iheartcontest @photo_contests @Broke…,,,contest,25/01/2017 13:17,https://twitter.com/#!/dreamer_vikrant/status/824244747401314304,,,8.24245E+17,
dreamer_vikrant,iheartcontest,Mentions,25/01/2017 13:17,RT @thexoxoday: We have a #contest coming up. Follow us to participate! @IndianContests @Contesttable @iheartcontest @photo_contests @Broke…,,,contest,25/01/2017 13:17,https://twitter.com/#!/dreamer_vikrant/status/824244747401314304,,,8.24245E+17,
dreamer_vikrant,contesttable,Mentions,25/01/2017 13:17,RT @thexoxoday: We have a #contest coming up. Follow us to participate! @IndianContests @Contesttable @iheartcontest @photo_contests @Broke…,,,contest,25/01/2017 13:17,https://twitter.com/#!/dreamer_vikrant/status/824244747401314304,,,8.24245E+17,
dreamer_vikrant,thexoxoday,Mentions,25/01/2017 13:17,RT @thexoxoday: We have a #contest coming up. Follow us to participate! @IndianContests @Contesttable @iheartcontest @photo_contests @Broke…,,,contest,25/01/2017 13:17,https://twitter.com/#!/dreamer_vikrant/status/824244747401314304,,,8.24245E+17,
dreamer_vikrant,thexoxoday,Mentions,25/01/2017 13:30,RT @Acharyaempire: @thexoxoday I would like to take my friend @Dreamer_Vikrant to this grand place :) #ContestAlert,,,contestalert,25/01/2017 13:30,https://twitter.com/#!/dreamer_vikrant/status/824248154774261761,,,8.24248E+17,
dreamer_vikrant,acharyaempire,Mentions,25/01/2017 13:30,RT @Acharyaempire: @thexoxoday I would like to take my friend @Dreamer_Vikrant to this grand place :) #ContestAlert,,,contestalert,25/01/2017 13:30,https://twitter.com/#!/dreamer_vikrant/status/824248154774261761,,,8.24248E+17,
acharyaempire,dreamer_vikrant,Mentions,25/01/2017 11:30,@thexoxoday @fashionwala @VineetSonkar @chinu000 @TheYellowLiger @PinkyDholakia @Dreamer_Vikrant #contest,,,contest,25/01/2017 11:30,https://twitter.com/#!/acharyaempire/status/824217898621079553,,,8.24218E+17,8.24217E+17
acharyaempire,dreamer_vikrant,Mentions,25/01/2017 11:31,@thexoxoday I would like to take my friend @Dreamer_Vikrant to this grand place :) #ContestAlert,,,contestalert,25/01/2017 11:31,https://twitter.com/#!/acharyaempire/status/824218156038164480,,,8.24218E+17,8.24217E+17
b_elaine_,mj180shiva,Mentions,25/01/2017 12:25,"@thexoxoday
@VineetSonkar 
@rantsbygeorge 
@Stubborn001 
@fotokiran 
@Mj180Shiva 
#contest #AudiR8 😍😍😍😍",,,contest audir8,25/01/2017 12:25,https://twitter.com/#!/b_elaine_/status/824231809613434880,,,8.24232E+17,8.24217E+17
b_elaine_,mj180shiva,Mentions,25/01/2017 12:27,"@thexoxoday 
@VineetSonkar 
@rantsbygeorge 
@Stubborn001 
@fotokiran 
@Mj180Shiva 
#AudiR8 #contest 😍😍😍😍
Wish to win 😙😙😙",,,audir8 contest,25/01/2017 12:27,https://twitter.com/#!/b_elaine_/status/824232166380990464,,,8.24232E+17,8.24231E+17
fotokiran,thexoxoday,Replies to,26/01/2017 02:13,"@thexoxoday Join Here : 

@ghunjain 
@misty_basu 
@ns_verma 
@Deepaadhan 
@Sweet_Mirchi1 
@iampratikjadhav 
@PinkyDholakia 
@jayshreemehta83",,,,26/01/2017 02:13,https://twitter.com/#!/fotokiran/status/824440034094772224,,,8.2444E+17,8.24256E+17
fotokiran,thexoxoday,Mentions,26/01/2017 02:13,RT @thexoxoday: Our contest is #LIVE! Follow us to #participate and #RT and tag 5 of your friends to #win! #ContestAlert #Contest https://t…,,,live participate rt win contestalert contest,26/01/2017 02:13,https://twitter.com/#!/fotokiran/status/824440052147056640,,,8.2444E+17,
fotokiran,thexoxoday,Replies to,26/01/2017 02:15,"@thexoxoday 
JoiN BuDdiEz 

@BabuBeg 
@ns_verma 
@PinkyDholakia 
@chulbullychidya 
@bhansali_jinal 
@iampratikjadhav 
@Sweet_Mirchi1",,,,26/01/2017 02:15,https://twitter.com/#!/fotokiran/status/824440563529240577,,,8.24441E+17,8.24217E+17
fotokiran,thexoxoday,Mentions,26/01/2017 02:15,RT @thexoxoday: Our #Contest is #live! #RT and tag 5 of your friends to win this dream ride on an Audi R8 and a Dinner at Taj Mahal Palace!…,,,contest live rt,26/01/2017 02:15,https://twitter.com/#!/fotokiran/status/824440579555627008,,,8.24441E+17,
b_elaine_,fotokiran,Mentions,25/01/2017 12:25,"@thexoxoday
@VineetSonkar 
@rantsbygeorge 
@Stubborn001 
@fotokiran 
@Mj180Shiva 
#contest #AudiR8 😍😍😍😍",,,contest audir8,25/01/2017 12:25,https://twitter.com/#!/b_elaine_/status/824231809613434880,,,8.24232E+17,8.24217E+17
b_elaine_,fotokiran,Mentions,25/01/2017 12:27,"@thexoxoday 
@VineetSonkar 
@rantsbygeorge 
@Stubborn001 
@fotokiran 
@Mj180Shiva 
#AudiR8 #contest 😍😍😍😍
Wish to win 😙😙😙",,,audir8 contest,25/01/2017 12:27,https://twitter.com/#!/b_elaine_/status/824232166380990464,,,8.24232E+17,8.24231E+17
b_elaine_,stubborn001,Mentions,25/01/2017 12:25,"@thexoxoday
@VineetSonkar 
@rantsbygeorge 
@Stubborn001 
@fotokiran 
@Mj180Shiva 
#contest #AudiR8 😍😍😍😍",,,contest audir8,25/01/2017 12:25,https://twitter.com/#!/b_elaine_/status/824231809613434880,,,8.24232E+17,8.24217E+17
b_elaine_,stubborn001,Mentions,25/01/2017 12:27,"@thexoxoday 
@VineetSonkar 
@rantsbygeorge 
@Stubborn001 
@fotokiran 
@Mj180Shiva 
#AudiR8 #contest 😍😍😍😍
Wish to win 😙😙😙",,,audir8 contest,25/01/2017 12:27,https://twitter.com/#!/b_elaine_/status/824232166380990464,,,8.24232E+17,8.24231E+17
b_elaine_,b_e,Mentions,25/01/2017 12:27,"RT @VineetSonkar: @thexoxoday Friends join the #Xoxoday contest &amp; win big 😍

@Acharyaempire 
@AtulKrIn 
@kunalgupta09 
@Ni3_Prajapati 
@b_e…",,,xoxoday,25/01/2017 12:27,https://twitter.com/#!/b_elaine_/status/824232292797267975,,,8.24232E+17,
vineetsonkar,ni3_prajapati,Mentions,25/01/2017 12:23,"@thexoxoday Friends join the #Xoxoday contest &amp; win big 😍

@Acharyaempire 
@AtulKrIn 
@kunalgupta09 
@Ni3_Prajapati 
@b_elaine_",,,xoxoday,25/01/2017 12:23,https://twitter.com/#!/vineetsonkar/status/824231238500171776,,,8.24231E+17,8.24217E+17
b_elaine_,ni3_prajapati,Mentions,25/01/2017 12:27,"RT @VineetSonkar: @thexoxoday Friends join the #Xoxoday contest &amp; win big 😍

@Acharyaempire 
@AtulKrIn 
@kunalgupta09 
@Ni3_Prajapati 
@b_e…",,,xoxoday,25/01/2017 12:27,https://twitter.com/#!/b_elaine_/status/824232292797267975,,,8.24232E+17,
vineetsonkar,kunalgupta09,Mentions,25/01/2017 12:23,"@thexoxoday Friends join the #Xoxoday contest &amp; win big 😍

@Acharyaempire 
@AtulKrIn 
@kunalgupta09 
@Ni3_Prajapati 
@b_elaine_",,,xoxoday,25/01/2017 12:23,https://twitter.com/#!/vineetsonkar/status/824231238500171776,,,8.24231E+17,8.24217E+17
b_elaine_,kunalgupta09,Mentions,25/01/2017 12:27,"RT @VineetSonkar: @thexoxoday Friends join the #Xoxoday contest &amp; win big 😍

@Acharyaempire 
@AtulKrIn 
@kunalgupta09 
@Ni3_Prajapati 
@b_e…",,,xoxoday,25/01/2017 12:27,https://twitter.com/#!/b_elaine_/status/824232292797267975,,,8.24232E+17,
vineetsonkar,atulkrin,Mentions,25/01/2017 12:23,"@thexoxoday Friends join the #Xoxoday contest &amp; win big 😍

@Acharyaempire 
@AtulKrIn 
@kunalgupta09 
@Ni3_Prajapati 
@b_elaine_",,,xoxoday,25/01/2017 12:23,https://twitter.com/#!/vineetsonkar/status/824231238500171776,,,8.24231E+17,8.24217E+17
b_elaine_,atulkrin,Mentions,25/01/2017 12:27,"RT @VineetSonkar: @thexoxoday Friends join the #Xoxoday contest &amp; win big 😍

@Acharyaempire 
@AtulKrIn 
@kunalgupta09 
@Ni3_Prajapati 
@b_e…",,,xoxoday,25/01/2017 12:27,https://twitter.com/#!/b_elaine_/status/824232292797267975,,,8.24232E+17,
vineetsonkar,acharyaempire,Mentions,25/01/2017 12:23,"@thexoxoday Friends join the #Xoxoday contest &amp; win big 😍

@Acharyaempire 
@AtulKrIn 
@kunalgupta09 
@Ni3_Prajapati 
@b_elaine_",,,xoxoday,25/01/2017 12:23,https://twitter.com/#!/vineetsonkar/status/824231238500171776,,,8.24231E+17,8.24217E+17
vineetsonkar,acharyaempire,Mentions,25/01/2017 12:25,@thexoxoday I would like to go for dinner with my friend @Acharyaempire 😊because we are foodie &amp; love to explore places together!,,,,25/01/2017 12:25,https://twitter.com/#!/vineetsonkar/status/824231704436936705,,,8.24232E+17,8.24231E+17
acharyaempire,thexoxoday,Mentions,25/01/2017 11:27,RT @thexoxoday: Our #Contest is #live! #RT and tag 5 of your friends to win this dream ride on an Audi R8 and a Dinner at Taj Mahal Palace!…,,,contest live rt,25/01/2017 11:27,https://twitter.com/#!/acharyaempire/status/824217158016114689,,,8.24217E+17,
acharyaempire,thexoxoday,Mentions,25/01/2017 11:29,RT @thexoxoday: We are #live with our #contest! Follow to participate. All you have to do is #RT and tag 5 of your friends to win! https://…,,,live contest rt,25/01/2017 11:29,https://twitter.com/#!/acharyaempire/status/824217721957060608,,,8.24218E+17,
acharyaempire,vineetsonkar,Mentions,25/01/2017 11:30,@thexoxoday @fashionwala @VineetSonkar @chinu000 @TheYellowLiger @PinkyDholakia @Dreamer_Vikrant #contest,,,contest,25/01/2017 11:30,https://twitter.com/#!/acharyaempire/status/824217898621079553,,,8.24218E+17,8.24217E+17
acharyaempire,fashionwala,Mentions,25/01/2017 11:30,@thexoxoday @fashionwala @VineetSonkar @chinu000 @TheYellowLiger @PinkyDholakia @Dreamer_Vikrant #contest,,,contest,25/01/2017 11:30,https://twitter.com/#!/acharyaempire/status/824217898621079553,,,8.24218E+17,8.24217E+17
acharyaempire,thexoxoday,Replies to,25/01/2017 11:30,@thexoxoday @fashionwala @VineetSonkar @chinu000 @TheYellowLiger @PinkyDholakia @Dreamer_Vikrant #contest,,,contest,25/01/2017 11:30,https://twitter.com/#!/acharyaempire/status/824217898621079553,,,8.24218E+17,8.24217E+17
acharyaempire,thexoxoday,Replies to,25/01/2017 11:31,@thexoxoday I would like to take my friend @Dreamer_Vikrant to this grand place :) #ContestAlert,,,contestalert,25/01/2017 11:31,https://twitter.com/#!/acharyaempire/status/824218156038164480,,,8.24218E+17,8.24217E+17
acharyaempire,thexoxoday,Mentions,25/01/2017 12:31,RT @thexoxoday: A shoutout to everyone who wants to #Participate! Our #contest is now live! Follow us to participate. #RT and tag 5 of your…,,,participate contest rt,25/01/2017 12:31,https://twitter.com/#!/acharyaempire/status/824233231629197312,,,8.24233E+17,
acharyaempire,thexoxoday,Mentions,25/01/2017 14:12,RT @thexoxoday: Our contest is #LIVE! Follow us to #participate and #RT and tag 5 of your friends to #win! #ContestAlert #Contest https://t…,,,live participate rt win contestalert contest,25/01/2017 14:12,https://twitter.com/#!/acharyaempire/status/824258576080248832,,,8.24259E+17,
acharyaempire,thexoxoday,Mentions,25/01/2017 14:12,RT @thexoxoday: Keep participating in our #contest to win an Audi Q3 ride and a lavish dinner for two at the Taj Mahal Palace! #ContestAler…,,,contest,25/01/2017 14:12,https://twitter.com/#!/acharyaempire/status/824258589682376704,,,8.24259E+17,
acharyaempire,thexoxoday,Mentions,30/01/2017 07:21,"RT @thexoxoday: We will be announcing the winner at 5pm today, so hang in there and cross your fingers!",,,,30/01/2017 07:21,https://twitter.com/#!/acharyaempire/status/825967060865867776,,,8.25967E+17,
b_elaine_,acharyaempire,Mentions,25/01/2017 12:27,"RT @VineetSonkar: @thexoxoday Friends join the #Xoxoday contest &amp; win big 😍

@Acharyaempire 
@AtulKrIn 
@kunalgupta09 
@Ni3_Prajapati 
@b_e…",,,xoxoday,25/01/2017 12:27,https://twitter.com/#!/b_elaine_/status/824232292797267975,,,8.24232E+17,
vineetsonkar,thexoxoday,Replies to,25/01/2017 12:20,@thexoxoday Contest for Mumbai people only team ?,,,,25/01/2017 12:20,https://twitter.com/#!/vineetsonkar/status/824230386309828609,,,8.2423E+17,8.24221E+17
vineetsonkar,thexoxoday,Mentions,25/01/2017 12:21,RT @thexoxoday: We are #live with our #contest! Follow to participate. All you have to do is #RT and tag 5 of your friends to win! https://…,,,live contest rt,25/01/2017 12:21,https://twitter.com/#!/vineetsonkar/status/824230760135540736,,,8.24231E+17,
vineetsonkar,b_elaine_,Mentions,25/01/2017 12:23,"@thexoxoday Friends join the #Xoxoday contest &amp; win big 😍

@Acharyaempire 
@AtulKrIn 
@kunalgupta09 
@Ni3_Prajapati 
@b_elaine_",,,xoxoday,25/01/2017 12:23,https://twitter.com/#!/vineetsonkar/status/824231238500171776,,,8.24231E+17,8.24217E+17
vineetsonkar,thexoxoday,Replies to,25/01/2017 12:23,"@thexoxoday Friends join the #Xoxoday contest &amp; win big 😍

@Acharyaempire 
@AtulKrIn 
@kunalgupta09 
@Ni3_Prajapati 
@b_elaine_",,,xoxoday,25/01/2017 12:23,https://twitter.com/#!/vineetsonkar/status/824231238500171776,,,8.24231E+17,8.24217E+17
vineetsonkar,dewcool2,Mentions,25/01/2017 12:23,RT @thexoxoday: Our #Contest is now live! #RT and tag 5 of your friends to #win an Audi R8 ride and dinner at Taj! #ContestAlert @dewcool2…,,,contest rt win contestalert,25/01/2017 12:23,https://twitter.com/#!/vineetsonkar/status/824231264014086148,,,8.24231E+17,
vineetsonkar,thexoxoday,Mentions,25/01/2017 12:23,RT @thexoxoday: Our #Contest is now live! #RT and tag 5 of your friends to #win an Audi R8 ride and dinner at Taj! #ContestAlert @dewcool2…,,,contest rt win contestalert,25/01/2017 12:23,https://twitter.com/#!/vineetsonkar/status/824231264014086148,,,8.24231E+17,
vineetsonkar,thexoxoday,Mentions,25/01/2017 12:23,RT @thexoxoday: A shoutout to everyone who wants to #Participate! Our #contest is now live! Follow us to participate. #RT and tag 5 of your…,,,participate contest rt,25/01/2017 12:23,https://twitter.com/#!/vineetsonkar/status/824231278689992704,,,8.24231E+17,
vineetsonkar,thexoxoday,Mentions,25/01/2017 12:23,RT @thexoxoday: Our #Contest is #live! #RT and tag 5 of your friends to win this dream ride on an Audi R8 and a Dinner at Taj Mahal Palace!…,,,contest live rt,25/01/2017 12:23,https://twitter.com/#!/vineetsonkar/status/824231293000880129,,,8.24231E+17,
vineetsonkar,thexoxoday,Replies to,25/01/2017 12:25,@thexoxoday I would like to go for dinner with my friend @Acharyaempire 😊because we are foodie &amp; love to explore places together!,,,,25/01/2017 12:25,https://twitter.com/#!/vineetsonkar/status/824231704436936705,,,8.24232E+17,8.24231E+17
vineetsonkar,thexoxoday,Mentions,25/01/2017 15:33,RT @thexoxoday: Keep participating in our #contest to win an Audi Q3 ride and a lavish dinner for two at the Taj Mahal Palace! #ContestAler…,,,contest,25/01/2017 15:33,https://twitter.com/#!/vineetsonkar/status/824278928051159040,,,8.24279E+17,
vineetsonkar,thexoxoday,Mentions,27/01/2017 05:04,RT @thexoxoday: Our contest is #LIVE! Follow us to #participate and #RT and tag 5 of your friends to #win! #ContestAlert #Contest https://t…,,,live participate rt win contestalert contest,27/01/2017 05:04,https://twitter.com/#!/vineetsonkar/status/824845439249756160,,,8.24845E+17,
vineetsonkar,thexoxoday,Mentions,27/01/2017 05:04,"RT @thexoxoday: Follow us to participate, all you have to do is #RT and tag 5 of your friends and visit - https://t.co/sDYj0Z0PUX #contest…",https://www.xoxoday.com/?utm_source=twitter&utm_campaign=contest-post&utm_medium=social,xoxoday.com,rt contest,27/01/2017 05:04,https://twitter.com/#!/vineetsonkar/status/824845481146593283,,,8.24845E+17,
vineetsonkar,thexoxoday,Mentions,27/01/2017 05:04,"RT @thexoxoday: We will be announcing the winner on Monday, which means, you still have three more days to participate and #win! #ContestAl…",,,win,27/01/2017 05:04,https://twitter.com/#!/vineetsonkar/status/824845481146667008,,,8.24845E+17,
b_elaine_,vineetsonkar,Mentions,25/01/2017 12:25,"@thexoxoday
@VineetSonkar 
@rantsbygeorge 
@Stubborn001 
@fotokiran 
@Mj180Shiva 
#contest #AudiR8 😍😍😍😍",,,contest audir8,25/01/2017 12:25,https://twitter.com/#!/b_elaine_/status/824231809613434880,,,8.24232E+17,8.24217E+17
b_elaine_,vineetsonkar,Mentions,25/01/2017 12:27,"@thexoxoday 
@VineetSonkar 
@rantsbygeorge 
@Stubborn001 
@fotokiran 
@Mj180Shiva 
#AudiR8 #contest 😍😍😍😍
Wish to win 😙😙😙",,,audir8 contest,25/01/2017 12:27,https://twitter.com/#!/b_elaine_/status/824232166380990464,,,8.24232E+17,8.24231E+17
b_elaine_,vineetsonkar,Mentions,25/01/2017 12:27,"RT @VineetSonkar: @thexoxoday Friends join the #Xoxoday contest &amp; win big 😍

@Acharyaempire 
@AtulKrIn 
@kunalgupta09 
@Ni3_Prajapati 
@b_e…",,,xoxoday,25/01/2017 12:27,https://twitter.com/#!/b_elaine_/status/824232292797267975,,,8.24232E+17,
b_elaine_,rantsbygeorge,Mentions,25/01/2017 12:25,"@thexoxoday
@VineetSonkar 
@rantsbygeorge 
@Stubborn001 
@fotokiran 
@Mj180Shiva 
#contest #AudiR8 😍😍😍😍",,,contest audir8,25/01/2017 12:25,https://twitter.com/#!/b_elaine_/status/824231809613434880,,,8.24232E+17,8.24217E+17
b_elaine_,rantsbygeorge,Mentions,25/01/2017 12:27,"@thexoxoday 
@VineetSonkar 
@rantsbygeorge 
@Stubborn001 
@fotokiran 
@Mj180Shiva 
#AudiR8 #contest 😍😍😍😍
Wish to win 😙😙😙",,,audir8 contest,25/01/2017 12:27,https://twitter.com/#!/b_elaine_/status/824232166380990464,,,8.24232E+17,8.24231E+17
b_elaine_,rantsbygeorge,Mentions,25/01/2017 12:29,"@thexoxoday 
Wish to win 😙😙😙😙
Please make my dream come true...i luvv the AudiR8 and would luv to dine with @rantsbygeorge at the Taj Mahal😙",,,,25/01/2017 12:29,https://twitter.com/#!/b_elaine_/status/824232754455818245,,,8.24233E+17,8.24217E+17
b_elaine_,thexoxoday,Replies to,25/01/2017 12:25,"@thexoxoday
@VineetSonkar 
@rantsbygeorge 
@Stubborn001 
@fotokiran 
@Mj180Shiva 
#contest #AudiR8 😍😍😍😍",,,contest audir8,25/01/2017 12:25,https://twitter.com/#!/b_elaine_/status/824231809613434880,,,8.24232E+17,8.24217E+17
b_elaine_,thexoxoday,Mentions,25/01/2017 12:26,RT @thexoxoday: Our #Contest is #live! #RT and tag 5 of your friends to win this dream ride on an Audi R8 and a Dinner at Taj Mahal Palace!…,,,contest live rt,25/01/2017 12:26,https://twitter.com/#!/b_elaine_/status/824231849916563458,,,8.24232E+17,
b_elaine_,thexoxoday,Mentions,25/01/2017 12:26,RT @thexoxoday: A shoutout to everyone who wants to #Participate! Our #contest is now live! Follow us to participate. #RT and tag 5 of your…,,,participate contest rt,25/01/2017 12:26,https://twitter.com/#!/b_elaine_/status/824231943822786561,,,8.24232E+17,
b_elaine_,thexoxoday,Replies to,25/01/2017 12:27,"@thexoxoday 
@VineetSonkar 
@rantsbygeorge 
@Stubborn001 
@fotokiran 
@Mj180Shiva 
#AudiR8 #contest 😍😍😍😍
Wish to win 😙😙😙",,,audir8 contest,25/01/2017 12:27,https://twitter.com/#!/b_elaine_/status/824232166380990464,,,8.24232E+17,8.24231E+17
b_elaine_,thexoxoday,Mentions,25/01/2017 12:27,"RT @VineetSonkar: @thexoxoday Friends join the #Xoxoday contest &amp; win big 😍

@Acharyaempire 
@AtulKrIn 
@kunalgupta09 
@Ni3_Prajapati 
@b_e…",,,xoxoday,25/01/2017 12:27,https://twitter.com/#!/b_elaine_/status/824232292797267975,,,8.24232E+17,
b_elaine_,thexoxoday,Replies to,25/01/2017 12:29,"@thexoxoday 
Wish to win 😙😙😙😙
Please make my dream come true...i luvv the AudiR8 and would luv to dine with @rantsbygeorge at the Taj Mahal😙",,,,25/01/2017 12:29,https://twitter.com/#!/b_elaine_/status/824232754455818245,,,8.24233E+17,8.24217E+17
b_elaine_,thexoxoday,Replies to,25/01/2017 14:04,"@thexoxoday 
Wish to Win 😙😙😙",,,,25/01/2017 14:04,https://twitter.com/#!/b_elaine_/status/824256580145315840,,,8.24257E+17,8.24256E+17
b_elaine_,thexoxoday,Mentions,27/01/2017 06:17,"RT @thexoxoday: We will be announcing the winner on Monday, which means, you still have three more days to participate and #win! #ContestAl…",,,win,27/01/2017 06:17,https://twitter.com/#!/b_elaine_/status/824863908804521985,,,8.24864E+17,
b_elaine_,thexoxoday,Replies to,27/01/2017 06:18,"@thexoxoday 
My fingers are tightly crossed...i wish to win this!!!😍😍😍",,,,27/01/2017 06:18,https://twitter.com/#!/b_elaine_/status/824864236706738177,,,8.24864E+17,8.24832E+17
b_elaine_,thexoxoday,Mentions,27/01/2017 06:19,RT @thexoxoday: Pack Your Bags #NOW and head to these unexplored and untouched weekend getaways near #Mumbai and #Pune  - https://t.co/RJva…,,,now mumbai pune,27/01/2017 06:19,https://twitter.com/#!/b_elaine_/status/824864305451372544,,,8.24864E+17,
b_elaine_,thexoxoday,Mentions,27/01/2017 06:19,RT @thexoxoday: Here's our list of the 13 best untouched getaways from #Mumbai and #Pune for the upcoming #longweekend! Click here - https:…,,,mumbai pune longweekend,27/01/2017 06:19,https://twitter.com/#!/b_elaine_/status/824864421109338112,,,8.24864E+17,
b_elaine_,thexoxoday,Replies to,30/01/2017 07:22,"@thexoxoday 
Fingers Crossed...heart beats accelerating 😍",,,,30/01/2017 07:22,https://twitter.com/#!/b_elaine_/status/825967367993880577,,,8.25967E+17,8.25965E+17
dewcool2,thexoxoday,Mentions,27/01/2017 05:29,"RT @thexoxoday: Follow us to participate, all you have to do is #RT and tag 5 of your friends and visit - https://t.co/sDYj0Z0PUX #contest…",https://www.xoxoday.com/?utm_source=twitter&utm_campaign=contest-post&utm_medium=social,xoxoday.com,rt contest,27/01/2017 05:29,https://twitter.com/#!/dewcool2/status/824851902932226057,,,8.24852E+17,
reenajain89,dewcool2,Mentions,30/01/2017 04:35,RT @thexoxoday: Our #Contest is now live! #RT and tag 5 of your friends to #win an Audi R8 ride and dinner at Taj! #ContestAlert @dewcool2…,,,contest rt win contestalert,30/01/2017 04:35,https://twitter.com/#!/reenajain89/status/825925448374820864,,,8.25925E+17,
shraddha_bari,dewcool2,Mentions,27/01/2017 09:55,@thexoxoday @Contest_Hub @ContestAdventur @india4contests @contestmantra @dewcool2 @ContestMela @thefreejinn… https://t.co/F2v9bJvg6X,https://twitter.com/i/web/status/824918668245078016,twitter.com,,27/01/2017 09:55,https://twitter.com/#!/shraddha_bari/status/824918668245078016,,,8.24919E+17,8.24832E+17
shraddha_bari,dewcool2,Mentions,27/01/2017 09:56,@thexoxoday @Contest_Hub @ContestAdventur @india4contests @contestmantra @dewcool2 @ContestMela @thefreejinn… https://t.co/iAn4davjao,https://twitter.com/i/web/status/824919050014879744,twitter.com,,27/01/2017 09:56,https://twitter.com/#!/shraddha_bari/status/824919050014879744,,,8.24919E+17,8.24832E+17
shraddha_bari,dewcool2,Mentions,27/01/2017 10:01,@thexoxoday @Contest_Hub @ContestAdventur @india4contests @contestmantra @dewcool2 @ContestMela @thefreejinn… https://t.co/bbMbi48emo,https://twitter.com/i/web/status/824920208410365952,twitter.com,,27/01/2017 10:01,https://twitter.com/#!/shraddha_bari/status/824920208410365952,,,8.2492E+17,8.24832E+17
shraddha_bari,dewcool2,Mentions,27/01/2017 10:17,@thexoxoday @Contest_Hub @ContestAdventur @india4contests @contestmantra @dewcool2 @ContestMela @thefreejinn… https://t.co/wYJwew5625,https://twitter.com/i/web/status/824924168588259328,twitter.com,,27/01/2017 10:17,https://twitter.com/#!/shraddha_bari/status/824924168588259328,,,8.24924E+17,8.24832E+17
shraddha_bari,dewcool2,Mentions,29/01/2017 05:27,@thexoxoday @Contest_Hub @ContestAdventur @india4contests @contestmantra @dewcool2 @ContestMela @thefreejinn… https://t.co/ZPqowbCUZM,https://twitter.com/i/web/status/825576187661578240,twitter.com,,29/01/2017 05:27,https://twitter.com/#!/shraddha_bari/status/825576187661578240,,,8.25576E+17,8.24832E+17
shraddha_bari,dewcool2,Mentions,29/01/2017 05:28,RT @shraddha_bari: @thexoxoday @Contest_Hub @ContestAdventur @india4contests @contestmantra @dewcool2 @ContestMela @thefreejinn @ContestKiD…,,,,29/01/2017 05:28,https://twitter.com/#!/shraddha_bari/status/825576244116848640,,,8.25576E+17,
shraddha_bari,dewcool2,Mentions,29/01/2017 05:28,RT @shraddha_bari: @thexoxoday @Contest_Hub @ContestAdventur @india4contests @contestmantra @dewcool2 @ContestMela @thefreejinn @ContestKiD…,,,,29/01/2017 05:28,https://twitter.com/#!/shraddha_bari/status/825576254346842113,,,8.25576E+17,
shraddha_bari,dewcool2,Mentions,29/01/2017 05:28,RT @shraddha_bari: @thexoxoday @Contest_Hub @ContestAdventur @india4contests @contestmantra @dewcool2 @ContestMela @thefreejinn @ContestKiD…,,,,29/01/2017 05:28,https://twitter.com/#!/shraddha_bari/status/825576262638907394,,,8.25576E+17,
shraddha_bari,dewcool2,Mentions,29/01/2017 05:28,RT @shraddha_bari: @thexoxoday @Contest_Hub @ContestAdventur @india4contests @contestmantra @dewcool2 @ContestMela @thefreejinn @ContestKiD…,,,,29/01/2017 05:28,https://twitter.com/#!/shraddha_bari/status/825576271258202112,,,8.25576E+17,
shraddha_bari,dewcool2,Mentions,29/01/2017 05:28,RT @shraddha_bari: @thexoxoday @Contest_Hub @ContestAdventur @india4contests @contestmantra @dewcool2 @ContestMela @thefreejinn @ContestKiD…,,,,29/01/2017 05:28,https://twitter.com/#!/shraddha_bari/status/825576333824708608,,,8.25576E+17,
pratima_talreja,dewcool2,Mentions,26/01/2017 07:33,RT @thexoxoday: Our #Contest is now live! #RT and tag 5 of your friends to #win an Audi R8 ride and dinner at Taj! #ContestAlert @dewcool2…,,,contest rt win contestalert,26/01/2017 07:33,https://twitter.com/#!/pratima_talreja/status/824520732025716738,,,8.24521E+17,
pratima_talreja,fashionwala,Mentions,26/01/2017 08:26,"@thexoxoday 
Love to go with my @C7_Talreja  brother for a Dining Date
@prateekuapdhya @ChiragG14 @C7_Talreja @fashionwala @shraddha_bari",,,,26/01/2017 08:26,https://twitter.com/#!/pratima_talreja/status/824533970268332032,,,8.24534E+17,8.24217E+17
shraddha_bari,thexoxoday,Mentions,25/01/2017 19:04,RT @thexoxoday: Our #Contest is #live! #RT and tag 5 of your friends to win this dream ride on an Audi R8 and a Dinner at Taj Mahal Palace!…,,,contest live rt,25/01/2017 19:04,https://twitter.com/#!/shraddha_bari/status/824332076845367296,,,8.24332E+17,
shraddha_bari,thexoxoday,Replies to,25/01/2017 19:08,@thexoxoday @ContestAdventur @india4contests @contestmantra @ContestMela @thefreejinn @ContestKiDuniya @Contest_Hub… https://t.co/r5lXENnitE,https://twitter.com/i/web/status/824333241515511808,twitter.com,,25/01/2017 19:08,https://twitter.com/#!/shraddha_bari/status/824333241515511808,,,8.24333E+17,8.24217E+17
shraddha_bari,thexoxoday,Mentions,25/01/2017 19:39,"RT @david_john21: @thexoxoday its always fun to ride &amp; dine wid tis crazy women @shraddha_bari .
 join@prernankwd @dilipgupta @chrish @Pri1…",,,,25/01/2017 19:39,https://twitter.com/#!/shraddha_bari/status/824340846711500801,,,8.24341E+17,
shraddha_bari,thexoxoday,Mentions,26/01/2017 08:29,RT @thexoxoday: Our contest is #LIVE! Follow us to #participate and #RT and tag 5 of your friends to #win! #ContestAlert #Contest https://t…,,,live participate rt win contestalert contest,26/01/2017 08:29,https://twitter.com/#!/shraddha_bari/status/824534681324490752,,,8.24535E+17,
shraddha_bari,thexoxoday,Replies to,26/01/2017 08:30,@thexoxoday @ContestAlert @ContestAdventur @india4contests @contestmantra @ContestMela @thefreejinn… https://t.co/x83W0RRiHV,https://twitter.com/i/web/status/824534883347419136,twitter.com,,26/01/2017 08:30,https://twitter.com/#!/shraddha_bari/status/824534883347419136,,,8.24535E+17,8.24256E+17
shraddha_bari,thexoxoday,Replies to,26/01/2017 08:33,@thexoxoday @ContestAlert @ContestAdventur @india4contests @contestmantra @ContestMela @thefreejinn… https://t.co/ePfqsYFTSX,https://twitter.com/i/web/status/824535609645690881,twitter.com,,26/01/2017 08:33,https://twitter.com/#!/shraddha_bari/status/824535609645690881,,,8.24536E+17,8.24256E+17
shraddha_bari,thexoxoday,Mentions,26/01/2017 08:39,RT @thexoxoday: We are #live with our #contest! Follow to participate. All you have to do is #RT and tag 5 of your friends to win! https://…,,,live contest rt,26/01/2017 08:39,https://twitter.com/#!/shraddha_bari/status/824537203359490048,,,8.24537E+17,
shraddha_bari,thexoxoday,Replies to,26/01/2017 08:40,@thexoxoday @Contest_Hub @ContestSource @Contest_Alert @contests2share @ContestsAlert @ContestBuddy @ContestAlert… https://t.co/XH0jLYLuVz,https://twitter.com/i/web/status/824537430929842176,twitter.com,,26/01/2017 08:40,https://twitter.com/#!/shraddha_bari/status/824537430929842176,,,8.24537E+17,8.24217E+17
shraddha_bari,thexoxoday,Mentions,26/01/2017 08:49,RT @thexoxoday: A shoutout to everyone who wants to #Participate! Our #contest is now live! Follow us to participate. #RT and tag 5 of your…,,,participate contest rt,26/01/2017 08:49,https://twitter.com/#!/shraddha_bari/status/824539712933261312,,,8.2454E+17,
shraddha_bari,thexoxoday,Replies to,26/01/2017 08:50,@thexoxoday @speed9896922747 @raqooq5 @anahitairani1 @contest_freaks @india4contests @About_Contests @Contest_Alert… https://t.co/vc1RHcWJMw,https://twitter.com/i/web/status/824539914226302976,twitter.com,,26/01/2017 08:50,https://twitter.com/#!/shraddha_bari/status/824539914226302976,,,8.2454E+17,8.24231E+17
shraddha_bari,thexoxoday,Replies to,26/01/2017 09:03,@thexoxoday @speed9896922747 @raqooq5 @anahitairani1 @contest_freaks @india4contests @About_Contests @Contest_Alert… https://t.co/YUDkFIsyIe,https://twitter.com/i/web/status/824543241034993664,twitter.com,,26/01/2017 09:03,https://twitter.com/#!/shraddha_bari/status/824543241034993664,,,8.24543E+17,8.24231E+17
shraddha_bari,thexoxoday,Mentions,27/01/2017 06:45,RT @thexoxoday: Here's our list of the 13 best untouched getaways from #Mumbai and #Pune for the upcoming #longweekend! Click here - https:…,,,mumbai pune longweekend,27/01/2017 06:45,https://twitter.com/#!/shraddha_bari/status/824870835642994692,,,8.24871E+17,
shraddha_bari,thexoxoday,Mentions,27/01/2017 09:53,"RT @thexoxoday: Follow us to participate, all you have to do is #RT and tag 5 of your friends and visit - https://t.co/sDYj0Z0PUX #contest…",https://www.xoxoday.com/?utm_source=twitter&utm_campaign=contest-post&utm_medium=social,xoxoday.com,rt contest,27/01/2017 09:53,https://twitter.com/#!/shraddha_bari/status/824918287310000128,,,8.24918E+17,
shraddha_bari,thexoxoday,Replies to,27/01/2017 09:55,@thexoxoday @Contest_Hub @ContestAdventur @india4contests @contestmantra @dewcool2 @ContestMela @thefreejinn… https://t.co/F2v9bJvg6X,https://twitter.com/i/web/status/824918668245078016,twitter.com,,27/01/2017 09:55,https://twitter.com/#!/shraddha_bari/status/824918668245078016,,,8.24919E+17,8.24832E+17
shraddha_bari,thexoxoday,Replies to,27/01/2017 09:56,@thexoxoday @Contest_Hub @ContestAdventur @india4contests @contestmantra @dewcool2 @ContestMela @thefreejinn… https://t.co/iAn4davjao,https://twitter.com/i/web/status/824919050014879744,twitter.com,,27/01/2017 09:56,https://twitter.com/#!/shraddha_bari/status/824919050014879744,,,8.24919E+17,8.24832E+17
shraddha_bari,thexoxoday,Replies to,27/01/2017 10:01,@thexoxoday @Contest_Hub @ContestAdventur @india4contests @contestmantra @dewcool2 @ContestMela @thefreejinn… https://t.co/bbMbi48emo,https://twitter.com/i/web/status/824920208410365952,twitter.com,,27/01/2017 10:01,https://twitter.com/#!/shraddha_bari/status/824920208410365952,,,8.2492E+17,8.24832E+17
shraddha_bari,thexoxoday,Replies to,27/01/2017 10:17,@thexoxoday @Contest_Hub @ContestAdventur @india4contests @contestmantra @dewcool2 @ContestMela @thefreejinn… https://t.co/wYJwew5625,https://twitter.com/i/web/status/824924168588259328,twitter.com,,27/01/2017 10:17,https://twitter.com/#!/shraddha_bari/status/824924168588259328,,,8.24924E+17,8.24832E+17
shraddha_bari,thexoxoday,Mentions,27/01/2017 10:20,RT @david_john21: @thexoxoday life is always better if you go out with friends.So miss @shraddha_bari b ready for a ride in Audi and dine a…,,,,27/01/2017 10:20,https://twitter.com/#!/shraddha_bari/status/824925102395506688,,,8.24925E+17,
shraddha_bari,thexoxoday,Mentions,28/01/2017 15:53,RT @thexoxoday: The Technology Journey of Xoxoday https://t.co/GrZNtpTh8o,https://enterpriseblog.xoxoday.com/technology-journey-xoxoday/2531,xoxoday.com,,28/01/2017 15:53,https://twitter.com/#!/shraddha_bari/status/825371344095309826,,,8.25371E+17,
shraddha_bari,thexoxoday,Replies to,29/01/2017 05:25,"@thexoxoday 😊☺👍
@thexoxoday",,,,29/01/2017 05:25,https://twitter.com/#!/shraddha_bari/status/825575503952244736,,,8.25576E+17,8.2537E+17
shraddha_bari,thexoxoday,Mentions,29/01/2017 05:25,"RT @thexoxoday: #Bangalore, we love you and we absolutely love the super fun and unique things that you have to offer! Read On - https://t.…",,,bangalore,29/01/2017 05:25,https://twitter.com/#!/shraddha_bari/status/825575582935183360,,,8.25576E+17,
shraddha_bari,thexoxoday,Mentions,29/01/2017 05:25,"RT @thexoxoday: #Delhi, listen up! If you're looking for something new to do, here's our list of exciting experiences to try out - https://…",,,delhi,29/01/2017 05:25,https://twitter.com/#!/shraddha_bari/status/825575606800756736,,,8.25576E+17,
shraddha_bari,thexoxoday,Replies to,29/01/2017 05:27,@thexoxoday @Contest_Hub @ContestAdventur @india4contests @contestmantra @dewcool2 @ContestMela @thefreejinn… https://t.co/ZPqowbCUZM,https://twitter.com/i/web/status/825576187661578240,twitter.com,,29/01/2017 05:27,https://twitter.com/#!/shraddha_bari/status/825576187661578240,,,8.25576E+17,8.24832E+17
shraddha_bari,thexoxoday,Mentions,29/01/2017 05:28,RT @shraddha_bari: @thexoxoday @Contest_Hub @ContestAdventur @india4contests @contestmantra @dewcool2 @ContestMela @thefreejinn @ContestKiD…,,,,29/01/2017 05:28,https://twitter.com/#!/shraddha_bari/status/825576244116848640,,,8.25576E+17,
shraddha_bari,thexoxoday,Mentions,29/01/2017 05:28,RT @shraddha_bari: @thexoxoday @Contest_Hub @ContestAdventur @india4contests @contestmantra @dewcool2 @ContestMela @thefreejinn @ContestKiD…,,,,29/01/2017 05:28,https://twitter.com/#!/shraddha_bari/status/825576254346842113,,,8.25576E+17,
shraddha_bari,thexoxoday,Mentions,29/01/2017 05:28,RT @shraddha_bari: @thexoxoday @Contest_Hub @ContestAdventur @india4contests @contestmantra @dewcool2 @ContestMela @thefreejinn @ContestKiD…,,,,29/01/2017 05:28,https://twitter.com/#!/shraddha_bari/status/825576262638907394,,,8.25576E+17,
shraddha_bari,thexoxoday,Mentions,29/01/2017 05:28,RT @shraddha_bari: @thexoxoday @Contest_Hub @ContestAdventur @india4contests @contestmantra @dewcool2 @ContestMela @thefreejinn @ContestKiD…,,,,29/01/2017 05:28,https://twitter.com/#!/shraddha_bari/status/825576271258202112,,,8.25576E+17,
shraddha_bari,thexoxoday,Mentions,29/01/2017 05:28,RT @shraddha_bari: @thexoxoday @Contest_Hub @ContestAdventur @india4contests @contestmantra @dewcool2 @ContestMela @thefreejinn @ContestKiD…,,,,29/01/2017 05:28,https://twitter.com/#!/shraddha_bari/status/825576333824708608,,,8.25576E+17,
shraddha_bari,thexoxoday,Mentions,30/01/2017 05:00,"RT @thexoxoday: With Valentines coming up, we have a lot in store for you and they're the best of our picks soon until then, visit - https:…",,,,30/01/2017 05:00,https://twitter.com/#!/shraddha_bari/status/825931787373314048,,,8.25932E+17,
pratima_talreja,shraddha_bari,Mentions,26/01/2017 08:26,"@thexoxoday 
Love to go with my @C7_Talreja  brother for a Dining Date
@prateekuapdhya @ChiragG14 @C7_Talreja @fashionwala @shraddha_bari",,,,26/01/2017 08:26,https://twitter.com/#!/pratima_talreja/status/824533970268332032,,,8.24534E+17,8.24217E+17
pratima_talreja,shraddha_bari,Mentions,26/01/2017 08:28,"@thexoxoday
JoinIn Friends @prateekuapdhya @C7_Talreja @ChiragG14 @shraddha_bari @EDMPrateek 
It's v amazing Contest😄",,,,26/01/2017 08:28,https://twitter.com/#!/pratima_talreja/status/824534448406466561,,,8.24534E+17,8.24256E+17
pratima_talreja,shraddha_bari,Mentions,26/01/2017 08:35,"@thexoxoday 
Join In friends @prateekuapdhya @C7_Talreja @ChiragG14 @DavidJohnCraig @shraddha_bari",,,,26/01/2017 08:35,https://twitter.com/#!/pratima_talreja/status/824536111385042944,,,8.24536E+17,8.24217E+17
pratima_talreja,davidjohncraig,Mentions,26/01/2017 08:35,"@thexoxoday 
Join In friends @prateekuapdhya @C7_Talreja @ChiragG14 @DavidJohnCraig @shraddha_bari",,,,26/01/2017 08:35,https://twitter.com/#!/pratima_talreja/status/824536111385042944,,,8.24536E+17,8.24217E+17
reenajain89,broke,Mentions,30/01/2017 04:35,RT @thexoxoday: We have a #contest coming up. Follow us to participate! @IndianContests @Contesttable @iheartcontest @photo_contests @Broke…,,,contest,30/01/2017 04:35,https://twitter.com/#!/reenajain89/status/825925492880576512,,,8.25925E+17,
pratima_talreja,broke,Mentions,26/01/2017 08:36,RT @thexoxoday: We have a #contest coming up. Follow us to participate! @IndianContests @Contesttable @iheartcontest @photo_contests @Broke…,,,contest,26/01/2017 08:36,https://twitter.com/#!/pratima_talreja/status/824536448368070656,,,8.24536E+17,
reenajain89,photo_contests,Mentions,30/01/2017 04:35,RT @thexoxoday: We have a #contest coming up. Follow us to participate! @IndianContests @Contesttable @iheartcontest @photo_contests @Broke…,,,contest,30/01/2017 04:35,https://twitter.com/#!/reenajain89/status/825925492880576512,,,8.25925E+17,
pratima_talreja,photo_contests,Mentions,26/01/2017 08:36,RT @thexoxoday: We have a #contest coming up. Follow us to participate! @IndianContests @Contesttable @iheartcontest @photo_contests @Broke…,,,contest,26/01/2017 08:36,https://twitter.com/#!/pratima_talreja/status/824536448368070656,,,8.24536E+17,
reenajain89,iheartcontest,Mentions,30/01/2017 04:35,RT @thexoxoday: We have a #contest coming up. Follow us to participate! @IndianContests @Contesttable @iheartcontest @photo_contests @Broke…,,,contest,30/01/2017 04:35,https://twitter.com/#!/reenajain89/status/825925492880576512,,,8.25925E+17,
pratima_talreja,iheartcontest,Mentions,26/01/2017 08:36,RT @thexoxoday: We have a #contest coming up. Follow us to participate! @IndianContests @Contesttable @iheartcontest @photo_contests @Broke…,,,contest,26/01/2017 08:36,https://twitter.com/#!/pratima_talreja/status/824536448368070656,,,8.24536E+17,
reenajain89,contesttable,Mentions,30/01/2017 04:35,RT @thexoxoday: We have a #contest coming up. Follow us to participate! @IndianContests @Contesttable @iheartcontest @photo_contests @Broke…,,,contest,30/01/2017 04:35,https://twitter.com/#!/reenajain89/status/825925492880576512,,,8.25925E+17,
pratima_talreja,contesttable,Mentions,26/01/2017 08:36,RT @thexoxoday: We have a #contest coming up. Follow us to participate! @IndianContests @Contesttable @iheartcontest @photo_contests @Broke…,,,contest,26/01/2017 08:36,https://twitter.com/#!/pratima_talreja/status/824536448368070656,,,8.24536E+17,
pratima_talreja,snehj7,Mentions,27/01/2017 06:42,"@thexoxoday 
Join in friends @prateekuapdhya @EDMPrateek @ChiragG14 @C7_Talreja @SnehJ7",,,,27/01/2017 06:42,https://twitter.com/#!/pratima_talreja/status/824870206920986624,,,8.2487E+17,8.24832E+17
pratima_talreja,chiragg14,Mentions,26/01/2017 08:26,"@thexoxoday 
Love to go with my @C7_Talreja  brother for a Dining Date
@prateekuapdhya @ChiragG14 @C7_Talreja @fashionwala @shraddha_bari",,,,26/01/2017 08:26,https://twitter.com/#!/pratima_talreja/status/824533970268332032,,,8.24534E+17,8.24217E+17
pratima_talreja,chiragg14,Mentions,26/01/2017 08:28,"@thexoxoday
JoinIn Friends @prateekuapdhya @C7_Talreja @ChiragG14 @shraddha_bari @EDMPrateek 
It's v amazing Contest😄",,,,26/01/2017 08:28,https://twitter.com/#!/pratima_talreja/status/824534448406466561,,,8.24534E+17,8.24256E+17
pratima_talreja,chiragg14,Mentions,26/01/2017 08:35,"@thexoxoday 
Join In friends @prateekuapdhya @C7_Talreja @ChiragG14 @DavidJohnCraig @shraddha_bari",,,,26/01/2017 08:35,https://twitter.com/#!/pratima_talreja/status/824536111385042944,,,8.24536E+17,8.24217E+17
pratima_talreja,chiragg14,Mentions,27/01/2017 06:42,"@thexoxoday 
Join in friends @prateekuapdhya @EDMPrateek @ChiragG14 @C7_Talreja @SnehJ7",,,,27/01/2017 06:42,https://twitter.com/#!/pratima_talreja/status/824870206920986624,,,8.2487E+17,8.24832E+17
pratima_talreja,edmprateek,Mentions,26/01/2017 08:28,"@thexoxoday
JoinIn Friends @prateekuapdhya @C7_Talreja @ChiragG14 @shraddha_bari @EDMPrateek 
It's v amazing Contest😄",,,,26/01/2017 08:28,https://twitter.com/#!/pratima_talreja/status/824534448406466561,,,8.24534E+17,8.24256E+17
pratima_talreja,edmprateek,Mentions,27/01/2017 06:42,"@thexoxoday 
Join in friends @prateekuapdhya @EDMPrateek @ChiragG14 @C7_Talreja @SnehJ7",,,,27/01/2017 06:42,https://twitter.com/#!/pratima_talreja/status/824870206920986624,,,8.2487E+17,8.24832E+17
pratima_talreja,grtnishant,Mentions,27/01/2017 06:44,"@thexoxoday 
Yes Team,this is so amazing ✌✌
Wish to win😄
Join friends
@krixz6339 @lipishree91 @mhtdpk86 @reenajain89 @grtnishant",,,,27/01/2017 06:44,https://twitter.com/#!/pratima_talreja/status/824870625424527360,,,8.24871E+17,8.24832E+17
reenajain89,thexoxoday,Mentions,27/01/2017 06:47,RT @thexoxoday: Our #Contest is #live! #RT and tag 5 of your friends to win this dream ride on an Audi R8 and a Dinner at Taj Mahal Palace!…,,,contest live rt,27/01/2017 06:47,https://twitter.com/#!/reenajain89/status/824871330197561344,,,8.24871E+17,
reenajain89,thexoxoday,Replies to,27/01/2017 06:49,@thexoxoday @JainLalita54  I would to take my mom as  after a long time of suffering now she is better n I want to treat her like princess,,,,27/01/2017 06:49,https://twitter.com/#!/reenajain89/status/824872037030060032,,,8.24872E+17,8.24217E+17
reenajain89,thexoxoday,Replies to,27/01/2017 06:50,@thexoxoday @snehalataj @JainLalita54 @mehandisuresh @sureshnakoda @dilkhush_shah @SdShah84 jn,,,,27/01/2017 06:50,https://twitter.com/#!/reenajain89/status/824872094978629634,,,8.24872E+17,8.24217E+17
reenajain89,thexoxoday,Mentions,30/01/2017 04:34,"RT @thexoxoday: Adventure to your Heart's content with a Jet Ski Ride near Bangalore, India! Check out this option by Xoxoday! Book- https:…",,,,30/01/2017 04:34,https://twitter.com/#!/reenajain89/status/825925225888022529,,,8.25925E+17,
reenajain89,thexoxoday,Mentions,30/01/2017 04:34,RT @thexoxoday: Giftxoxo and Frogo have a new name: Xoxoday. We will keep providing you with India's best experiences! Visit - https://t.co…,,,,30/01/2017 04:34,https://twitter.com/#!/reenajain89/status/825925238236012544,,,8.25925E+17,
reenajain89,thexoxoday,Mentions,30/01/2017 04:34,"RT @thexoxoday: Looking for an amazing #adventure option near #Bangalore, India, over the #LongWeekend? Check this out at #Xoxoday - https:…",,,adventure bangalore longweekend xoxoday,30/01/2017 04:34,https://twitter.com/#!/reenajain89/status/825925252601491456,,,8.25925E+17,
reenajain89,thexoxoday,Mentions,30/01/2017 04:35,"RT @thexoxoday: #Bangalore, we love you and we absolutely love the super fun and unique things that you have to offer! Read On - https://t.…",,,bangalore,30/01/2017 04:35,https://twitter.com/#!/reenajain89/status/825925270167228416,,,8.25925E+17,
reenajain89,thexoxoday,Mentions,30/01/2017 04:35,"RT @thexoxoday: Follow us to participate, all you have to do is #RT and tag 5 of your friends and visit - https://t.co/sDYj0Z0PUX #contest…",https://www.xoxoday.com/?utm_source=twitter&utm_campaign=contest-post&utm_medium=social,xoxoday.com,rt contest,30/01/2017 04:35,https://twitter.com/#!/reenajain89/status/825925351930990592,,,8.25925E+17,
reenajain89,thexoxoday,Mentions,30/01/2017 04:35,"RT @thexoxoday: We will be announcing the winner on Monday, which means, you still have three more days to participate and #win! #ContestAl…",,,win,30/01/2017 04:35,https://twitter.com/#!/reenajain89/status/825925363331121155,,,8.25925E+17,
reenajain89,thexoxoday,Mentions,30/01/2017 04:35,RT @thexoxoday: Our contest is #LIVE! Follow us to #participate and #RT and tag 5 of your friends to #win! #ContestAlert #Contest https://t…,,,live participate rt win contestalert contest,30/01/2017 04:35,https://twitter.com/#!/reenajain89/status/825925382205501441,,,8.25925E+17,
reenajain89,thexoxoday,Mentions,30/01/2017 04:35,RT @thexoxoday: Keep participating in our #contest to win an Audi Q3 ride and a lavish dinner for two at the Taj Mahal Palace! #ContestAler…,,,contest,30/01/2017 04:35,https://twitter.com/#!/reenajain89/status/825925403822915584,,,8.25925E+17,
reenajain89,thexoxoday,Mentions,30/01/2017 04:35,RT @thexoxoday: A shoutout to everyone who wants to #Participate! Our #contest is now live! Follow us to participate. #RT and tag 5 of your…,,,participate contest rt,30/01/2017 04:35,https://twitter.com/#!/reenajain89/status/825925430297374721,,,8.25925E+17,
reenajain89,thexoxoday,Mentions,30/01/2017 04:35,RT @thexoxoday: Our #Contest is now live! #RT and tag 5 of your friends to #win an Audi R8 ride and dinner at Taj! #ContestAlert @dewcool2…,,,contest rt win contestalert,30/01/2017 04:35,https://twitter.com/#!/reenajain89/status/825925448374820864,,,8.25925E+17,
reenajain89,thexoxoday,Mentions,30/01/2017 04:35,RT @thexoxoday: We are #live with our #contest! Follow to participate. All you have to do is #RT and tag 5 of your friends to win! https://…,,,live contest rt,30/01/2017 04:35,https://twitter.com/#!/reenajain89/status/825925464229163008,,,8.25925E+17,
reenajain89,thexoxoday,Mentions,30/01/2017 04:35,"RT @thexoxoday: #ContestAlert Remember, Follow Us to Participate! #contest #contestindia #ContestofChampions https://t.co/yD5kFC1kES",,,contestalert contest contestindia contestofchampions,30/01/2017 04:35,https://twitter.com/#!/reenajain89/status/825925483011461120,,,8.25925E+17,
reenajain89,thexoxoday,Mentions,30/01/2017 04:35,RT @thexoxoday: We have a #contest coming up. Follow us to participate! @IndianContests @Contesttable @iheartcontest @photo_contests @Broke…,,,contest,30/01/2017 04:35,https://twitter.com/#!/reenajain89/status/825925492880576512,,,8.25925E+17,
reenajain89,thexoxoday,Mentions,30/01/2017 04:36,"RT @thexoxoday: We have a contest coming up, you guys! Follow us to participate. @plum_paradise @mala_24amrish @ruchirasalvi2 @Acharyaempir…",,,,30/01/2017 04:36,https://twitter.com/#!/reenajain89/status/825925506201681920,,,8.25926E+17,
reenajain89,thexoxoday,Replies to,30/01/2017 04:36,@thexoxoday @snehalataj @sureshnakoda @call_jain @mehandisuresh @JainLalita54,,,,30/01/2017 04:36,https://twitter.com/#!/reenajain89/status/825925632030801920,,,8.25926E+17,8.24832E+17
pratima_talreja,reenajain89,Mentions,27/01/2017 06:44,"@thexoxoday 
Yes Team,this is so amazing ✌✌
Wish to win😄
Join friends
@krixz6339 @lipishree91 @mhtdpk86 @reenajain89 @grtnishant",,,,27/01/2017 06:44,https://twitter.com/#!/pratima_talreja/status/824870625424527360,,,8.24871E+17,8.24832E+17
pratima_talreja,mhtdpk86,Mentions,27/01/2017 06:44,"@thexoxoday 
Yes Team,this is so amazing ✌✌
Wish to win😄
Join friends
@krixz6339 @lipishree91 @mhtdpk86 @reenajain89 @grtnishant",,,,27/01/2017 06:44,https://twitter.com/#!/pratima_talreja/status/824870625424527360,,,8.24871E+17,8.24832E+17
pratima_talreja,lipishree91,Mentions,27/01/2017 06:44,"@thexoxoday 
Yes Team,this is so amazing ✌✌
Wish to win😄
Join friends
@krixz6339 @lipishree91 @mhtdpk86 @reenajain89 @grtnishant",,,,27/01/2017 06:44,https://twitter.com/#!/pratima_talreja/status/824870625424527360,,,8.24871E+17,8.24832E+17
pratima_talreja,krixz6339,Mentions,27/01/2017 06:44,"@thexoxoday 
Yes Team,this is so amazing ✌✌
Wish to win😄
Join friends
@krixz6339 @lipishree91 @mhtdpk86 @reenajain89 @grtnishant",,,,27/01/2017 06:44,https://twitter.com/#!/pratima_talreja/status/824870625424527360,,,8.24871E+17,8.24832E+17
pratima_talreja,prateekuapdhya,Mentions,26/01/2017 08:26,"@thexoxoday 
Love to go with my @C7_Talreja  brother for a Dining Date
@prateekuapdhya @ChiragG14 @C7_Talreja @fashionwala @shraddha_bari",,,,26/01/2017 08:26,https://twitter.com/#!/pratima_talreja/status/824533970268332032,,,8.24534E+17,8.24217E+17
pratima_talreja,prateekuapdhya,Mentions,26/01/2017 08:28,"@thexoxoday
JoinIn Friends @prateekuapdhya @C7_Talreja @ChiragG14 @shraddha_bari @EDMPrateek 
It's v amazing Contest😄",,,,26/01/2017 08:28,https://twitter.com/#!/pratima_talreja/status/824534448406466561,,,8.24534E+17,8.24256E+17
pratima_talreja,prateekuapdhya,Mentions,26/01/2017 08:35,"@thexoxoday 
Join In friends @prateekuapdhya @C7_Talreja @ChiragG14 @DavidJohnCraig @shraddha_bari",,,,26/01/2017 08:35,https://twitter.com/#!/pratima_talreja/status/824536111385042944,,,8.24536E+17,8.24217E+17
pratima_talreja,prateekuapdhya,Mentions,27/01/2017 06:42,"@thexoxoday 
Join in friends @prateekuapdhya @EDMPrateek @ChiragG14 @C7_Talreja @SnehJ7",,,,27/01/2017 06:42,https://twitter.com/#!/pratima_talreja/status/824870206920986624,,,8.2487E+17,8.24832E+17
pratima_talreja,prateekuapdhya,Mentions,27/01/2017 10:25,"@thexoxoday 
Wow nice website 👌👌
It contains all my to-do list it's v easy to get all things together 🤗
Thanks @thexoxoday 
@prateekuapdhya",,,,27/01/2017 10:25,https://twitter.com/#!/pratima_talreja/status/824926262233853953,,,8.24926E+17,8.24832E+17
pratima_talreja,c7_talreja,Mentions,26/01/2017 07:36,"@thexoxoday 
I would love to go with @C7_Talreja my little brother for a Dining Date,As he is so special to me like as Date and Audi ride😄",,,,26/01/2017 07:36,https://twitter.com/#!/pratima_talreja/status/824521319035367424,,,8.24521E+17,8.24231E+17
pratima_talreja,c7_talreja,Mentions,26/01/2017 08:26,"@thexoxoday 
Love to go with my @C7_Talreja  brother for a Dining Date
@prateekuapdhya @ChiragG14 @C7_Talreja @fashionwala @shraddha_bari",,,,26/01/2017 08:26,https://twitter.com/#!/pratima_talreja/status/824533970268332032,,,8.24534E+17,8.24217E+17
pratima_talreja,c7_talreja,Mentions,26/01/2017 08:28,"@thexoxoday
JoinIn Friends @prateekuapdhya @C7_Talreja @ChiragG14 @shraddha_bari @EDMPrateek 
It's v amazing Contest😄",,,,26/01/2017 08:28,https://twitter.com/#!/pratima_talreja/status/824534448406466561,,,8.24534E+17,8.24256E+17
pratima_talreja,c7_talreja,Mentions,26/01/2017 08:30,"@thexoxoday 
Yes Team it's going to be a dream Dining Date,Love to go with @C7_Talreja my little brother ,he is so special to me like Taj 😄",,,,26/01/2017 08:30,https://twitter.com/#!/pratima_talreja/status/824535062666510336,,,8.24535E+17,8.24254E+17
pratima_talreja,c7_talreja,Mentions,26/01/2017 08:35,"@thexoxoday 
Join In friends @prateekuapdhya @C7_Talreja @ChiragG14 @DavidJohnCraig @shraddha_bari",,,,26/01/2017 08:35,https://twitter.com/#!/pratima_talreja/status/824536111385042944,,,8.24536E+17,8.24217E+17
pratima_talreja,c7_talreja,Mentions,27/01/2017 06:42,"@thexoxoday 
Join in friends @prateekuapdhya @EDMPrateek @ChiragG14 @C7_Talreja @SnehJ7",,,,27/01/2017 06:42,https://twitter.com/#!/pratima_talreja/status/824870206920986624,,,8.2487E+17,8.24832E+17
pratima_talreja,c7_talreja,Mentions,28/01/2017 09:14,"@thexoxoday 
Hope to win lavish dinner at ""Taj Mahal Palace"" and ride of ""Audi"" with @C7_Talreja ✌ https://t.co/iCM8FzoBtt",,,,28/01/2017 09:14,https://twitter.com/#!/pratima_talreja/status/825270711723900929,,,8.25271E+17,8.24926E+17
thexoxoday,pratima_talreja,Mentions,27/01/2017 20:22,"RT @pratima_talreja: @thexoxoday 
Wow nice website 👌👌
It contains all my to-do list it's v easy to get all things together 🤗
Thanks @thexox…",,,,27/01/2017 20:22,https://twitter.com/#!/thexoxoday/status/825076461480484864,,,8.25076E+17,
pratima_talreja,thexoxoday,Mentions,26/01/2017 07:33,RT @thexoxoday: Our #Contest is now live! #RT and tag 5 of your friends to #win an Audi R8 ride and dinner at Taj! #ContestAlert @dewcool2…,,,contest rt win contestalert,26/01/2017 07:33,https://twitter.com/#!/pratima_talreja/status/824520732025716738,,,8.24521E+17,
pratima_talreja,thexoxoday,Mentions,26/01/2017 07:33,RT @thexoxoday: We are #live with our #contest! Follow to participate. All you have to do is #RT and tag 5 of your friends to win! https://…,,,live contest rt,26/01/2017 07:33,https://twitter.com/#!/pratima_talreja/status/824520740229812225,,,8.24521E+17,
pratima_talreja,thexoxoday,Mentions,26/01/2017 07:34,RT @thexoxoday: A shoutout to everyone who wants to #Participate! Our #contest is now live! Follow us to participate. #RT and tag 5 of your…,,,participate contest rt,26/01/2017 07:34,https://twitter.com/#!/pratima_talreja/status/824520798165757953,,,8.24521E+17,
pratima_talreja,thexoxoday,Replies to,26/01/2017 07:36,"@thexoxoday 
I would love to go with @C7_Talreja my little brother for a Dining Date,As he is so special to me like as Date and Audi ride😄",,,,26/01/2017 07:36,https://twitter.com/#!/pratima_talreja/status/824521319035367424,,,8.24521E+17,8.24231E+17
pratima_talreja,thexoxoday,Mentions,26/01/2017 08:23,RT @thexoxoday: Our #Contest is #live! #RT and tag 5 of your friends to win this dream ride on an Audi R8 and a Dinner at Taj Mahal Palace!…,,,contest live rt,26/01/2017 08:23,https://twitter.com/#!/pratima_talreja/status/824533162609037313,,,8.24533E+17,
pratima_talreja,thexoxoday,Replies to,26/01/2017 08:26,"@thexoxoday 
Love to go with my @C7_Talreja  brother for a Dining Date
@prateekuapdhya @ChiragG14 @C7_Talreja @fashionwala @shraddha_bari",,,,26/01/2017 08:26,https://twitter.com/#!/pratima_talreja/status/824533970268332032,,,8.24534E+17,8.24217E+17
pratima_talreja,thexoxoday,Mentions,26/01/2017 08:27,RT @thexoxoday: Our contest is #LIVE! Follow us to #participate and #RT and tag 5 of your friends to #win! #ContestAlert #Contest https://t…,,,live participate rt win contestalert contest,26/01/2017 08:27,https://twitter.com/#!/pratima_talreja/status/824534108852330496,,,8.24534E+17,
pratima_talreja,thexoxoday,Replies to,26/01/2017 08:28,"@thexoxoday
JoinIn Friends @prateekuapdhya @C7_Talreja @ChiragG14 @shraddha_bari @EDMPrateek 
It's v amazing Contest😄",,,,26/01/2017 08:28,https://twitter.com/#!/pratima_talreja/status/824534448406466561,,,8.24534E+17,8.24256E+17
pratima_talreja,thexoxoday,Mentions,26/01/2017 08:28,RT @thexoxoday: Keep participating in our #contest to win an Audi Q3 ride and a lavish dinner for two at the Taj Mahal Palace! #ContestAler…,,,contest,26/01/2017 08:28,https://twitter.com/#!/pratima_talreja/status/824534511400710144,,,8.24535E+17,
pratima_talreja,thexoxoday,Replies to,26/01/2017 08:30,"@thexoxoday 
Yes Team it's going to be a dream Dining Date,Love to go with @C7_Talreja my little brother ,he is so special to me like Taj 😄",,,,26/01/2017 08:30,https://twitter.com/#!/pratima_talreja/status/824535062666510336,,,8.24535E+17,8.24254E+17
pratima_talreja,thexoxoday,Replies to,26/01/2017 08:32,"@thexoxoday 
#TajMahalPalace
#TajMahalPalace
#TajMahalPalace
#TajMahalPalace
#TajMahalPalace
#TajMahalPalace

Dream… https://t.co/h6yQlzge6t",https://twitter.com/i/web/status/824535481379651586,twitter.com,tajmahalpalace tajmahalpalace tajmahalpalace tajmahalpalace tajmahalpalace tajmahalpalace,26/01/2017 08:32,https://twitter.com/#!/pratima_talreja/status/824535481379651586,,,8.24535E+17,8.24231E+17
pratima_talreja,thexoxoday,Replies to,26/01/2017 08:33,"@thexoxoday 
Taj Mahal Palace and Audi Ride both together 😄😄
It's amazing opportunity 😘😘 https://t.co/KWpoE14ZjT",,,,26/01/2017 08:33,https://twitter.com/#!/pratima_talreja/status/824535821432868864,,,8.24536E+17,8.24221E+17
pratima_talreja,thexoxoday,Replies to,26/01/2017 08:35,"@thexoxoday 
Join In friends @prateekuapdhya @C7_Talreja @ChiragG14 @DavidJohnCraig @shraddha_bari",,,,26/01/2017 08:35,https://twitter.com/#!/pratima_talreja/status/824536111385042944,,,8.24536E+17,8.24217E+17
pratima_talreja,thexoxoday,Replies to,26/01/2017 08:36,"@thexoxoday 
Wow Magical opportunity
Taj Mahal Palace and Audi Ride together 😄😄",,,,26/01/2017 08:36,https://twitter.com/#!/pratima_talreja/status/824536424435384320,,,8.24536E+17,8.24208E+17
pratima_talreja,thexoxoday,Mentions,26/01/2017 08:36,RT @thexoxoday: We have a #contest coming up. Follow us to participate! @IndianContests @Contesttable @iheartcontest @photo_contests @Broke…,,,contest,26/01/2017 08:36,https://twitter.com/#!/pratima_talreja/status/824536448368070656,,,8.24536E+17,
pratima_talreja,thexoxoday,Mentions,27/01/2017 05:43,RT @thexoxoday: Here's our list of the 13 best untouched getaways from #Mumbai and #Pune for the upcoming #longweekend! Click here - https:…,,,mumbai pune longweekend,27/01/2017 05:43,https://twitter.com/#!/pratima_talreja/status/824855331981271040,,,8.24855E+17,
pratima_talreja,thexoxoday,Mentions,27/01/2017 05:44,"RT @thexoxoday: Follow us to participate, all you have to do is #RT and tag 5 of your friends and visit - https://t.co/sDYj0Z0PUX #contest…",https://www.xoxoday.com/?utm_source=twitter&utm_campaign=contest-post&utm_medium=social,xoxoday.com,rt contest,27/01/2017 05:44,https://twitter.com/#!/pratima_talreja/status/824855498558042115,,,8.24855E+17,
pratima_talreja,thexoxoday,Replies to,27/01/2017 06:40,"@thexoxoday 
Yes these are the best places✌",,,,27/01/2017 06:40,https://twitter.com/#!/pratima_talreja/status/824869777252298753,,,8.2487E+17,8.24844E+17
pratima_talreja,thexoxoday,Mentions,27/01/2017 06:41,RT @thexoxoday: Pack Your Bags #NOW and head to these unexplored and untouched weekend getaways near #Mumbai and #Pune  - https://t.co/RJva…,,,now mumbai pune,27/01/2017 06:41,https://twitter.com/#!/pratima_talreja/status/824869832122261504,,,8.2487E+17,
pratima_talreja,thexoxoday,Replies to,27/01/2017 06:42,"@thexoxoday 
Join in friends @prateekuapdhya @EDMPrateek @ChiragG14 @C7_Talreja @SnehJ7",,,,27/01/2017 06:42,https://twitter.com/#!/pratima_talreja/status/824870206920986624,,,8.2487E+17,8.24832E+17
pratima_talreja,thexoxoday,Mentions,27/01/2017 06:42,"RT @thexoxoday: We will be announcing the winner on Monday, which means, you still have three more days to participate and #win! #ContestAl…",,,win,27/01/2017 06:42,https://twitter.com/#!/pratima_talreja/status/824870253075193857,,,8.2487E+17,
pratima_talreja,thexoxoday,Replies to,27/01/2017 06:44,"@thexoxoday 
Yes Team,this is so amazing ✌✌
Wish to win😄
Join friends
@krixz6339 @lipishree91 @mhtdpk86 @reenajain89 @grtnishant",,,,27/01/2017 06:44,https://twitter.com/#!/pratima_talreja/status/824870625424527360,,,8.24871E+17,8.24832E+17
pratima_talreja,thexoxoday,Replies to,27/01/2017 10:25,"@thexoxoday 
Wow nice website 👌👌
It contains all my to-do list it's v easy to get all things together 🤗
Thanks @thexoxoday 
@prateekuapdhya",,,,27/01/2017 10:25,https://twitter.com/#!/pratima_talreja/status/824926262233853953,,,8.24926E+17,8.24832E+17
pratima_talreja,thexoxoday,Replies to,28/01/2017 06:50,@thexoxoday wow🤗🤗 https://t.co/v2FKAGvIb8,,,,28/01/2017 06:50,https://twitter.com/#!/pratima_talreja/status/825234466121596932,,,8.25234E+17,8.25214E+17
pratima_talreja,thexoxoday,Replies to,28/01/2017 09:14,"@thexoxoday 
Hope to win lavish dinner at ""Taj Mahal Palace"" and ride of ""Audi"" with @C7_Talreja ✌ https://t.co/iCM8FzoBtt",,,,28/01/2017 09:14,https://twitter.com/#!/pratima_talreja/status/825270711723900929,,,8.25271E+17,8.24926E+17
pratima_talreja,thexoxoday,Mentions,30/01/2017 07:34,"RT @thexoxoday: We will be announcing the winner at 5pm today, so hang in there and cross your fingers!",,,,30/01/2017 07:34,https://twitter.com/#!/pratima_talreja/status/825970444771721216,,,8.2597E+17,
vikashkakran,thexoxoday,Mentions,24/01/2017 07:47,RT @thexoxoday: Team Xoxoday at #IntrigueDelhi  ! We’re super excited to meet you at #Xoxoday Booth .Let us welcome you with Chocolates &amp; C…,,,intriguedelhi xoxoday,24/01/2017 07:47,https://twitter.com/#!/vikashkakran/status/823799466989879296,,,8.23799E+17,
salesgasm,abhimanyusays,Mentions,24/01/2017 06:37,@thexoxoday @vivekagw @kushalagrl @reachskk @kailasim @kamna_agrawal @MalavikaMallya @AbhimanyuSays thise gifts and chocos are awesome,,,,24/01/2017 06:37,https://twitter.com/#!/salesgasm/status/823781763650494464,,,8.23782E+17,8.23782E+17
salesgasm,abhimanyusays,Mentions,24/01/2017 14:06,RT @thexoxoday: Thanks @salesgasm  #IntrigueDelhi @vivekagw @kushalagrl @reachskk @kailasim @kamna_agrawal @MalavikaMallya @AbhimanyuSays,,,intriguedelhi,24/01/2017 14:06,https://twitter.com/#!/salesgasm/status/823894821085417472,,,8.23895E+17,
salesgasm,malavikamallya,Mentions,24/01/2017 06:37,@thexoxoday @vivekagw @kushalagrl @reachskk @kailasim @kamna_agrawal @MalavikaMallya @AbhimanyuSays thise gifts and chocos are awesome,,,,24/01/2017 06:37,https://twitter.com/#!/salesgasm/status/823781763650494464,,,8.23782E+17,8.23782E+17
salesgasm,malavikamallya,Mentions,24/01/2017 14:06,RT @thexoxoday: Thanks @salesgasm  #IntrigueDelhi @vivekagw @kushalagrl @reachskk @kailasim @kamna_agrawal @MalavikaMallya @AbhimanyuSays,,,intriguedelhi,24/01/2017 14:06,https://twitter.com/#!/salesgasm/status/823894821085417472,,,8.23895E+17,
salesgasm,kamna_agrawal,Mentions,24/01/2017 06:37,@thexoxoday @vivekagw @kushalagrl @reachskk @kailasim @kamna_agrawal @MalavikaMallya @AbhimanyuSays thise gifts and chocos are awesome,,,,24/01/2017 06:37,https://twitter.com/#!/salesgasm/status/823781763650494464,,,8.23782E+17,8.23782E+17
salesgasm,kamna_agrawal,Mentions,24/01/2017 14:06,RT @thexoxoday: Thanks @salesgasm  #IntrigueDelhi @vivekagw @kushalagrl @reachskk @kailasim @kamna_agrawal @MalavikaMallya @AbhimanyuSays,,,intriguedelhi,24/01/2017 14:06,https://twitter.com/#!/salesgasm/status/823894821085417472,,,8.23895E+17,
salesgasm,kailasim,Mentions,24/01/2017 06:37,@thexoxoday @vivekagw @kushalagrl @reachskk @kailasim @kamna_agrawal @MalavikaMallya @AbhimanyuSays thise gifts and chocos are awesome,,,,24/01/2017 06:37,https://twitter.com/#!/salesgasm/status/823781763650494464,,,8.23782E+17,8.23782E+17
salesgasm,kailasim,Mentions,24/01/2017 14:06,RT @thexoxoday: Thanks @salesgasm  #IntrigueDelhi @vivekagw @kushalagrl @reachskk @kailasim @kamna_agrawal @MalavikaMallya @AbhimanyuSays,,,intriguedelhi,24/01/2017 14:06,https://twitter.com/#!/salesgasm/status/823894821085417472,,,8.23895E+17,
salesgasm,reachskk,Mentions,24/01/2017 06:37,@thexoxoday @vivekagw @kushalagrl @reachskk @kailasim @kamna_agrawal @MalavikaMallya @AbhimanyuSays thise gifts and chocos are awesome,,,,24/01/2017 06:37,https://twitter.com/#!/salesgasm/status/823781763650494464,,,8.23782E+17,8.23782E+17
salesgasm,reachskk,Mentions,24/01/2017 14:06,RT @thexoxoday: Thanks @salesgasm  #IntrigueDelhi @vivekagw @kushalagrl @reachskk @kailasim @kamna_agrawal @MalavikaMallya @AbhimanyuSays,,,intriguedelhi,24/01/2017 14:06,https://twitter.com/#!/salesgasm/status/823894821085417472,,,8.23895E+17,
salesgasm,kushalagrl,Mentions,24/01/2017 06:37,@thexoxoday @vivekagw @kushalagrl @reachskk @kailasim @kamna_agrawal @MalavikaMallya @AbhimanyuSays thise gifts and chocos are awesome,,,,24/01/2017 06:37,https://twitter.com/#!/salesgasm/status/823781763650494464,,,8.23782E+17,8.23782E+17
salesgasm,kushalagrl,Mentions,24/01/2017 14:06,RT @thexoxoday: Thanks @salesgasm  #IntrigueDelhi @vivekagw @kushalagrl @reachskk @kailasim @kamna_agrawal @MalavikaMallya @AbhimanyuSays,,,intriguedelhi,24/01/2017 14:06,https://twitter.com/#!/salesgasm/status/823894821085417472,,,8.23895E+17,
salesgasm,vivekagw,Mentions,24/01/2017 06:37,@thexoxoday @vivekagw @kushalagrl @reachskk @kailasim @kamna_agrawal @MalavikaMallya @AbhimanyuSays thise gifts and chocos are awesome,,,,24/01/2017 06:37,https://twitter.com/#!/salesgasm/status/823781763650494464,,,8.23782E+17,8.23782E+17
salesgasm,vivekagw,Mentions,24/01/2017 14:06,RT @thexoxoday: Thanks @salesgasm  #IntrigueDelhi @vivekagw @kushalagrl @reachskk @kailasim @kamna_agrawal @MalavikaMallya @AbhimanyuSays,,,intriguedelhi,24/01/2017 14:06,https://twitter.com/#!/salesgasm/status/823894821085417472,,,8.23895E+17,
salesgasm,thexoxoday,Mentions,24/01/2017 06:37,RT @thexoxoday: Team Xoxoday at #IntrigueDelhi  ! We’re super excited to meet you at #Xoxoday Booth .Let us welcome you with Chocolates &amp; C…,,,intriguedelhi xoxoday,24/01/2017 06:37,https://twitter.com/#!/salesgasm/status/823781656855080960,,,8.23782E+17,
salesgasm,thexoxoday,Replies to,24/01/2017 06:37,@thexoxoday @vivekagw @kushalagrl @reachskk @kailasim @kamna_agrawal @MalavikaMallya @AbhimanyuSays thise gifts and chocos are awesome,,,,24/01/2017 06:37,https://twitter.com/#!/salesgasm/status/823781763650494464,,,8.23782E+17,8.23782E+17
salesgasm,thexoxoday,Mentions,24/01/2017 14:06,RT @thexoxoday: Thanks @salesgasm  #IntrigueDelhi @vivekagw @kushalagrl @reachskk @kailasim @kamna_agrawal @MalavikaMallya @AbhimanyuSays,,,intriguedelhi,24/01/2017 14:06,https://twitter.com/#!/salesgasm/status/823894821085417472,,,8.23895E+17,
ivishalpatran,contestindia_,Mentions,25/01/2017 10:17,RT @thexoxoday: #ContestAlert ! We have a #contest coming up in an hour. Keep watching this space for more! @ContestIndia_  @contestindia12…,,,contestalert contest,25/01/2017 10:17,https://twitter.com/#!/ivishalpatran/status/824199583379181569,,,8.242E+17,
ivishalpatran,thexoxoday,Mentions,25/01/2017 10:17,RT @thexoxoday: #ContestAlert ! We have a #contest coming up in an hour. Keep watching this space for more! @ContestIndia_  @contestindia12…,,,contestalert contest,25/01/2017 10:17,https://twitter.com/#!/ivishalpatran/status/824199583379181569,,,8.242E+17,
stunning_shweta,contestindia_,Mentions,25/01/2017 10:18,RT @thexoxoday: #ContestAlert ! We have a #contest coming up in an hour. Keep watching this space for more! @ContestIndia_  @contestindia12…,,,contestalert contest,25/01/2017 10:18,https://twitter.com/#!/stunning_shweta/status/824199874929426432,,,8.242E+17,
stunning_shweta,thexoxoday,Mentions,25/01/2017 10:18,RT @thexoxoday: #ContestAlert ! We have a #contest coming up in an hour. Keep watching this space for more! @ContestIndia_  @contestindia12…,,,contestalert contest,25/01/2017 10:18,https://twitter.com/#!/stunning_shweta/status/824199874929426432,,,8.242E+17,
stunning_shweta,contestadventur,Mentions,25/01/2017 10:19,RT @thexoxoday: Team @ContestAdventur give us a shout out for our upcoming contest! https://t.co/NhL0pRdJtT,https://twitter.com/thexoxoday/status/824198983845351424,twitter.com,,25/01/2017 10:19,https://twitter.com/#!/stunning_shweta/status/824199910576783361,,,8.242E+17,
stunning_shweta,thexoxoday,Mentions,25/01/2017 10:19,RT @thexoxoday: Team @ContestAdventur give us a shout out for our upcoming contest! https://t.co/NhL0pRdJtT,https://twitter.com/thexoxoday/status/824198983845351424,twitter.com,,25/01/2017 10:19,https://twitter.com/#!/stunning_shweta/status/824199910576783361,,,8.242E+17,
indiamates,contestindia_,Mentions,25/01/2017 10:19,RT @thexoxoday: #ContestAlert ! We have a #contest coming up in an hour. Keep watching this space for more! @ContestIndia_  @contestindia12…,,,contestalert contest,25/01/2017 10:19,https://twitter.com/#!/indiamates/status/824200019792302080,,,8.242E+17,
indiamates,thexoxoday,Mentions,25/01/2017 10:19,RT @thexoxoday: #ContestAlert ! We have a #contest coming up in an hour. Keep watching this space for more! @ContestIndia_  @contestindia12…,,,contestalert contest,25/01/2017 10:19,https://twitter.com/#!/indiamates/status/824200019792302080,,,8.242E+17,
indiamates,india4contests,Mentions,25/01/2017 10:27,"RT @thexoxoday: Team, our contest will be live soon, @india4contests Do give us a shoutout! #ContestAlert #Contest",,,contestalert contest,25/01/2017 10:27,https://twitter.com/#!/indiamates/status/824201931476365312,,,8.24202E+17,
indiamates,thexoxoday,Mentions,25/01/2017 10:27,"RT @thexoxoday: Team, our contest will be live soon, @india4contests Do give us a shoutout! #ContestAlert #Contest",,,contestalert contest,25/01/2017 10:27,https://twitter.com/#!/indiamates/status/824201931476365312,,,8.24202E+17,
indiamates,broke,Mentions,25/01/2017 10:50,RT @thexoxoday: We have a #contest coming up. Follow us to participate! @IndianContests @Contesttable @iheartcontest @photo_contests @Broke…,,,contest,25/01/2017 10:50,https://twitter.com/#!/indiamates/status/824207898330931200,,,8.24208E+17,
indiamates,photo_contests,Mentions,25/01/2017 10:50,RT @thexoxoday: We have a #contest coming up. Follow us to participate! @IndianContests @Contesttable @iheartcontest @photo_contests @Broke…,,,contest,25/01/2017 10:50,https://twitter.com/#!/indiamates/status/824207898330931200,,,8.24208E+17,
indiamates,iheartcontest,Mentions,25/01/2017 10:50,RT @thexoxoday: We have a #contest coming up. Follow us to participate! @IndianContests @Contesttable @iheartcontest @photo_contests @Broke…,,,contest,25/01/2017 10:50,https://twitter.com/#!/indiamates/status/824207898330931200,,,8.24208E+17,
indiamates,contesttable,Mentions,25/01/2017 10:50,RT @thexoxoday: We have a #contest coming up. Follow us to participate! @IndianContests @Contesttable @iheartcontest @photo_contests @Broke…,,,contest,25/01/2017 10:50,https://twitter.com/#!/indiamates/status/824207898330931200,,,8.24208E+17,
indiamates,thexoxoday,Mentions,25/01/2017 10:50,RT @thexoxoday: We have a #contest coming up. Follow us to participate! @IndianContests @Contesttable @iheartcontest @photo_contests @Broke…,,,contest,25/01/2017 10:50,https://twitter.com/#!/indiamates/status/824207898330931200,,,8.24208E+17,
omkardixit45,suyashbharambe,Mentions,25/01/2017 10:56,@thexoxoday @yugalcool11 @Sensible_Mona @zoooni @anahitairani1 @SuyashBharambe,,,,25/01/2017 10:56,https://twitter.com/#!/omkardixit45/status/824209439058173952,,,8.24209E+17,8.24208E+17
omkardixit45,thexoxoday,Mentions,25/01/2017 10:56,"RT @thexoxoday: #ContestAlert Remember, Follow Us to Participate! #contest #contestindia #ContestofChampions https://t.co/yD5kFC1kES",,,contestalert contest contestindia contestofchampions,25/01/2017 10:56,https://twitter.com/#!/omkardixit45/status/824209295810195456,,,8.24209E+17,
omkardixit45,broke,Mentions,25/01/2017 10:56,RT @thexoxoday: We have a #contest coming up. Follow us to participate! @IndianContests @Contesttable @iheartcontest @photo_contests @Broke…,,,contest,25/01/2017 10:56,https://twitter.com/#!/omkardixit45/status/824209306555977728,,,8.24209E+17,
omkardixit45,photo_contests,Mentions,25/01/2017 10:56,RT @thexoxoday: We have a #contest coming up. Follow us to participate! @IndianContests @Contesttable @iheartcontest @photo_contests @Broke…,,,contest,25/01/2017 10:56,https://twitter.com/#!/omkardixit45/status/824209306555977728,,,8.24209E+17,
omkardixit45,iheartcontest,Mentions,25/01/2017 10:56,RT @thexoxoday: We have a #contest coming up. Follow us to participate! @IndianContests @Contesttable @iheartcontest @photo_contests @Broke…,,,contest,25/01/2017 10:56,https://twitter.com/#!/omkardixit45/status/824209306555977728,,,8.24209E+17,
omkardixit45,contesttable,Mentions,25/01/2017 10:56,RT @thexoxoday: We have a #contest coming up. Follow us to participate! @IndianContests @Contesttable @iheartcontest @photo_contests @Broke…,,,contest,25/01/2017 10:56,https://twitter.com/#!/omkardixit45/status/824209306555977728,,,8.24209E+17,
omkardixit45,thexoxoday,Mentions,25/01/2017 10:56,RT @thexoxoday: We have a #contest coming up. Follow us to participate! @IndianContests @Contesttable @iheartcontest @photo_contests @Broke…,,,contest,25/01/2017 10:56,https://twitter.com/#!/omkardixit45/status/824209306555977728,,,8.24209E+17,
omkardixit45,ruchirasalvi2,Mentions,25/01/2017 10:56,"RT @thexoxoday: We have a contest coming up, you guys! Follow us to participate. @plum_paradise @mala_24amrish @ruchirasalvi2 @Acharyaempir…",,,,25/01/2017 10:56,https://twitter.com/#!/omkardixit45/status/824209325866545152,,,8.24209E+17,
omkardixit45,mala_24amrish,Mentions,25/01/2017 10:56,"RT @thexoxoday: We have a contest coming up, you guys! Follow us to participate. @plum_paradise @mala_24amrish @ruchirasalvi2 @Acharyaempir…",,,,25/01/2017 10:56,https://twitter.com/#!/omkardixit45/status/824209325866545152,,,8.24209E+17,
omkardixit45,plum_paradise,Mentions,25/01/2017 10:56,"RT @thexoxoday: We have a contest coming up, you guys! Follow us to participate. @plum_paradise @mala_24amrish @ruchirasalvi2 @Acharyaempir…",,,,25/01/2017 10:56,https://twitter.com/#!/omkardixit45/status/824209325866545152,,,8.24209E+17,
omkardixit45,thexoxoday,Mentions,25/01/2017 10:56,"RT @thexoxoday: We have a contest coming up, you guys! Follow us to participate. @plum_paradise @mala_24amrish @ruchirasalvi2 @Acharyaempir…",,,,25/01/2017 10:56,https://twitter.com/#!/omkardixit45/status/824209325866545152,,,8.24209E+17,
omkardixit45,contestweeter,Mentions,25/01/2017 10:56,"RT @thexoxoday: @contestweeter We have a #contest coming up, give us a shoutout you guys! #ContestAlert",,,contest contestalert,25/01/2017 10:56,https://twitter.com/#!/omkardixit45/status/824209335899324416,,,8.24209E+17,
omkardixit45,thexoxoday,Mentions,25/01/2017 10:56,"RT @thexoxoday: @contestweeter We have a #contest coming up, give us a shoutout you guys! #ContestAlert",,,contest contestalert,25/01/2017 10:56,https://twitter.com/#!/omkardixit45/status/824209335899324416,,,8.24209E+17,
omkardixit45,contests2share,Mentions,25/01/2017 10:56,RT @thexoxoday: @contests2share Give us a shoutout for our #contest that is coming up.,,,contest,25/01/2017 10:56,https://twitter.com/#!/omkardixit45/status/824209344891879426,,,8.24209E+17,
omkardixit45,thexoxoday,Mentions,25/01/2017 10:56,RT @thexoxoday: @contests2share Give us a shoutout for our #contest that is coming up.,,,contest,25/01/2017 10:56,https://twitter.com/#!/omkardixit45/status/824209344891879426,,,8.24209E+17,
omkardixit45,contestimeline,Mentions,25/01/2017 10:56,RT @thexoxoday: @ContesTimeline We have a #contest coming up. Give us a shoutout! #ContestAlert,,,contest contestalert,25/01/2017 10:56,https://twitter.com/#!/omkardixit45/status/824209358158462976,,,8.24209E+17,
omkardixit45,thexoxoday,Mentions,25/01/2017 10:56,RT @thexoxoday: @ContesTimeline We have a #contest coming up. Give us a shoutout! #ContestAlert,,,contest contestalert,25/01/2017 10:56,https://twitter.com/#!/omkardixit45/status/824209358158462976,,,8.24209E+17,
omkardixit45,anahitairani1,Mentions,25/01/2017 10:56,@thexoxoday @yugalcool11 @Sensible_Mona @zoooni @anahitairani1 @SuyashBharambe,,,,25/01/2017 10:56,https://twitter.com/#!/omkardixit45/status/824209439058173952,,,8.24209E+17,8.24208E+17
omkardixit45,zoooni,Mentions,25/01/2017 10:56,@thexoxoday @yugalcool11 @Sensible_Mona @zoooni @anahitairani1 @SuyashBharambe,,,,25/01/2017 10:56,https://twitter.com/#!/omkardixit45/status/824209439058173952,,,8.24209E+17,8.24208E+17
omkardixit45,sensible_mona,Mentions,25/01/2017 10:56,@thexoxoday @yugalcool11 @Sensible_Mona @zoooni @anahitairani1 @SuyashBharambe,,,,25/01/2017 10:56,https://twitter.com/#!/omkardixit45/status/824209439058173952,,,8.24209E+17,8.24208E+17
omkardixit45,yugalcool11,Mentions,25/01/2017 10:56,@thexoxoday @yugalcool11 @Sensible_Mona @zoooni @anahitairani1 @SuyashBharambe,,,,25/01/2017 10:56,https://twitter.com/#!/omkardixit45/status/824209439058173952,,,8.24209E+17,8.24208E+17
omkardixit45,thexoxoday,Replies to,25/01/2017 10:56,@thexoxoday @yugalcool11 @Sensible_Mona @zoooni @anahitairani1 @SuyashBharambe,,,,25/01/2017 10:56,https://twitter.com/#!/omkardixit45/status/824209439058173952,,,8.24209E+17,8.24208E+17
sanchitabhartiy,contestindia_,Mentions,25/01/2017 10:19,RT @thexoxoday: #ContestAlert ! We have a #contest coming up in an hour. Keep watching this space for more! @ContestIndia_  @contestindia12…,,,contestalert contest,25/01/2017 10:19,https://twitter.com/#!/sanchitabhartiy/status/824199886472183809,,,8.242E+17,
sanchitabhartiy,thexoxoday,Mentions,25/01/2017 10:19,RT @thexoxoday: #ContestAlert ! We have a #contest coming up in an hour. Keep watching this space for more! @ContestIndia_  @contestindia12…,,,contestalert contest,25/01/2017 10:19,https://twitter.com/#!/sanchitabhartiy/status/824199886472183809,,,8.242E+17,
thexoxoday,airbnb,Mentions,23/01/2017 03:38,RT @LBBDelhiNCR: Make your long weekend an epic one with these @Airbnb options! https://t.co/OzBc2Jp0EA,http://ow.ly/SLNC308e9v4,ow.ly,,23/01/2017 03:38,https://twitter.com/#!/thexoxoday/status/823374206322835457,,,8.23374E+17,
thexoxoday,lbbdelhincr,Mentions,23/01/2017 03:38,RT @LBBDelhiNCR: Make your long weekend an epic one with these @Airbnb options! https://t.co/OzBc2Jp0EA,http://ow.ly/SLNC308e9v4,ow.ly,,23/01/2017 03:38,https://twitter.com/#!/thexoxoday/status/823374206322835457,,,8.23374E+17,
thexoxoday,httweets,Mentions,23/01/2017 05:19,@bpbmumbai @travel_retweets @CNTIndia @aTIndustry @bombaytimes @htTweets https://t.co/i1gntkvtMW,https://twitter.com/thexoxoday/status/823394880420544515,twitter.com,,23/01/2017 05:19,https://twitter.com/#!/thexoxoday/status/823399620260855808,,,8.234E+17,
thexoxoday,bombaytimes,Mentions,23/01/2017 05:19,@bpbmumbai @travel_retweets @CNTIndia @aTIndustry @bombaytimes @htTweets https://t.co/i1gntkvtMW,https://twitter.com/thexoxoday/status/823394880420544515,twitter.com,,23/01/2017 05:19,https://twitter.com/#!/thexoxoday/status/823399620260855808,,,8.234E+17,
thexoxoday,atindustry,Mentions,23/01/2017 05:19,@bpbmumbai @travel_retweets @CNTIndia @aTIndustry @bombaytimes @htTweets https://t.co/i1gntkvtMW,https://twitter.com/thexoxoday/status/823394880420544515,twitter.com,,23/01/2017 05:19,https://twitter.com/#!/thexoxoday/status/823399620260855808,,,8.234E+17,
thexoxoday,cntindia,Mentions,23/01/2017 05:19,@bpbmumbai @travel_retweets @CNTIndia @aTIndustry @bombaytimes @htTweets https://t.co/i1gntkvtMW,https://twitter.com/thexoxoday/status/823394880420544515,twitter.com,,23/01/2017 05:19,https://twitter.com/#!/thexoxoday/status/823399620260855808,,,8.234E+17,
thexoxoday,travel_retweets,Mentions,23/01/2017 05:19,@bpbmumbai @travel_retweets @CNTIndia @aTIndustry @bombaytimes @htTweets https://t.co/i1gntkvtMW,https://twitter.com/thexoxoday/status/823394880420544515,twitter.com,,23/01/2017 05:19,https://twitter.com/#!/thexoxoday/status/823399620260855808,,,8.234E+17,
thexoxoday,bpbmumbai,Replies to,23/01/2017 05:19,@bpbmumbai @travel_retweets @CNTIndia @aTIndustry @bombaytimes @htTweets https://t.co/i1gntkvtMW,https://twitter.com/thexoxoday/status/823394880420544515,twitter.com,,23/01/2017 05:19,https://twitter.com/#!/thexoxoday/status/823399620260855808,,,8.234E+17,
thexoxoday,linkedin,Mentions,23/01/2017 07:08,"Manoj Agarwal​ , Co-founder of Xoxoday, Shares His Startup Story  https://t.co/npllxLTcVG on @LinkedIn",https://www.linkedin.com/pulse/story-xoxoday-manoj-agarwal,linkedin.com,,23/01/2017 07:08,https://twitter.com/#!/thexoxoday/status/823427248795619328,,,8.23427E+17,
thexoxoday,snapdeal,Mentions,23/01/2017 15:58,"RT @BookYourGame: One pass to access it all.Get complete flexibility with the #BYGPass #GetFit
@nearbuy @Olacabs @snapdeal @thexoxoday
http…",,,bygpass getfit,23/01/2017 15:58,https://twitter.com/#!/thexoxoday/status/823560549325795333,,,8.23561E+17,
thexoxoday,olacabs,Mentions,23/01/2017 15:58,"RT @BookYourGame: One pass to access it all.Get complete flexibility with the #BYGPass #GetFit
@nearbuy @Olacabs @snapdeal @thexoxoday
http…",,,bygpass getfit,23/01/2017 15:58,https://twitter.com/#!/thexoxoday/status/823560549325795333,,,8.23561E+17,
thexoxoday,nearbuy,Mentions,23/01/2017 15:58,"RT @BookYourGame: One pass to access it all.Get complete flexibility with the #BYGPass #GetFit
@nearbuy @Olacabs @snapdeal @thexoxoday
http…",,,bygpass getfit,23/01/2017 15:58,https://twitter.com/#!/thexoxoday/status/823560549325795333,,,8.23561E+17,
thexoxoday,bookyourgame,Mentions,23/01/2017 15:58,"RT @BookYourGame: One pass to access it all.Get complete flexibility with the #BYGPass #GetFit
@nearbuy @Olacabs @snapdeal @thexoxoday
http…",,,bygpass getfit,23/01/2017 15:58,https://twitter.com/#!/thexoxoday/status/823560549325795333,,,8.23561E+17,
thexoxoday,reyen7,Replies to,23/01/2017 16:04,@reyen7 Sorry for inconvenience. Share your problem at cs@xoxoday.com or here with order id. Or call us directly at 080 6565 6000,,,,23/01/2017 16:04,https://twitter.com/#!/thexoxoday/status/823561958129549312,,,8.23562E+17,8.23498E+17
thexoxoday,deepakberiwala,Replies to,23/01/2017 16:03,@Deepakberiwala Sorry for inconvenience. Share your problem at cs@xoxoday.com or here with order id,,,,23/01/2017 16:03,https://twitter.com/#!/thexoxoday/status/823561705401749505,,,8.23562E+17,8.23536E+17
thexoxoday,deepakberiwala,Replies to,24/01/2017 04:28,"@Deepakberiwala We are looking into the matter, will resolve this issue at the earliest.",,,,24/01/2017 04:28,https://twitter.com/#!/thexoxoday/status/823749367517577216,,,8.23749E+17,8.23729E+17
thexoxoday,abhimanyusays,Mentions,24/01/2017 11:15,Thanks @salesgasm  #IntrigueDelhi @vivekagw @kushalagrl @reachskk @kailasim @kamna_agrawal @MalavikaMallya @AbhimanyuSays,,,intriguedelhi,24/01/2017 11:15,https://twitter.com/#!/thexoxoday/status/823851824025321472,,,8.23852E+17,8.23782E+17
thexoxoday,malavikamallya,Mentions,24/01/2017 11:15,Thanks @salesgasm  #IntrigueDelhi @vivekagw @kushalagrl @reachskk @kailasim @kamna_agrawal @MalavikaMallya @AbhimanyuSays,,,intriguedelhi,24/01/2017 11:15,https://twitter.com/#!/thexoxoday/status/823851824025321472,,,8.23852E+17,8.23782E+17
thexoxoday,kamna_agrawal,Mentions,24/01/2017 11:15,Thanks @salesgasm  #IntrigueDelhi @vivekagw @kushalagrl @reachskk @kailasim @kamna_agrawal @MalavikaMallya @AbhimanyuSays,,,intriguedelhi,24/01/2017 11:15,https://twitter.com/#!/thexoxoday/status/823851824025321472,,,8.23852E+17,8.23782E+17
thexoxoday,kailasim,Mentions,24/01/2017 11:15,Thanks @salesgasm  #IntrigueDelhi @vivekagw @kushalagrl @reachskk @kailasim @kamna_agrawal @MalavikaMallya @AbhimanyuSays,,,intriguedelhi,24/01/2017 11:15,https://twitter.com/#!/thexoxoday/status/823851824025321472,,,8.23852E+17,8.23782E+17
thexoxoday,reachskk,Mentions,24/01/2017 11:15,Thanks @salesgasm  #IntrigueDelhi @vivekagw @kushalagrl @reachskk @kailasim @kamna_agrawal @MalavikaMallya @AbhimanyuSays,,,intriguedelhi,24/01/2017 11:15,https://twitter.com/#!/thexoxoday/status/823851824025321472,,,8.23852E+17,8.23782E+17
thexoxoday,kushalagrl,Mentions,24/01/2017 11:15,Thanks @salesgasm  #IntrigueDelhi @vivekagw @kushalagrl @reachskk @kailasim @kamna_agrawal @MalavikaMallya @AbhimanyuSays,,,intriguedelhi,24/01/2017 11:15,https://twitter.com/#!/thexoxoday/status/823851824025321472,,,8.23852E+17,8.23782E+17
thexoxoday,vivekagw,Mentions,24/01/2017 11:15,Thanks @salesgasm  #IntrigueDelhi @vivekagw @kushalagrl @reachskk @kailasim @kamna_agrawal @MalavikaMallya @AbhimanyuSays,,,intriguedelhi,24/01/2017 11:15,https://twitter.com/#!/thexoxoday/status/823851824025321472,,,8.23852E+17,8.23782E+17
thexoxoday,salesgasm,Mentions,24/01/2017 11:15,Thanks @salesgasm  #IntrigueDelhi @vivekagw @kushalagrl @reachskk @kailasim @kamna_agrawal @MalavikaMallya @AbhimanyuSays,,,intriguedelhi,24/01/2017 11:15,https://twitter.com/#!/thexoxoday/status/823851824025321472,,,8.23852E+17,8.23782E+17
thexoxoday,contestindia_,Mentions,25/01/2017 10:15,#ContestAlert ! We have a #contest coming up in an hour. Keep watching this space for more! @ContestIndia_… https://t.co/UOZYR3b23Y,https://twitter.com/i/web/status/824198983845351424,twitter.com,contestalert contest,25/01/2017 10:15,https://twitter.com/#!/thexoxoday/status/824198983845351424,,,8.24199E+17,
thexoxoday,contestadventur,Mentions,25/01/2017 10:16,Team @ContestAdventur give us a shout out for our upcoming contest! https://t.co/NhL0pRdJtT,https://twitter.com/thexoxoday/status/824198983845351424,twitter.com,,25/01/2017 10:16,https://twitter.com/#!/thexoxoday/status/824199267011166211,,,8.24199E+17,
thexoxoday,india4contests,Mentions,25/01/2017 10:25,"Team, our contest will be live soon, @india4contests Do give us a shoutout! #ContestAlert #Contest",,,contestalert contest,25/01/2017 10:25,https://twitter.com/#!/thexoxoday/status/824201643638091777,,,8.24202E+17,
thexoxoday,contestmantra,Mentions,25/01/2017 10:28,Our contest will be live soon @contestmantra !Give us a shoutout team! #ContestAlert #Contest,,,contestalert contest,25/01/2017 10:28,https://twitter.com/#!/thexoxoday/status/824202244476256256,,,8.24202E+17,
thexoxoday,contestmela,Mentions,25/01/2017 10:29,An exciting contest is coming up today @ContestMela! Give us a shout out folks!  #ContestAlert #Contest,,,contestalert contest,25/01/2017 10:29,https://twitter.com/#!/thexoxoday/status/824202427352150018,,,8.24202E+17,
thexoxoday,thefreejinn,Mentions,25/01/2017 10:29,An exciting contest is coming up in a few hours @thefreejinn! Give us a shout out folks  #ContestAlert #Contest,,,contestalert contest,25/01/2017 10:29,https://twitter.com/#!/thexoxoday/status/824202529236021248,,,8.24203E+17,
thexoxoday,contestkiduniya,Mentions,25/01/2017 10:30,The contest will be live very soon @ContestKiDuniya . Give us a shoutout! #contest #ContestAlert,,,contest contestalert,25/01/2017 10:30,https://twitter.com/#!/thexoxoday/status/824202653471219712,,,8.24203E+17,
thexoxoday,contestinindia,Mentions,25/01/2017 10:31,An exciting contest is coming up in a few hours @contestinIndia! Share it with your followers team #ContestAlert #contest,,,contestalert contest,25/01/2017 10:31,https://twitter.com/#!/thexoxoday/status/824202976747225089,,,8.24203E+17,
thexoxoday,contestimeline,Replies to,25/01/2017 10:39,@ContesTimeline We have a #contest coming up. Give us a shoutout! #ContestAlert,,,contest contestalert,25/01/2017 10:39,https://twitter.com/#!/thexoxoday/status/824205116387508224,,,8.24205E+17,
thexoxoday,contests2share,Replies to,25/01/2017 10:40,@contests2share Give us a shoutout for our #contest that is coming up.,,,contest,25/01/2017 10:40,https://twitter.com/#!/thexoxoday/status/824205296327331840,,,8.24205E+17,
thexoxoday,contestweeter,Replies to,25/01/2017 10:41,"@contestweeter We have a #contest coming up, give us a shoutout you guys! #ContestAlert",,,contest contestalert,25/01/2017 10:41,https://twitter.com/#!/thexoxoday/status/824205511490932736,,,8.24206E+17,
thexoxoday,ruchirasalvi2,Mentions,25/01/2017 10:44,"We have a contest coming up, you guys! Follow us to participate. @plum_paradise @mala_24amrish @ruchirasalvi2… https://t.co/4Lf5zNzimw",https://twitter.com/i/web/status/824206395595718656,twitter.com,,25/01/2017 10:44,https://twitter.com/#!/thexoxoday/status/824206395595718656,,,8.24206E+17,
thexoxoday,mala_24amrish,Mentions,25/01/2017 10:44,"We have a contest coming up, you guys! Follow us to participate. @plum_paradise @mala_24amrish @ruchirasalvi2… https://t.co/4Lf5zNzimw",https://twitter.com/i/web/status/824206395595718656,twitter.com,,25/01/2017 10:44,https://twitter.com/#!/thexoxoday/status/824206395595718656,,,8.24206E+17,
thexoxoday,plum_paradise,Mentions,25/01/2017 10:44,"We have a contest coming up, you guys! Follow us to participate. @plum_paradise @mala_24amrish @ruchirasalvi2… https://t.co/4Lf5zNzimw",https://twitter.com/i/web/status/824206395595718656,twitter.com,,25/01/2017 10:44,https://twitter.com/#!/thexoxoday/status/824206395595718656,,,8.24206E+17,
thexoxoday,iheartcontest,Mentions,25/01/2017 10:50,We have a #contest coming up. Follow us to participate! @IndianContests @Contesttable @iheartcontest… https://t.co/TV0XohIlzx,https://twitter.com/i/web/status/824207754302779392,twitter.com,contest,25/01/2017 10:50,https://twitter.com/#!/thexoxoday/status/824207754302779392,,,8.24208E+17,
thexoxoday,contesttable,Mentions,25/01/2017 10:50,We have a #contest coming up. Follow us to participate! @IndianContests @Contesttable @iheartcontest… https://t.co/TV0XohIlzx,https://twitter.com/i/web/status/824207754302779392,twitter.com,contest,25/01/2017 10:50,https://twitter.com/#!/thexoxoday/status/824207754302779392,,,8.24208E+17,
thexoxoday,binny_kukreja,Replies to,25/01/2017 11:45,@binny_kukreja Dream ride on an Audi R8 and a Dinner at Taj Mahal Palace !,,,,25/01/2017 11:45,https://twitter.com/#!/thexoxoday/status/824221534906621957,,,8.24222E+17,8.24209E+17
thexoxoday,binny_kukreja,Replies to,25/01/2017 11:47,@binny_kukreja Yes :),,,,25/01/2017 11:47,https://twitter.com/#!/thexoxoday/status/824222056439017472,,,8.24222E+17,8.24222E+17
thexoxoday,vineetsonkar,Replies to,25/01/2017 12:21,"@VineetSonkar No, you can participate too! :)",,,,25/01/2017 12:21,https://twitter.com/#!/thexoxoday/status/824230643252989953,,,8.24231E+17,8.2423E+17
thexoxoday,vineetsonkar,Replies to,25/01/2017 12:28,@VineetSonkar Anyone can participate :),,,,25/01/2017 12:28,https://twitter.com/#!/thexoxoday/status/824232398741180416,,,8.24232E+17,8.2423E+17
thexoxoday,thexox,Mentions,27/01/2017 20:22,"RT @pratima_talreja: @thexoxoday 
Wow nice website 👌👌
It contains all my to-do list it's v easy to get all things together 🤗
Thanks @thexox…",,,,27/01/2017 20:22,https://twitter.com/#!/thexoxoday/status/825076461480484864,,,8.25076E+17,
thexoxoday,pratima_talreja,Mentions,27/01/2017 20:22,"RT @pratima_talreja: @thexoxoday 
Wow nice website 👌👌
It contains all my to-do list it's v easy to get all things together 🤗
Thanks @thexox…",,,,27/01/2017 20:22,https://twitter.com/#!/thexoxoday/status/825076461480484864,,,8.25076E+17,
thexoxoday,thexoxoday,Tweet,22/01/2017 12:03,#LongWeekend #Mumbai and #Pune here's a list of unexplored destinations for that upcoming long weekend! Read -… https://t.co/7DaYECd5K0,https://twitter.com/i/web/status/823139006619746304,twitter.com,longweekend mumbai pune,22/01/2017 12:03,https://twitter.com/#!/thexoxoday/status/823139006619746304,,,8.23139E+17,
thexoxoday,thexoxoday,Tweet,22/01/2017 19:18,"The Untold Story of Xoxoday
https://t.co/npllxLTcVG",https://www.linkedin.com/pulse/story-xoxoday-manoj-agarwal,linkedin.com,,22/01/2017 19:18,https://twitter.com/#!/thexoxoday/status/823248454839402497,,,8.23248E+17,
thexoxoday,thexoxoday,Tweet,23/01/2017 03:22,Our #mondaymotivation is to be more adventurous! If #adventure is your calling then click here -… https://t.co/nV4A44Xz1W,https://twitter.com/i/web/status/823370199625859073,twitter.com,mondaymotivation adventure,23/01/2017 03:22,https://twitter.com/#!/thexoxoday/status/823370199625859073,,,8.2337E+17,
thexoxoday,thexoxoday,Tweet,23/01/2017 04:30,"#Mumbai and #Pune, hear out! We're giving you a list of our top 13 picks of unexplored getaways near #you!… https://t.co/v9m6qHimmM",https://twitter.com/i/web/status/823387331759669248,twitter.com,mumbai pune you,23/01/2017 04:30,https://twitter.com/#!/thexoxoday/status/823387331759669248,,,8.23387E+17,
thexoxoday,thexoxoday,Tweet,23/01/2017 05:00,Confused on where to head to near Mumbai and Pune for the long weekend? Check out our top 13 unexplored places now… https://t.co/KAcdYw3iv5,https://twitter.com/i/web/status/823394880420544515,twitter.com,,23/01/2017 05:00,https://twitter.com/#!/thexoxoday/status/823394880420544515,,,8.23395E+17,
thexoxoday,thexoxoday,Tweet,23/01/2017 05:15,Pack Your Bags #NOW and head to these unexplored and untouched weekend getaways near #Mumbai and #Pune  -… https://t.co/SHglGPgwNp,https://twitter.com/i/web/status/823398613959184385,twitter.com,now mumbai pune,23/01/2017 05:15,https://twitter.com/#!/thexoxoday/status/823398613959184385,,,8.23399E+17,
thexoxoday,thexoxoday,Tweet,23/01/2017 05:30,"#Delhi, listen up! If you're looking for something new to do, here's our list of exciting experiences to try out -… https://t.co/MmfV01U7xr",https://twitter.com/i/web/status/823402432277413888,twitter.com,delhi,23/01/2017 05:30,https://twitter.com/#!/thexoxoday/status/823402432277413888,,,8.23402E+17,
thexoxoday,thexoxoday,Tweet,23/01/2017 05:45,"Did you know that #Frogo is now #Xoxoday! Yes, we have rebranded, read all about it, here - https://t.co/06DH0ecAWf https://t.co/cIBBI4WMak",https://goo.gl/GIEq2g?utm_content=bufferdf933&utm_medium=social&utm_source=twitter.com&utm_campaign=buffer,goo.gl,frogo xoxoday,23/01/2017 05:45,https://twitter.com/#!/thexoxoday/status/823406166214590465,,,8.23406E+17,
thexoxoday,thexoxoday,Tweet,23/01/2017 06:00,"#Bangalore, we love you and we absolutely love the super fun and unique things that you have to offer! Read On -… https://t.co/iZOudvxccx",https://twitter.com/i/web/status/823410014249488384,twitter.com,bangalore,23/01/2017 06:00,https://twitter.com/#!/thexoxoday/status/823410014249488384,,,8.2341E+17,
thexoxoday,thexoxoday,Tweet,23/01/2017 06:15,Here's our list of the 13 best untouched getaways from #Mumbai and #Pune for the upcoming #longweekend! Click here… https://t.co/sBEeZ9wcd5,https://twitter.com/i/web/status/823413718017069056,twitter.com,mumbai pune longweekend,23/01/2017 06:15,https://twitter.com/#!/thexoxoday/status/823413718017069056,,,8.23414E+17,
thexoxoday,thexoxoday,Tweet,23/01/2017 09:30,"#Delhi, listen up! If you're looking for something new to do, here's our list of exciting experiences to try out -… https://t.co/OiOIOrilHx",https://twitter.com/i/web/status/823462900539019269,twitter.com,delhi,23/01/2017 09:30,https://twitter.com/#!/thexoxoday/status/823462900539019269,,,8.23463E+17,
thexoxoday,thexoxoday,Tweet,24/01/2017 04:30,Head to the gorgeous Andaman for the long weekend get swayed by the sun-kissed beaches of the island. Book now -… https://t.co/938zp6kTJP,https://twitter.com/i/web/status/823749729364410373,twitter.com,,24/01/2017 04:30,https://twitter.com/#!/thexoxoday/status/823749729364410373,,,8.2375E+17,
thexoxoday,thexoxoday,Tweet,24/01/2017 04:45,"Head out to the Scotland of India, Coorg for an amazingly adventurous time during this upcoming weekend! Book now -… https://t.co/N4oANITVDi",https://twitter.com/i/web/status/823753453084278785,twitter.com,,24/01/2017 04:45,https://twitter.com/#!/thexoxoday/status/823753453084278785,,,8.23753E+17,
thexoxoday,thexoxoday,Tweet,24/01/2017 05:00,"Go, Goa and add a little adventure to your trip with this Scuba Diving Experience in #Goa. Book this now -… https://t.co/BvrtL9QAK0",https://twitter.com/i/web/status/823757354630057984,twitter.com,goa,24/01/2017 05:00,https://twitter.com/#!/thexoxoday/status/823757354630057984,,,8.23757E+17,
thexoxoday,thexoxoday,Tweet,24/01/2017 05:15,If you're looking for some calm and peace then this jungle resort stay in #Wayanad is just for you! Book it #now -… https://t.co/L3XGEh4oIe,https://twitter.com/i/web/status/823761000893652992,twitter.com,wayanad now,24/01/2017 05:15,https://twitter.com/#!/thexoxoday/status/823761000893652992,,,8.23761E+17,
thexoxoday,thexoxoday,Tweet,24/01/2017 05:30,Head to #Munnar for an extravagant stay in a luxurious treehouse and replenish yourself! Book this now -… https://t.co/eDtdAaW7r9,https://twitter.com/i/web/status/823764841500393472,twitter.com,munnar,24/01/2017 05:30,https://twitter.com/#!/thexoxoday/status/823764841500393472,,,8.23765E+17,
thexoxoday,thexoxoday,Tweet,24/01/2017 05:45,"#Explore the unexplored in the breathtaking beach city, #Pondicherry! Book your vacation with #Xoxoday now -… https://t.co/4TQ0nl0sKg",https://twitter.com/i/web/status/823768579803844608,twitter.com,explore pondicherry xoxoday,24/01/2017 05:45,https://twitter.com/#!/thexoxoday/status/823768579803844608,,,8.23769E+17,
thexoxoday,thexoxoday,Tweet,24/01/2017 06:00,"If you want to get away from the mundane hustle of life, then this Boat House stay in #Alleppey is  just for you -… https://t.co/pVZZ5L5Lrz",https://twitter.com/i/web/status/823772431861084160,twitter.com,alleppey,24/01/2017 06:00,https://twitter.com/#!/thexoxoday/status/823772431861084160,,,8.23772E+17,
thexoxoday,thexoxoday,Tweet,24/01/2017 06:15,"#Delhi, listen up! If you're looking for something new to do, here's our list of exciting experiences to try out -… https://t.co/pXFifotD6h",https://twitter.com/i/web/status/823776104037097473,twitter.com,delhi,24/01/2017 06:15,https://twitter.com/#!/thexoxoday/status/823776104037097473,,,8.23776E+17,
thexoxoday,thexoxoday,Tweet,24/01/2017 06:36,Team Xoxoday at #IntrigueDelhi  ! We’re super excited to meet you at #Xoxoday Booth .Let us welcome you with Chocol… https://t.co/vOL6Fo3cDP,https://twitter.com/i/web/status/823781582389514240,twitter.com,intriguedelhi xoxoday,24/01/2017 06:36,https://twitter.com/#!/thexoxoday/status/823781582389514240,,,8.23782E+17,
thexoxoday,thexoxoday,Tweet,24/01/2017 07:30,Here's our list of the 13 best untouched getaways from #Mumbai and #Pune for the upcoming #longweekend! Click here… https://t.co/zmBpzJhYuy,https://twitter.com/i/web/status/823795089533206529,twitter.com,mumbai pune longweekend,24/01/2017 07:30,https://twitter.com/#!/thexoxoday/status/823795089533206529,,,8.23795E+17,
thexoxoday,thexoxoday,Tweet,24/01/2017 08:00,Pack Your Bags #NOW and head to these unexplored and untouched weekend getaways near #Mumbai and #Pune  -… https://t.co/PQoW5Qoixw,https://twitter.com/i/web/status/823802586235076608,twitter.com,now mumbai pune,24/01/2017 08:00,https://twitter.com/#!/thexoxoday/status/823802586235076608,,,8.23803E+17,
thexoxoday,thexoxoday,Tweet,24/01/2017 08:30,"#Mumbai and #Pune, hear out! We're giving you a list of our top 13 picks of unexplored getaways near #you!… https://t.co/JZmd21JJGP",https://twitter.com/i/web/status/823810227636228096,twitter.com,mumbai pune you,24/01/2017 08:30,https://twitter.com/#!/thexoxoday/status/823810227636228096,,,8.2381E+17,
thexoxoday,thexoxoday,Tweet,24/01/2017 13:01,"Did you know that #Frogo is now #Xoxoday! Yes, we have rebranded, read all about it, here - https://t.co/59pBr1qxh9 https://t.co/12Cgc7Ztjl",https://goo.gl/GIEq2g?utm_content=buffer8b8d3&utm_medium=social&utm_source=twitter.com&utm_campaign=buffer,goo.gl,frogo xoxoday,24/01/2017 13:01,https://twitter.com/#!/thexoxoday/status/823878384199540736,,,8.23878E+17,
thexoxoday,thexoxoday,Tweet,25/01/2017 07:23,Head to the gorgeous Andaman for the long weekend get swayed by the sun-kissed beaches of the island. Book now -… https://t.co/TeNBZ2CSnW,https://twitter.com/i/web/status/824155747705638914,twitter.com,,25/01/2017 07:23,https://twitter.com/#!/thexoxoday/status/824155747705638914,,,8.24156E+17,
thexoxoday,thexoxoday,Tweet,25/01/2017 07:41,"Head out to the Scotland of India, Coorg for an amazingly adventurous time during this upcoming weekend! Book now -… https://t.co/VJbSN60LD0",https://twitter.com/i/web/status/824160358231379968,twitter.com,,25/01/2017 07:41,https://twitter.com/#!/thexoxoday/status/824160358231379968,,,8.2416E+17,
thexoxoday,thexoxoday,Tweet,25/01/2017 08:00,"Go, Goa and add a little adventure to your trip with this Scuba Diving Experience in #Goa. Book this now -… https://t.co/m1Rf8GaF4m",https://twitter.com/i/web/status/824164970564845568,twitter.com,goa,25/01/2017 08:00,https://twitter.com/#!/thexoxoday/status/824164970564845568,,,8.24165E+17,
thexoxoday,thexoxoday,Tweet,25/01/2017 10:52,"#ContestAlert Remember, Follow Us to Participate! #contest #contestindia #ContestofChampions https://t.co/yD5kFC1kES",,,contestalert contest contestindia contestofchampions,25/01/2017 10:52,https://twitter.com/#!/thexoxoday/status/824208282105606146,,,8.24208E+17,
thexoxoday,thexoxoday,Tweet,25/01/2017 11:25,Our #Contest is #live! #RT and tag 5 of your friends to win this dream ride on an Audi R8 and a Dinner at Taj Mahal… https://t.co/yqxsery8jt,https://twitter.com/i/web/status/824216655802880000,twitter.com,contest live rt,25/01/2017 11:25,https://twitter.com/#!/thexoxoday/status/824216655802880000,,,8.24217E+17,
thexoxoday,thexoxoday,Tweet,25/01/2017 11:28,We are #live with our #contest! Follow to participate. All you have to do is #RT and tag 5 of your friends to win! https://t.co/Begkc2TaRu,,,live contest rt,25/01/2017 11:28,https://twitter.com/#!/thexoxoday/status/824217379290943492,,,8.24217E+17,
thexoxoday,thexoxoday,Tweet,25/01/2017 11:42,Our #Contest is now live! #RT and tag 5 of your friends to #win an Audi R8 ride and dinner at Taj! #ContestAlert… https://t.co/gj0zoftYBe,https://twitter.com/i/web/status/824220809002700801,twitter.com,contest rt win contestalert,25/01/2017 11:42,https://twitter.com/#!/thexoxoday/status/824220809002700801,,,8.24221E+17,
thexoxoday,thexoxoday,Tweet,25/01/2017 12:20,A shoutout to everyone who wants to #Participate! Our #contest is now live! Follow us to participate. #RT and tag 5… https://t.co/EQbkJqSHTw,https://twitter.com/i/web/status/824230511090483200,twitter.com,participate contest rt,25/01/2017 12:20,https://twitter.com/#!/thexoxoday/status/824230511090483200,,,8.24231E+17,
thexoxoday,thexoxoday,Tweet,25/01/2017 13:55,Keep participating in our #contest to win an Audi Q3 ride and a lavish dinner for two at the Taj Mahal Palace!… https://t.co/EE76hDrkWW,https://twitter.com/i/web/status/824254378093723652,twitter.com,contest,25/01/2017 13:55,https://twitter.com/#!/thexoxoday/status/824254378093723652,,,8.24254E+17,
thexoxoday,thexoxoday,Tweet,25/01/2017 14:01,Our contest is #LIVE! Follow us to #participate and #RT and tag 5 of your friends to #win! #ContestAlert #Contest https://t.co/lWQd2KRvHy,,,live participate rt win contestalert contest,25/01/2017 14:01,https://twitter.com/#!/thexoxoday/status/824255784708165632,,,8.24256E+17,
thexoxoday,thexoxoday,Tweet,27/01/2017 04:09,"We will be announcing the winner on Monday, which means, you still have three more days to participate and #win!… https://t.co/ZYPsm0bh0N",https://twitter.com/i/web/status/824831642229436417,twitter.com,win,27/01/2017 04:09,https://twitter.com/#!/thexoxoday/status/824831642229436417,,,8.24832E+17,
thexoxoday,thexoxoday,Tweet,27/01/2017 04:12,"Follow us to participate, all you have to do is #RT and tag 5 of your friends and visit - https://t.co/sDYj0Z0PUX… https://t.co/4SiyFFV4xH",https://goo.gl/XLyL59 https://twitter.com/i/web/status/824832448165007360,goo.gl twitter.com,rt,27/01/2017 04:12,https://twitter.com/#!/thexoxoday/status/824832448165007360,,,8.24832E+17,
thexoxoday,thexoxoday,Tweet,27/01/2017 04:15,Pack Your Bags #NOW and head to these unexplored and untouched weekend getaways near #Mumbai and #Pune  -… https://t.co/yx1qaIcBgJ,https://twitter.com/i/web/status/824833297494728704,twitter.com,now mumbai pune,27/01/2017 04:15,https://twitter.com/#!/thexoxoday/status/824833297494728704,,,8.24833E+17,
thexoxoday,thexoxoday,Tweet,27/01/2017 05:00,Here's our list of the 13 best untouched getaways from #Mumbai and #Pune for the upcoming #longweekend! Click here… https://t.co/TGm0yh0YuL,https://twitter.com/i/web/status/824844443870126081,twitter.com,mumbai pune longweekend,27/01/2017 05:00,https://twitter.com/#!/thexoxoday/status/824844443870126081,,,8.24844E+17,
thexoxoday,thexoxoday,Tweet,27/01/2017 05:20,"#Delhi, listen up! If you're looking for something new to do, here's our list of exciting experiences to try out -… https://t.co/xmOvP1gTZy",https://twitter.com/i/web/status/824849442884902916,twitter.com,delhi,27/01/2017 05:20,https://twitter.com/#!/thexoxoday/status/824849442884902916,,,8.24849E+17,
thexoxoday,thexoxoday,Tweet,27/01/2017 05:39,"#Bangalore, we love you and we absolutely love the super fun and unique things that you have to offer! Read On -… https://t.co/FNiCX8fJgW",https://twitter.com/i/web/status/824854217605013505,twitter.com,bangalore,27/01/2017 05:39,https://twitter.com/#!/thexoxoday/status/824854217605013505,,,8.24854E+17,
thexoxoday,thexoxoday,Tweet,28/01/2017 04:30,"Looking for an amazing #adventure option near #Bangalore, India, over the #LongWeekend? Check this out at #Xoxoday… https://t.co/hAoHbjdpEc",https://twitter.com/i/web/status/825199292382113794,twitter.com,adventure bangalore longweekend xoxoday,28/01/2017 04:30,https://twitter.com/#!/thexoxoday/status/825199292382113794,,,8.25199E+17,
thexoxoday,thexoxoday,Tweet,28/01/2017 05:00,Giftxoxo and Frogo have a new name: Xoxoday. We will keep providing you with India's best experiences! Visit -… https://t.co/MQg94xehVL,https://twitter.com/i/web/status/825206852564766720,twitter.com,,28/01/2017 05:00,https://twitter.com/#!/thexoxoday/status/825206852564766720,,,8.25207E+17,
thexoxoday,thexoxoday,Tweet,28/01/2017 05:30,"Adventure to your Heart's content with a Jet Ski Ride near Bangalore, India! Check out this option by Xoxoday! Book… https://t.co/1MEEjszguS",https://twitter.com/i/web/status/825214338885619712,twitter.com,,28/01/2017 05:30,https://twitter.com/#!/thexoxoday/status/825214338885619712,,,8.25214E+17,
thexoxoday,thexoxoday,Tweet,28/01/2017 06:00,"Looking for adventure options near Pune, India over the #Weekend?
Check this out at Xoxoday! https://t.co/uchQTcJIEF https://t.co/yB6WTTAwnH",https://goo.gl/C6hChY?utm_content=bufferc0188&utm_medium=social&utm_source=twitter.com&utm_campaign=buffer,goo.gl,weekend,28/01/2017 06:00,https://twitter.com/#!/thexoxoday/status/825221945536942080,,,8.25222E+17,
thexoxoday,thexoxoday,Tweet,28/01/2017 15:49,The Technology Journey of Xoxoday https://t.co/GrZNtpTh8o,https://enterpriseblog.xoxoday.com/technology-journey-xoxoday/2531,xoxoday.com,,28/01/2017 15:49,https://twitter.com/#!/thexoxoday/status/825370327966363649,,,8.2537E+17,
contestadventur,kolisettymahesh,Mentions,17/01/2017 10:47,Hi @KolisettyMahesh Check this offer to win Microlight Flight from @thexoxoday while you Ride @Uber_India . See how… https://t.co/XZBbjhy9NK,https://twitter.com/i/web/status/821307992314245122,twitter.com,,17/01/2017 10:47,https://twitter.com/#!/contestadventur/status/821307992314245122,,,8.21308E+17,
contestadventur,kamathpramod,Mentions,17/01/2017 10:48,Hi @kamathpramod Check this offer to win Microlight Flight from @thexoxoday while you Ride @Uber_India . See how… https://t.co/SLJ63AGhGC,https://twitter.com/i/web/status/821308320740843522,twitter.com,,17/01/2017 10:48,https://twitter.com/#!/contestadventur/status/821308320740843522,,,8.21308E+17,
contestadventur,tinuthecherian,Mentions,17/01/2017 10:50,Hi @TinuTheCherian Check this offer to win Microlight Flight from @thexoxoday while you Ride @Uber_India . See how… https://t.co/9oqQfjYHEi,https://twitter.com/i/web/status/821308660219420672,twitter.com,,17/01/2017 10:50,https://twitter.com/#!/contestadventur/status/821308660219420672,,,8.21309E+17,
contestadventur,imokusoso,Mentions,17/01/2017 10:52,Hi @imokusoso Check this offer to win Microlight Flight from @thexoxoday while you Ride @Uber_India . See how… https://t.co/6l9kayAszw,https://twitter.com/i/web/status/821309272222928897,twitter.com,,17/01/2017 10:52,https://twitter.com/#!/contestadventur/status/821309272222928897,,,8.21309E+17,
contestadventur,nageshyj2,Mentions,17/01/2017 10:55,Hi @NageshYJ2 Check this offer to win Microlight Flight from @thexoxoday while you Ride @Uber_India . See how… https://t.co/iHWz99PaEJ,https://twitter.com/i/web/status/821309854967070721,twitter.com,,17/01/2017 10:55,https://twitter.com/#!/contestadventur/status/821309854967070721,,,8.2131E+17,
contestadventur,anivar,Mentions,17/01/2017 10:56,Hi @anivar Check this offer to win Microlight Flight from @thexoxoday while you Ride @Uber_India . See how… https://t.co/ho0BIhLK1p,https://twitter.com/i/web/status/821310244626124800,twitter.com,,17/01/2017 10:56,https://twitter.com/#!/contestadventur/status/821310244626124800,,,8.2131E+17,
contestadventur,rahul_c_raju,Mentions,17/01/2017 10:57,Hi @Rahul_C_Raju Check this offer to win Microlight Flight from @thexoxoday while you Ride @Uber_India . See how… https://t.co/hVwOKDpOG4,https://twitter.com/i/web/status/821310583928565760,twitter.com,,17/01/2017 10:57,https://twitter.com/#!/contestadventur/status/821310583928565760,,,8.21311E+17,
contestadventur,nagichandan,Mentions,17/01/2017 10:59,Hi @nagichandan Check this offer to win Microlight Flight from @thexoxoday while you Ride @Uber_India . See how… https://t.co/JVCvHRyOFo,https://twitter.com/i/web/status/821310976951652353,twitter.com,,17/01/2017 10:59,https://twitter.com/#!/contestadventur/status/821310976951652353,,,8.21311E+17,
contestadventur,kunaldutt26,Mentions,17/01/2017 11:00,Hi @kunaldutt26 Check this offer to win Microlight Flight from @thexoxoday while you Ride @Uber_India . See how… https://t.co/6P4kCaJgX6,https://twitter.com/i/web/status/821311340232851457,twitter.com,,17/01/2017 11:00,https://twitter.com/#!/contestadventur/status/821311340232851457,,,8.21311E+17,
contestadventur,sikhakolli_koti,Mentions,17/01/2017 11:02,Hi @sikhakolli_koti Check this offer to win Microlight Flight from @thexoxoday while you Ride @Uber_India . See how… https://t.co/m8CWAFPLjD,https://twitter.com/i/web/status/821311842102353920,twitter.com,,17/01/2017 11:02,https://twitter.com/#!/contestadventur/status/821311842102353920,,,8.21312E+17,
contestadventur,namamishivam,Mentions,17/01/2017 11:04,Hi @NamamiShivam Check this offer to win Microlight Flight from @thexoxoday while you Ride @Uber_India . See how… https://t.co/KEmb0i62qD,https://twitter.com/i/web/status/821312199951925249,twitter.com,,17/01/2017 11:04,https://twitter.com/#!/contestadventur/status/821312199951925249,,,8.21312E+17,
contestadventur,krishna_twiing,Mentions,17/01/2017 11:05,Hi @krishna_twiing Check this offer to win Microlight Flight from @thexoxoday while you Ride @Uber_India . See how… https://t.co/6ie9tINimB,https://twitter.com/i/web/status/821312576151617536,twitter.com,,17/01/2017 11:05,https://twitter.com/#!/contestadventur/status/821312576151617536,,,8.21313E+17,
contestadventur,suryanarayandev,Mentions,17/01/2017 11:07,Hi @suryanarayandev Check this offer to win Microlight Flight from @thexoxoday while you Ride @Uber_India . See how… https://t.co/FBRnLNcSUf,https://twitter.com/i/web/status/821312977588469761,twitter.com,,17/01/2017 11:07,https://twitter.com/#!/contestadventur/status/821312977588469761,,,8.21313E+17,
contestadventur,mayarao,Mentions,17/01/2017 11:09,Hi @MayaRao Check this offer to win Microlight Flight from @thexoxoday while you Ride @Uber_India . See how… https://t.co/n3k6wQ6txX,https://twitter.com/i/web/status/821313416706953216,twitter.com,,17/01/2017 11:09,https://twitter.com/#!/contestadventur/status/821313416706953216,,,8.21313E+17,
contestadventur,sooryasahu,Mentions,17/01/2017 11:10,Hi @SooryaSahu Check this offer to win Microlight Flight from @thexoxoday while you Ride @Uber_India . See how… https://t.co/ivsmrfuS7m,https://twitter.com/i/web/status/821313858224537601,twitter.com,,17/01/2017 11:10,https://twitter.com/#!/contestadventur/status/821313858224537601,,,8.21314E+17,
contestadventur,rajivmenon1980,Mentions,17/01/2017 11:12,Hi @RajivMenon1980 Check this offer to win Microlight Flight from @thexoxoday while you Ride @Uber_India . See how… https://t.co/TJ3uLcOIWv,https://twitter.com/i/web/status/821314275356483585,twitter.com,,17/01/2017 11:12,https://twitter.com/#!/contestadventur/status/821314275356483585,,,8.21314E+17,
contestadventur,erishari,Mentions,17/01/2017 11:14,Hi @Erishari Check this offer to win Microlight Flight from @thexoxoday while you Ride @Uber_India . See how… https://t.co/6NuzK9Irut,https://twitter.com/i/web/status/821314658762039297,twitter.com,,17/01/2017 11:14,https://twitter.com/#!/contestadventur/status/821314658762039297,,,8.21315E+17,
contestadventur,haritichadda,Mentions,17/01/2017 11:16,Hi @haritichadda Check this offer to win Microlight Flight from @thexoxoday while you Ride @Uber_India . See how… https://t.co/tq79o9WpbZ,https://twitter.com/i/web/status/821315130818318336,twitter.com,,17/01/2017 11:16,https://twitter.com/#!/contestadventur/status/821315130818318336,,,8.21315E+17,
contestadventur,haritichadda,Mentions,17/01/2017 11:17,Hi @haritichadda Check this offer to win Microlight Flight from @thexoxoday while you Ride @Uber_India . See how… https://t.co/urL50pL5F9,https://twitter.com/i/web/status/821315443717570561,twitter.com,,17/01/2017 11:17,https://twitter.com/#!/contestadventur/status/821315443717570561,,,8.21315E+17,
contestadventur,anoopsharma101,Mentions,17/01/2017 11:18,Hi @AnoopSharma101 Check this offer to win Microlight Flight from @thexoxoday while you Ride @Uber_India . See how… https://t.co/saWX18OUkE,https://twitter.com/i/web/status/821315860925071360,twitter.com,,17/01/2017 11:18,https://twitter.com/#!/contestadventur/status/821315860925071360,,,8.21316E+17,
contestadventur,knitvishal,Mentions,17/01/2017 11:20,Hi @knitvishal Check this offer to win Microlight Flight from @thexoxoday while you Ride @Uber_India . See how… https://t.co/WCxVT6Q2hM,https://twitter.com/i/web/status/821316251368591360,twitter.com,,17/01/2017 11:20,https://twitter.com/#!/contestadventur/status/821316251368591360,,,8.21316E+17,
contestadventur,snehabanerg,Mentions,17/01/2017 11:21,Hi @snehabanerg Check this offer to win Microlight Flight from @thexoxoday while you Ride @Uber_India . See how… https://t.co/kXeMDGEHn3,https://twitter.com/i/web/status/821316631376764930,twitter.com,,17/01/2017 11:21,https://twitter.com/#!/contestadventur/status/821316631376764930,,,8.21317E+17,
contestadventur,raghuramdotcs,Mentions,17/01/2017 11:24,Hi @raghuramdotcs Check this offer to win Microlight Flight from @thexoxoday while you Ride @Uber_India . See how… https://t.co/OMX1IL7YjB,https://twitter.com/i/web/status/821317245464780800,twitter.com,,17/01/2017 11:24,https://twitter.com/#!/contestadventur/status/821317245464780800,,,8.21317E+17,
contestadventur,deshpandeji,Mentions,17/01/2017 11:25,Hi @deshpandeji Check this offer to win Microlight Flight from @thexoxoday while you Ride @Uber_India . See how… https://t.co/iXfoZSU8q0,https://twitter.com/i/web/status/821317587766124545,twitter.com,,17/01/2017 11:25,https://twitter.com/#!/contestadventur/status/821317587766124545,,,8.21318E+17,
contestadventur,iranjith4,Mentions,17/01/2017 11:26,Hi @iranjith4 Check this offer to win Microlight Flight from @thexoxoday while you Ride @Uber_India . See how… https://t.co/lEsYFMrv4j,https://twitter.com/i/web/status/821317863394852865,twitter.com,,17/01/2017 11:26,https://twitter.com/#!/contestadventur/status/821317863394852865,,,8.21318E+17,
contestadventur,stand4act,Mentions,17/01/2017 11:28,Hi @stand4act Check this offer to win Microlight Flight from @thexoxoday while you Ride @Uber_India . See how… https://t.co/zWjZsH5IQL,https://twitter.com/i/web/status/821318279457189888,twitter.com,,17/01/2017 11:28,https://twitter.com/#!/contestadventur/status/821318279457189888,,,8.21318E+17,
contestadventur,mkkini92,Mentions,17/01/2017 11:29,Hi @mkkini92 Check this offer to win Microlight Flight from @thexoxoday while you Ride @Uber_India . See how… https://t.co/1ZafqKbhyQ,https://twitter.com/i/web/status/821318577407963138,twitter.com,,17/01/2017 11:29,https://twitter.com/#!/contestadventur/status/821318577407963138,,,8.21319E+17,
contestadventur,fartfree,Mentions,17/01/2017 11:31,Hi @fartfree Check this offer to win Microlight Flight from @thexoxoday while you Ride @Uber_India . See how… https://t.co/8r3lLoseUt,https://twitter.com/i/web/status/821318912415395842,twitter.com,,17/01/2017 11:31,https://twitter.com/#!/contestadventur/status/821318912415395842,,,8.21319E+17,
contestadventur,udupa_tuttu,Mentions,17/01/2017 11:32,Hi @udupa_tuttu Check this offer to win Microlight Flight from @thexoxoday while you Ride @Uber_India . See how… https://t.co/q93CAGH5mS,https://twitter.com/i/web/status/821319398698815488,twitter.com,,17/01/2017 11:32,https://twitter.com/#!/contestadventur/status/821319398698815488,,,8.21319E+17,
contestadventur,abhimanyusen,Mentions,17/01/2017 11:34,Hi @abhimanyusen Check this offer to win Microlight Flight from @thexoxoday while you Ride @Uber_India . See how… https://t.co/YwwTAvzuaI,https://twitter.com/i/web/status/821319720531947520,twitter.com,,17/01/2017 11:34,https://twitter.com/#!/contestadventur/status/821319720531947520,,,8.2132E+17,
contestadventur,awenirban,Mentions,17/01/2017 11:35,Hi @awenirban Check this offer to win Microlight Flight from @thexoxoday while you Ride @Uber_India . See how… https://t.co/oEKmidcBMM,https://twitter.com/i/web/status/821320134564265984,twitter.com,,17/01/2017 11:35,https://twitter.com/#!/contestadventur/status/821320134564265984,,,8.2132E+17,
contestadventur,pseudonaren,Mentions,17/01/2017 11:37,Hi @pseudonaren Check this offer to win Microlight Flight from @thexoxoday while you Ride @Uber_India . See how… https://t.co/5hK3zXp9eB,https://twitter.com/i/web/status/821320467961167872,twitter.com,,17/01/2017 11:37,https://twitter.com/#!/contestadventur/status/821320467961167872,,,8.2132E+17,
contestadventur,blahnmoreblah,Mentions,17/01/2017 11:39,Hi @blahnmoreblah Check this offer to win Microlight Flight from @thexoxoday while you Ride @Uber_India . See how… https://t.co/goUlaBDCv3,https://twitter.com/i/web/status/821320968081588225,twitter.com,,17/01/2017 11:39,https://twitter.com/#!/contestadventur/status/821320968081588225,,,8.21321E+17,
contestadventur,karanjaidka,Mentions,17/01/2017 11:40,Hi @karanjaidka Check this offer to win Microlight Flight from @thexoxoday while you Ride @Uber_India . See how… https://t.co/TOcGWhiDzS,https://twitter.com/i/web/status/821321396160630785,twitter.com,,17/01/2017 11:40,https://twitter.com/#!/contestadventur/status/821321396160630785,,,8.21321E+17,
contestadventur,nagabhushan1,Mentions,17/01/2017 11:42,Hi @Nagabhushan1 Check this offer to win Microlight Flight from @thexoxoday while you Ride @Uber_India . See how… https://t.co/Vz1EimAxPi,https://twitter.com/i/web/status/821321748859629568,twitter.com,,17/01/2017 11:42,https://twitter.com/#!/contestadventur/status/821321748859629568,,,8.21322E+17,
contestadventur,prabalpegu,Mentions,17/01/2017 11:43,Hi @prabalpegu Check this offer to win Microlight Flight from @thexoxoday while you Ride @Uber_India . See how… https://t.co/3Om85T0SQ8,https://twitter.com/i/web/status/821322015806144512,twitter.com,,17/01/2017 11:43,https://twitter.com/#!/contestadventur/status/821322015806144512,,,8.21322E+17,
contestadventur,geeksrik,Mentions,17/01/2017 11:45,Hi @geeksrik Check this offer to win Microlight Flight from @thexoxoday while you Ride @Uber_India . See how… https://t.co/b5IJ63dcOR,https://twitter.com/i/web/status/821322479977140224,twitter.com,,17/01/2017 11:45,https://twitter.com/#!/contestadventur/status/821322479977140224,,,8.21322E+17,
contestadventur,rushmamgain,Mentions,17/01/2017 11:46,Hi @rushmamgain Check this offer to win Microlight Flight from @thexoxoday while you Ride @Uber_India . See how… https://t.co/vy8XlpJCXu,https://twitter.com/i/web/status/821322804716941314,twitter.com,,17/01/2017 11:46,https://twitter.com/#!/contestadventur/status/821322804716941314,,,8.21323E+17,
contestadventur,kunalgolani,Mentions,17/01/2017 11:47,Hi @kunalgolani Check this offer to win Microlight Flight from @thexoxoday while you Ride @Uber_India . See how… https://t.co/qAKYlSVCEZ,https://twitter.com/i/web/status/821323086490320896,twitter.com,,17/01/2017 11:47,https://twitter.com/#!/contestadventur/status/821323086490320896,,,8.21323E+17,
contestadventur,notkingfahad,Mentions,17/01/2017 11:48,Hi @notKingFahad Check this offer to win Microlight Flight from @thexoxoday while you Ride @Uber_India . See how… https://t.co/R9G1L0DPpf,https://twitter.com/i/web/status/821323410605150213,twitter.com,,17/01/2017 11:48,https://twitter.com/#!/contestadventur/status/821323410605150213,,,8.21323E+17,
contestadventur,_ayushi_jain,Mentions,17/01/2017 11:50,Hi @_ayushi_jain Check this offer to win Microlight Flight from @thexoxoday while you Ride @Uber_India . See how… https://t.co/tdijIWdLlo,https://twitter.com/i/web/status/821323775371190272,twitter.com,,17/01/2017 11:50,https://twitter.com/#!/contestadventur/status/821323775371190272,,,8.21324E+17,
contestadventur,uber_india,Mentions,17/01/2017 10:47,Hi @KolisettyMahesh Check this offer to win Microlight Flight from @thexoxoday while you Ride @Uber_India . See how… https://t.co/XZBbjhy9NK,https://twitter.com/i/web/status/821307992314245122,twitter.com,,17/01/2017 10:47,https://twitter.com/#!/contestadventur/status/821307992314245122,,,8.21308E+17,
contestadventur,thexoxoday,Mentions,17/01/2017 10:47,Hi @KolisettyMahesh Check this offer to win Microlight Flight from @thexoxoday while you Ride @Uber_India . See how… https://t.co/XZBbjhy9NK,https://twitter.com/i/web/status/821307992314245122,twitter.com,,17/01/2017 10:47,https://twitter.com/#!/contestadventur/status/821307992314245122,,,8.21308E+17,
contestadventur,uber_india,Mentions,17/01/2017 10:48,Hi @kamathpramod Check this offer to win Microlight Flight from @thexoxoday while you Ride @Uber_India . See how… https://t.co/SLJ63AGhGC,https://twitter.com/i/web/status/821308320740843522,twitter.com,,17/01/2017 10:48,https://twitter.com/#!/contestadventur/status/821308320740843522,,,8.21308E+17,
contestadventur,thexoxoday,Mentions,17/01/2017 10:48,Hi @kamathpramod Check this offer to win Microlight Flight from @thexoxoday while you Ride @Uber_India . See how… https://t.co/SLJ63AGhGC,https://twitter.com/i/web/status/821308320740843522,twitter.com,,17/01/2017 10:48,https://twitter.com/#!/contestadventur/status/821308320740843522,,,8.21308E+17,
contestadventur,uber_india,Mentions,17/01/2017 10:50,Hi @TinuTheCherian Check this offer to win Microlight Flight from @thexoxoday while you Ride @Uber_India . See how… https://t.co/9oqQfjYHEi,https://twitter.com/i/web/status/821308660219420672,twitter.com,,17/01/2017 10:50,https://twitter.com/#!/contestadventur/status/821308660219420672,,,8.21309E+17,
contestadventur,thexoxoday,Mentions,17/01/2017 10:50,Hi @TinuTheCherian Check this offer to win Microlight Flight from @thexoxoday while you Ride @Uber_India . See how… https://t.co/9oqQfjYHEi,https://twitter.com/i/web/status/821308660219420672,twitter.com,,17/01/2017 10:50,https://twitter.com/#!/contestadventur/status/821308660219420672,,,8.21309E+17,
contestadventur,uber_india,Mentions,17/01/2017 10:52,Hi @imokusoso Check this offer to win Microlight Flight from @thexoxoday while you Ride @Uber_India . See how… https://t.co/6l9kayAszw,https://twitter.com/i/web/status/821309272222928897,twitter.com,,17/01/2017 10:52,https://twitter.com/#!/contestadventur/status/821309272222928897,,,8.21309E+17,
contestadventur,thexoxoday,Mentions,17/01/2017 10:52,Hi @imokusoso Check this offer to win Microlight Flight from @thexoxoday while you Ride @Uber_India . See how… https://t.co/6l9kayAszw,https://twitter.com/i/web/status/821309272222928897,twitter.com,,17/01/2017 10:52,https://twitter.com/#!/contestadventur/status/821309272222928897,,,8.21309E+17,
contestadventur,uber_india,Mentions,17/01/2017 10:55,Hi @NageshYJ2 Check this offer to win Microlight Flight from @thexoxoday while you Ride @Uber_India . See how… https://t.co/iHWz99PaEJ,https://twitter.com/i/web/status/821309854967070721,twitter.com,,17/01/2017 10:55,https://twitter.com/#!/contestadventur/status/821309854967070721,,,8.2131E+17,
contestadventur,thexoxoday,Mentions,17/01/2017 10:55,Hi @NageshYJ2 Check this offer to win Microlight Flight from @thexoxoday while you Ride @Uber_India . See how… https://t.co/iHWz99PaEJ,https://twitter.com/i/web/status/821309854967070721,twitter.com,,17/01/2017 10:55,https://twitter.com/#!/contestadventur/status/821309854967070721,,,8.2131E+17,
contestadventur,uber_india,Mentions,17/01/2017 10:56,Hi @anivar Check this offer to win Microlight Flight from @thexoxoday while you Ride @Uber_India . See how… https://t.co/ho0BIhLK1p,https://twitter.com/i/web/status/821310244626124800,twitter.com,,17/01/2017 10:56,https://twitter.com/#!/contestadventur/status/821310244626124800,,,8.2131E+17,
contestadventur,thexoxoday,Mentions,17/01/2017 10:56,Hi @anivar Check this offer to win Microlight Flight from @thexoxoday while you Ride @Uber_India . See how… https://t.co/ho0BIhLK1p,https://twitter.com/i/web/status/821310244626124800,twitter.com,,17/01/2017 10:56,https://twitter.com/#!/contestadventur/status/821310244626124800,,,8.2131E+17,
contestadventur,uber_india,Mentions,17/01/2017 10:57,Hi @Rahul_C_Raju Check this offer to win Microlight Flight from @thexoxoday while you Ride @Uber_India . See how… https://t.co/hVwOKDpOG4,https://twitter.com/i/web/status/821310583928565760,twitter.com,,17/01/2017 10:57,https://twitter.com/#!/contestadventur/status/821310583928565760,,,8.21311E+17,
contestadventur,thexoxoday,Mentions,17/01/2017 10:57,Hi @Rahul_C_Raju Check this offer to win Microlight Flight from @thexoxoday while you Ride @Uber_India . See how… https://t.co/hVwOKDpOG4,https://twitter.com/i/web/status/821310583928565760,twitter.com,,17/01/2017 10:57,https://twitter.com/#!/contestadventur/status/821310583928565760,,,8.21311E+17,
contestadventur,uber_india,Mentions,17/01/2017 10:59,Hi @nagichandan Check this offer to win Microlight Flight from @thexoxoday while you Ride @Uber_India . See how… https://t.co/JVCvHRyOFo,https://twitter.com/i/web/status/821310976951652353,twitter.com,,17/01/2017 10:59,https://twitter.com/#!/contestadventur/status/821310976951652353,,,8.21311E+17,
contestadventur,thexoxoday,Mentions,17/01/2017 10:59,Hi @nagichandan Check this offer to win Microlight Flight from @thexoxoday while you Ride @Uber_India . See how… https://t.co/JVCvHRyOFo,https://twitter.com/i/web/status/821310976951652353,twitter.com,,17/01/2017 10:59,https://twitter.com/#!/contestadventur/status/821310976951652353,,,8.21311E+17,
contestadventur,uber_india,Mentions,17/01/2017 11:00,Hi @kunaldutt26 Check this offer to win Microlight Flight from @thexoxoday while you Ride @Uber_India . See how… https://t.co/6P4kCaJgX6,https://twitter.com/i/web/status/821311340232851457,twitter.com,,17/01/2017 11:00,https://twitter.com/#!/contestadventur/status/821311340232851457,,,8.21311E+17,
contestadventur,thexoxoday,Mentions,17/01/2017 11:00,Hi @kunaldutt26 Check this offer to win Microlight Flight from @thexoxoday while you Ride @Uber_India . See how… https://t.co/6P4kCaJgX6,https://twitter.com/i/web/status/821311340232851457,twitter.com,,17/01/2017 11:00,https://twitter.com/#!/contestadventur/status/821311340232851457,,,8.21311E+17,
contestadventur,uber_india,Mentions,17/01/2017 11:02,Hi @sikhakolli_koti Check this offer to win Microlight Flight from @thexoxoday while you Ride @Uber_India . See how… https://t.co/m8CWAFPLjD,https://twitter.com/i/web/status/821311842102353920,twitter.com,,17/01/2017 11:02,https://twitter.com/#!/contestadventur/status/821311842102353920,,,8.21312E+17,
contestadventur,thexoxoday,Mentions,17/01/2017 11:02,Hi @sikhakolli_koti Check this offer to win Microlight Flight from @thexoxoday while you Ride @Uber_India . See how… https://t.co/m8CWAFPLjD,https://twitter.com/i/web/status/821311842102353920,twitter.com,,17/01/2017 11:02,https://twitter.com/#!/contestadventur/status/821311842102353920,,,8.21312E+17,
contestadventur,uber_india,Mentions,17/01/2017 11:04,Hi @NamamiShivam Check this offer to win Microlight Flight from @thexoxoday while you Ride @Uber_India . See how… https://t.co/KEmb0i62qD,https://twitter.com/i/web/status/821312199951925249,twitter.com,,17/01/2017 11:04,https://twitter.com/#!/contestadventur/status/821312199951925249,,,8.21312E+17,
contestadventur,thexoxoday,Mentions,17/01/2017 11:04,Hi @NamamiShivam Check this offer to win Microlight Flight from @thexoxoday while you Ride @Uber_India . See how… https://t.co/KEmb0i62qD,https://twitter.com/i/web/status/821312199951925249,twitter.com,,17/01/2017 11:04,https://twitter.com/#!/contestadventur/status/821312199951925249,,,8.21312E+17,
contestadventur,uber_india,Mentions,17/01/2017 11:05,Hi @krishna_twiing Check this offer to win Microlight Flight from @thexoxoday while you Ride @Uber_India . See how… https://t.co/6ie9tINimB,https://twitter.com/i/web/status/821312576151617536,twitter.com,,17/01/2017 11:05,https://twitter.com/#!/contestadventur/status/821312576151617536,,,8.21313E+17,
contestadventur,thexoxoday,Mentions,17/01/2017 11:05,Hi @krishna_twiing Check this offer to win Microlight Flight from @thexoxoday while you Ride @Uber_India . See how… https://t.co/6ie9tINimB,https://twitter.com/i/web/status/821312576151617536,twitter.com,,17/01/2017 11:05,https://twitter.com/#!/contestadventur/status/821312576151617536,,,8.21313E+17,
contestadventur,uber_india,Mentions,17/01/2017 11:07,Hi @suryanarayandev Check this offer to win Microlight Flight from @thexoxoday while you Ride @Uber_India . See how… https://t.co/FBRnLNcSUf,https://twitter.com/i/web/status/821312977588469761,twitter.com,,17/01/2017 11:07,https://twitter.com/#!/contestadventur/status/821312977588469761,,,8.21313E+17,
contestadventur,thexoxoday,Mentions,17/01/2017 11:07,Hi @suryanarayandev Check this offer to win Microlight Flight from @thexoxoday while you Ride @Uber_India . See how… https://t.co/FBRnLNcSUf,https://twitter.com/i/web/status/821312977588469761,twitter.com,,17/01/2017 11:07,https://twitter.com/#!/contestadventur/status/821312977588469761,,,8.21313E+17,
contestadventur,uber_india,Mentions,17/01/2017 11:09,Hi @MayaRao Check this offer to win Microlight Flight from @thexoxoday while you Ride @Uber_India . See how… https://t.co/n3k6wQ6txX,https://twitter.com/i/web/status/821313416706953216,twitter.com,,17/01/2017 11:09,https://twitter.com/#!/contestadventur/status/821313416706953216,,,8.21313E+17,
contestadventur,thexoxoday,Mentions,17/01/2017 11:09,Hi @MayaRao Check this offer to win Microlight Flight from @thexoxoday while you Ride @Uber_India . See how… https://t.co/n3k6wQ6txX,https://twitter.com/i/web/status/821313416706953216,twitter.com,,17/01/2017 11:09,https://twitter.com/#!/contestadventur/status/821313416706953216,,,8.21313E+17,
contestadventur,uber_india,Mentions,17/01/2017 11:10,Hi @SooryaSahu Check this offer to win Microlight Flight from @thexoxoday while you Ride @Uber_India . See how… https://t.co/ivsmrfuS7m,https://twitter.com/i/web/status/821313858224537601,twitter.com,,17/01/2017 11:10,https://twitter.com/#!/contestadventur/status/821313858224537601,,,8.21314E+17,
contestadventur,thexoxoday,Mentions,17/01/2017 11:10,Hi @SooryaSahu Check this offer to win Microlight Flight from @thexoxoday while you Ride @Uber_India . See how… https://t.co/ivsmrfuS7m,https://twitter.com/i/web/status/821313858224537601,twitter.com,,17/01/2017 11:10,https://twitter.com/#!/contestadventur/status/821313858224537601,,,8.21314E+17,
contestadventur,uber_india,Mentions,17/01/2017 11:12,Hi @RajivMenon1980 Check this offer to win Microlight Flight from @thexoxoday while you Ride @Uber_India . See how… https://t.co/TJ3uLcOIWv,https://twitter.com/i/web/status/821314275356483585,twitter.com,,17/01/2017 11:12,https://twitter.com/#!/contestadventur/status/821314275356483585,,,8.21314E+17,
contestadventur,thexoxoday,Mentions,17/01/2017 11:12,Hi @RajivMenon1980 Check this offer to win Microlight Flight from @thexoxoday while you Ride @Uber_India . See how… https://t.co/TJ3uLcOIWv,https://twitter.com/i/web/status/821314275356483585,twitter.com,,17/01/2017 11:12,https://twitter.com/#!/contestadventur/status/821314275356483585,,,8.21314E+17,
contestadventur,uber_india,Mentions,17/01/2017 11:14,Hi @Erishari Check this offer to win Microlight Flight from @thexoxoday while you Ride @Uber_India . See how… https://t.co/6NuzK9Irut,https://twitter.com/i/web/status/821314658762039297,twitter.com,,17/01/2017 11:14,https://twitter.com/#!/contestadventur/status/821314658762039297,,,8.21315E+17,
contestadventur,thexoxoday,Mentions,17/01/2017 11:14,Hi @Erishari Check this offer to win Microlight Flight from @thexoxoday while you Ride @Uber_India . See how… https://t.co/6NuzK9Irut,https://twitter.com/i/web/status/821314658762039297,twitter.com,,17/01/2017 11:14,https://twitter.com/#!/contestadventur/status/821314658762039297,,,8.21315E+17,
contestadventur,uber_india,Mentions,17/01/2017 11:16,Hi @haritichadda Check this offer to win Microlight Flight from @thexoxoday while you Ride @Uber_India . See how… https://t.co/tq79o9WpbZ,https://twitter.com/i/web/status/821315130818318336,twitter.com,,17/01/2017 11:16,https://twitter.com/#!/contestadventur/status/821315130818318336,,,8.21315E+17,
contestadventur,thexoxoday,Mentions,17/01/2017 11:16,Hi @haritichadda Check this offer to win Microlight Flight from @thexoxoday while you Ride @Uber_India . See how… https://t.co/tq79o9WpbZ,https://twitter.com/i/web/status/821315130818318336,twitter.com,,17/01/2017 11:16,https://twitter.com/#!/contestadventur/status/821315130818318336,,,8.21315E+17,
contestadventur,uber_india,Mentions,17/01/2017 11:17,Hi @haritichadda Check this offer to win Microlight Flight from @thexoxoday while you Ride @Uber_India . See how… https://t.co/urL50pL5F9,https://twitter.com/i/web/status/821315443717570561,twitter.com,,17/01/2017 11:17,https://twitter.com/#!/contestadventur/status/821315443717570561,,,8.21315E+17,
contestadventur,thexoxoday,Mentions,17/01/2017 11:17,Hi @haritichadda Check this offer to win Microlight Flight from @thexoxoday while you Ride @Uber_India . See how… https://t.co/urL50pL5F9,https://twitter.com/i/web/status/821315443717570561,twitter.com,,17/01/2017 11:17,https://twitter.com/#!/contestadventur/status/821315443717570561,,,8.21315E+17,
contestadventur,uber_india,Mentions,17/01/2017 11:18,Hi @AnoopSharma101 Check this offer to win Microlight Flight from @thexoxoday while you Ride @Uber_India . See how… https://t.co/saWX18OUkE,https://twitter.com/i/web/status/821315860925071360,twitter.com,,17/01/2017 11:18,https://twitter.com/#!/contestadventur/status/821315860925071360,,,8.21316E+17,
contestadventur,thexoxoday,Mentions,17/01/2017 11:18,Hi @AnoopSharma101 Check this offer to win Microlight Flight from @thexoxoday while you Ride @Uber_India . See how… https://t.co/saWX18OUkE,https://twitter.com/i/web/status/821315860925071360,twitter.com,,17/01/2017 11:18,https://twitter.com/#!/contestadventur/status/821315860925071360,,,8.21316E+17,
contestadventur,uber_india,Mentions,17/01/2017 11:20,Hi @knitvishal Check this offer to win Microlight Flight from @thexoxoday while you Ride @Uber_India . See how… https://t.co/WCxVT6Q2hM,https://twitter.com/i/web/status/821316251368591360,twitter.com,,17/01/2017 11:20,https://twitter.com/#!/contestadventur/status/821316251368591360,,,8.21316E+17,
contestadventur,thexoxoday,Mentions,17/01/2017 11:20,Hi @knitvishal Check this offer to win Microlight Flight from @thexoxoday while you Ride @Uber_India . See how… https://t.co/WCxVT6Q2hM,https://twitter.com/i/web/status/821316251368591360,twitter.com,,17/01/2017 11:20,https://twitter.com/#!/contestadventur/status/821316251368591360,,,8.21316E+17,
contestadventur,uber_india,Mentions,17/01/2017 11:21,Hi @snehabanerg Check this offer to win Microlight Flight from @thexoxoday while you Ride @Uber_India . See how… https://t.co/kXeMDGEHn3,https://twitter.com/i/web/status/821316631376764930,twitter.com,,17/01/2017 11:21,https://twitter.com/#!/contestadventur/status/821316631376764930,,,8.21317E+17,
contestadventur,thexoxoday,Mentions,17/01/2017 11:21,Hi @snehabanerg Check this offer to win Microlight Flight from @thexoxoday while you Ride @Uber_India . See how… https://t.co/kXeMDGEHn3,https://twitter.com/i/web/status/821316631376764930,twitter.com,,17/01/2017 11:21,https://twitter.com/#!/contestadventur/status/821316631376764930,,,8.21317E+17,
contestadventur,uber_india,Mentions,17/01/2017 11:24,Hi @raghuramdotcs Check this offer to win Microlight Flight from @thexoxoday while you Ride @Uber_India . See how… https://t.co/OMX1IL7YjB,https://twitter.com/i/web/status/821317245464780800,twitter.com,,17/01/2017 11:24,https://twitter.com/#!/contestadventur/status/821317245464780800,,,8.21317E+17,
contestadventur,thexoxoday,Mentions,17/01/2017 11:24,Hi @raghuramdotcs Check this offer to win Microlight Flight from @thexoxoday while you Ride @Uber_India . See how… https://t.co/OMX1IL7YjB,https://twitter.com/i/web/status/821317245464780800,twitter.com,,17/01/2017 11:24,https://twitter.com/#!/contestadventur/status/821317245464780800,,,8.21317E+17,
contestadventur,uber_india,Mentions,17/01/2017 11:25,Hi @deshpandeji Check this offer to win Microlight Flight from @thexoxoday while you Ride @Uber_India . See how… https://t.co/iXfoZSU8q0,https://twitter.com/i/web/status/821317587766124545,twitter.com,,17/01/2017 11:25,https://twitter.com/#!/contestadventur/status/821317587766124545,,,8.21318E+17,
contestadventur,thexoxoday,Mentions,17/01/2017 11:25,Hi @deshpandeji Check this offer to win Microlight Flight from @thexoxoday while you Ride @Uber_India . See how… https://t.co/iXfoZSU8q0,https://twitter.com/i/web/status/821317587766124545,twitter.com,,17/01/2017 11:25,https://twitter.com/#!/contestadventur/status/821317587766124545,,,8.21318E+17,
contestadventur,uber_india,Mentions,17/01/2017 11:26,Hi @iranjith4 Check this offer to win Microlight Flight from @thexoxoday while you Ride @Uber_India . See how… https://t.co/lEsYFMrv4j,https://twitter.com/i/web/status/821317863394852865,twitter.com,,17/01/2017 11:26,https://twitter.com/#!/contestadventur/status/821317863394852865,,,8.21318E+17,
contestadventur,thexoxoday,Mentions,17/01/2017 11:26,Hi @iranjith4 Check this offer to win Microlight Flight from @thexoxoday while you Ride @Uber_India . See how… https://t.co/lEsYFMrv4j,https://twitter.com/i/web/status/821317863394852865,twitter.com,,17/01/2017 11:26,https://twitter.com/#!/contestadventur/status/821317863394852865,,,8.21318E+17,
contestadventur,uber_india,Mentions,17/01/2017 11:28,Hi @stand4act Check this offer to win Microlight Flight from @thexoxoday while you Ride @Uber_India . See how… https://t.co/zWjZsH5IQL,https://twitter.com/i/web/status/821318279457189888,twitter.com,,17/01/2017 11:28,https://twitter.com/#!/contestadventur/status/821318279457189888,,,8.21318E+17,
contestadventur,thexoxoday,Mentions,17/01/2017 11:28,Hi @stand4act Check this offer to win Microlight Flight from @thexoxoday while you Ride @Uber_India . See how… https://t.co/zWjZsH5IQL,https://twitter.com/i/web/status/821318279457189888,twitter.com,,17/01/2017 11:28,https://twitter.com/#!/contestadventur/status/821318279457189888,,,8.21318E+17,
contestadventur,uber_india,Mentions,17/01/2017 11:29,Hi @mkkini92 Check this offer to win Microlight Flight from @thexoxoday while you Ride @Uber_India . See how… https://t.co/1ZafqKbhyQ,https://twitter.com/i/web/status/821318577407963138,twitter.com,,17/01/2017 11:29,https://twitter.com/#!/contestadventur/status/821318577407963138,,,8.21319E+17,
contestadventur,thexoxoday,Mentions,17/01/2017 11:29,Hi @mkkini92 Check this offer to win Microlight Flight from @thexoxoday while you Ride @Uber_India . See how… https://t.co/1ZafqKbhyQ,https://twitter.com/i/web/status/821318577407963138,twitter.com,,17/01/2017 11:29,https://twitter.com/#!/contestadventur/status/821318577407963138,,,8.21319E+17,
contestadventur,uber_india,Mentions,17/01/2017 11:31,Hi @fartfree Check this offer to win Microlight Flight from @thexoxoday while you Ride @Uber_India . See how… https://t.co/8r3lLoseUt,https://twitter.com/i/web/status/821318912415395842,twitter.com,,17/01/2017 11:31,https://twitter.com/#!/contestadventur/status/821318912415395842,,,8.21319E+17,
contestadventur,thexoxoday,Mentions,17/01/2017 11:31,Hi @fartfree Check this offer to win Microlight Flight from @thexoxoday while you Ride @Uber_India . See how… https://t.co/8r3lLoseUt,https://twitter.com/i/web/status/821318912415395842,twitter.com,,17/01/2017 11:31,https://twitter.com/#!/contestadventur/status/821318912415395842,,,8.21319E+17,
contestadventur,uber_india,Mentions,17/01/2017 11:32,Hi @udupa_tuttu Check this offer to win Microlight Flight from @thexoxoday while you Ride @Uber_India . See how… https://t.co/q93CAGH5mS,https://twitter.com/i/web/status/821319398698815488,twitter.com,,17/01/2017 11:32,https://twitter.com/#!/contestadventur/status/821319398698815488,,,8.21319E+17,
contestadventur,thexoxoday,Mentions,17/01/2017 11:32,Hi @udupa_tuttu Check this offer to win Microlight Flight from @thexoxoday while you Ride @Uber_India . See how… https://t.co/q93CAGH5mS,https://twitter.com/i/web/status/821319398698815488,twitter.com,,17/01/2017 11:32,https://twitter.com/#!/contestadventur/status/821319398698815488,,,8.21319E+17,
contestadventur,uber_india,Mentions,17/01/2017 11:34,Hi @abhimanyusen Check this offer to win Microlight Flight from @thexoxoday while you Ride @Uber_India . See how… https://t.co/YwwTAvzuaI,https://twitter.com/i/web/status/821319720531947520,twitter.com,,17/01/2017 11:34,https://twitter.com/#!/contestadventur/status/821319720531947520,,,8.2132E+17,
contestadventur,thexoxoday,Mentions,17/01/2017 11:34,Hi @abhimanyusen Check this offer to win Microlight Flight from @thexoxoday while you Ride @Uber_India . See how… https://t.co/YwwTAvzuaI,https://twitter.com/i/web/status/821319720531947520,twitter.com,,17/01/2017 11:34,https://twitter.com/#!/contestadventur/status/821319720531947520,,,8.2132E+17,
contestadventur,uber_india,Mentions,17/01/2017 11:35,Hi @awenirban Check this offer to win Microlight Flight from @thexoxoday while you Ride @Uber_India . See how… https://t.co/oEKmidcBMM,https://twitter.com/i/web/status/821320134564265984,twitter.com,,17/01/2017 11:35,https://twitter.com/#!/contestadventur/status/821320134564265984,,,8.2132E+17,
contestadventur,thexoxoday,Mentions,17/01/2017 11:35,Hi @awenirban Check this offer to win Microlight Flight from @thexoxoday while you Ride @Uber_India . See how… https://t.co/oEKmidcBMM,https://twitter.com/i/web/status/821320134564265984,twitter.com,,17/01/2017 11:35,https://twitter.com/#!/contestadventur/status/821320134564265984,,,8.2132E+17,
contestadventur,uber_india,Mentions,17/01/2017 11:37,Hi @pseudonaren Check this offer to win Microlight Flight from @thexoxoday while you Ride @Uber_India . See how… https://t.co/5hK3zXp9eB,https://twitter.com/i/web/status/821320467961167872,twitter.com,,17/01/2017 11:37,https://twitter.com/#!/contestadventur/status/821320467961167872,,,8.2132E+17,
contestadventur,thexoxoday,Mentions,17/01/2017 11:37,Hi @pseudonaren Check this offer to win Microlight Flight from @thexoxoday while you Ride @Uber_India . See how… https://t.co/5hK3zXp9eB,https://twitter.com/i/web/status/821320467961167872,twitter.com,,17/01/2017 11:37,https://twitter.com/#!/contestadventur/status/821320467961167872,,,8.2132E+17,
contestadventur,uber_india,Mentions,17/01/2017 11:39,Hi @blahnmoreblah Check this offer to win Microlight Flight from @thexoxoday while you Ride @Uber_India . See how… https://t.co/goUlaBDCv3,https://twitter.com/i/web/status/821320968081588225,twitter.com,,17/01/2017 11:39,https://twitter.com/#!/contestadventur/status/821320968081588225,,,8.21321E+17,
contestadventur,thexoxoday,Mentions,17/01/2017 11:39,Hi @blahnmoreblah Check this offer to win Microlight Flight from @thexoxoday while you Ride @Uber_India . See how… https://t.co/goUlaBDCv3,https://twitter.com/i/web/status/821320968081588225,twitter.com,,17/01/2017 11:39,https://twitter.com/#!/contestadventur/status/821320968081588225,,,8.21321E+17,
contestadventur,uber_india,Mentions,17/01/2017 11:40,Hi @karanjaidka Check this offer to win Microlight Flight from @thexoxoday while you Ride @Uber_India . See how… https://t.co/TOcGWhiDzS,https://twitter.com/i/web/status/821321396160630785,twitter.com,,17/01/2017 11:40,https://twitter.com/#!/contestadventur/status/821321396160630785,,,8.21321E+17,
contestadventur,thexoxoday,Mentions,17/01/2017 11:40,Hi @karanjaidka Check this offer to win Microlight Flight from @thexoxoday while you Ride @Uber_India . See how… https://t.co/TOcGWhiDzS,https://twitter.com/i/web/status/821321396160630785,twitter.com,,17/01/2017 11:40,https://twitter.com/#!/contestadventur/status/821321396160630785,,,8.21321E+17,
contestadventur,uber_india,Mentions,17/01/2017 11:42,Hi @Nagabhushan1 Check this offer to win Microlight Flight from @thexoxoday while you Ride @Uber_India . See how… https://t.co/Vz1EimAxPi,https://twitter.com/i/web/status/821321748859629568,twitter.com,,17/01/2017 11:42,https://twitter.com/#!/contestadventur/status/821321748859629568,,,8.21322E+17,
contestadventur,thexoxoday,Mentions,17/01/2017 11:42,Hi @Nagabhushan1 Check this offer to win Microlight Flight from @thexoxoday while you Ride @Uber_India . See how… https://t.co/Vz1EimAxPi,https://twitter.com/i/web/status/821321748859629568,twitter.com,,17/01/2017 11:42,https://twitter.com/#!/contestadventur/status/821321748859629568,,,8.21322E+17,
contestadventur,uber_india,Mentions,17/01/2017 11:43,Hi @prabalpegu Check this offer to win Microlight Flight from @thexoxoday while you Ride @Uber_India . See how… https://t.co/3Om85T0SQ8,https://twitter.com/i/web/status/821322015806144512,twitter.com,,17/01/2017 11:43,https://twitter.com/#!/contestadventur/status/821322015806144512,,,8.21322E+17,
contestadventur,thexoxoday,Mentions,17/01/2017 11:43,Hi @prabalpegu Check this offer to win Microlight Flight from @thexoxoday while you Ride @Uber_India . See how… https://t.co/3Om85T0SQ8,https://twitter.com/i/web/status/821322015806144512,twitter.com,,17/01/2017 11:43,https://twitter.com/#!/contestadventur/status/821322015806144512,,,8.21322E+17,
contestadventur,uber_india,Mentions,17/01/2017 11:45,Hi @geeksrik Check this offer to win Microlight Flight from @thexoxoday while you Ride @Uber_India . See how… https://t.co/b5IJ63dcOR,https://twitter.com/i/web/status/821322479977140224,twitter.com,,17/01/2017 11:45,https://twitter.com/#!/contestadventur/status/821322479977140224,,,8.21322E+17,
contestadventur,thexoxoday,Mentions,17/01/2017 11:45,Hi @geeksrik Check this offer to win Microlight Flight from @thexoxoday while you Ride @Uber_India . See how… https://t.co/b5IJ63dcOR,https://twitter.com/i/web/status/821322479977140224,twitter.com,,17/01/2017 11:45,https://twitter.com/#!/contestadventur/status/821322479977140224,,,8.21322E+17,
contestadventur,uber_india,Mentions,17/01/2017 11:46,Hi @rushmamgain Check this offer to win Microlight Flight from @thexoxoday while you Ride @Uber_India . See how… https://t.co/vy8XlpJCXu,https://twitter.com/i/web/status/821322804716941314,twitter.com,,17/01/2017 11:46,https://twitter.com/#!/contestadventur/status/821322804716941314,,,8.21323E+17,
contestadventur,thexoxoday,Mentions,17/01/2017 11:46,Hi @rushmamgain Check this offer to win Microlight Flight from @thexoxoday while you Ride @Uber_India . See how… https://t.co/vy8XlpJCXu,https://twitter.com/i/web/status/821322804716941314,twitter.com,,17/01/2017 11:46,https://twitter.com/#!/contestadventur/status/821322804716941314,,,8.21323E+17,
contestadventur,uber_india,Mentions,17/01/2017 11:47,Hi @kunalgolani Check this offer to win Microlight Flight from @thexoxoday while you Ride @Uber_India . See how… https://t.co/qAKYlSVCEZ,https://twitter.com/i/web/status/821323086490320896,twitter.com,,17/01/2017 11:47,https://twitter.com/#!/contestadventur/status/821323086490320896,,,8.21323E+17,
contestadventur,thexoxoday,Mentions,17/01/2017 11:47,Hi @kunalgolani Check this offer to win Microlight Flight from @thexoxoday while you Ride @Uber_India . See how… https://t.co/qAKYlSVCEZ,https://twitter.com/i/web/status/821323086490320896,twitter.com,,17/01/2017 11:47,https://twitter.com/#!/contestadventur/status/821323086490320896,,,8.21323E+17,
contestadventur,uber_india,Mentions,17/01/2017 11:48,Hi @notKingFahad Check this offer to win Microlight Flight from @thexoxoday while you Ride @Uber_India . See how… https://t.co/R9G1L0DPpf,https://twitter.com/i/web/status/821323410605150213,twitter.com,,17/01/2017 11:48,https://twitter.com/#!/contestadventur/status/821323410605150213,,,8.21323E+17,
contestadventur,thexoxoday,Mentions,17/01/2017 11:48,Hi @notKingFahad Check this offer to win Microlight Flight from @thexoxoday while you Ride @Uber_India . See how… https://t.co/R9G1L0DPpf,https://twitter.com/i/web/status/821323410605150213,twitter.com,,17/01/2017 11:48,https://twitter.com/#!/contestadventur/status/821323410605150213,,,8.21323E+17,
contestadventur,uber_india,Mentions,17/01/2017 11:50,Hi @_ayushi_jain Check this offer to win Microlight Flight from @thexoxoday while you Ride @Uber_India . See how… https://t.co/tdijIWdLlo,https://twitter.com/i/web/status/821323775371190272,twitter.com,,17/01/2017 11:50,https://twitter.com/#!/contestadventur/status/821323775371190272,,,8.21324E+17,
contestadventur,thexoxoday,Mentions,17/01/2017 11:50,Hi @_ayushi_jain Check this offer to win Microlight Flight from @thexoxoday while you Ride @Uber_India . See how… https://t.co/tdijIWdLlo,https://twitter.com/i/web/status/821323775371190272,twitter.com,,17/01/2017 11:50,https://twitter.com/#!/contestadventur/status/821323775371190272,,,8.21324E+17,
appfillip,invoicebyalto,Mentions,18/01/2017 04:47,"Hello @ZombieOfficeTw, @ATE_AppTesting, @thexoxoday, &amp; @InvoiceByAlto thanks for follow learn app ratings ideas : https://t.co/hauzcrNpU9",http://www.appfillip.com/latest-niche-ideas-to-increase-positive-app-store-rating-reviews/,appfillip.com,,18/01/2017 04:47,https://twitter.com/#!/appfillip/status/821579673524015104,,,8.2158E+17,
appfillip,ate_apptesting,Mentions,18/01/2017 04:47,"Hello @ZombieOfficeTw, @ATE_AppTesting, @thexoxoday, &amp; @InvoiceByAlto thanks for follow learn app ratings ideas : https://t.co/hauzcrNpU9",http://www.appfillip.com/latest-niche-ideas-to-increase-positive-app-store-rating-reviews/,appfillip.com,,18/01/2017 04:47,https://twitter.com/#!/appfillip/status/821579673524015104,,,8.2158E+17,
appfillip,zombieofficetw,Mentions,18/01/2017 04:47,"Hello @ZombieOfficeTw, @ATE_AppTesting, @thexoxoday, &amp; @InvoiceByAlto thanks for follow learn app ratings ideas : https://t.co/hauzcrNpU9",http://www.appfillip.com/latest-niche-ideas-to-increase-positive-app-store-rating-reviews/,appfillip.com,,18/01/2017 04:47,https://twitter.com/#!/appfillip/status/821579673524015104,,,8.2158E+17,
appfillip,thexoxoday,Mentions,18/01/2017 04:47,"Hello @ZombieOfficeTw, @ATE_AppTesting, @thexoxoday, &amp; @InvoiceByAlto thanks for follow learn app ratings ideas : https://t.co/hauzcrNpU9",http://www.appfillip.com/latest-niche-ideas-to-increase-positive-app-store-rating-reviews/,appfillip.com,,18/01/2017 04:47,https://twitter.com/#!/appfillip/status/821579673524015104,,,8.2158E+17,
ajaysen550,dead_hot_dodo,Mentions,18/01/2017 11:47,RT @HRInnovation2: Hi @Dead_hot_Dodo Check this offer to win Microlight Flight from @thexoxoday while you Ride @Uber_India . See how https:…,,,,18/01/2017 11:47,https://twitter.com/#!/ajaysen550/status/821685400330567682,,,8.21685E+17,
ajaysen550,hrinnovation2,Mentions,18/01/2017 11:47,RT @HRInnovation2: Hi @Dead_hot_Dodo Check this offer to win Microlight Flight from @thexoxoday while you Ride @Uber_India . See how https:…,,,,18/01/2017 11:47,https://twitter.com/#!/ajaysen550/status/821685400330567682,,,8.21685E+17,
ajaysen550,thexoxoday,Mentions,18/01/2017 11:47,RT @thexoxoday: A super fun calendar shoot is here for you and your partner to cherish your love all year long. #Book this now  - https://t…,,,book,18/01/2017 11:47,https://twitter.com/#!/ajaysen550/status/821685322031345664,,,8.21685E+17,
ajaysen550,thexoxoday,Mentions,18/01/2017 11:47,"RT @thexoxoday: #Delhi, Here's a #list of things you never thought you could do in the Capital City! #Read here  - https://t.co/IS3uXEHKz0…",https://blog.xoxoday.com/top-10-things-to-do-in-delhi/1615?utm_source=twitter&utm_campaign=blog-post&utm_medium=social,xoxoday.com,delhi list read,18/01/2017 11:47,https://twitter.com/#!/ajaysen550/status/821685367698882561,,,8.21685E+17,
ajaysen550,uber_india,Mentions,18/01/2017 11:47,RT @HRInnovation2: Hi @Dead_hot_Dodo Check this offer to win Microlight Flight from @thexoxoday while you Ride @Uber_India . See how https:…,,,,18/01/2017 11:47,https://twitter.com/#!/ajaysen550/status/821685400330567682,,,8.21685E+17,
ajaysen550,thexoxoday,Mentions,18/01/2017 11:47,RT @HRInnovation2: Hi @Dead_hot_Dodo Check this offer to win Microlight Flight from @thexoxoday while you Ride @Uber_India . See how https:…,,,,18/01/2017 11:47,https://twitter.com/#!/ajaysen550/status/821685400330567682,,,8.21685E+17,
ajaysen550,thexoxoday,Mentions,18/01/2017 11:47,"RT @thexoxoday: Frogo and Giftxoxo are now Xoxoday! On this note, let's take a look at some of the best #rebranding campaigns - https://t.c…",,,rebranding,18/01/2017 11:47,https://twitter.com/#!/ajaysen550/status/821685453489192960,,,8.21685E+17,
sanchayanpaul,vodafonein,Mentions,19/01/2017 10:33,RT @thexoxoday: Here are the predictions for the future 4m @SanchayanPaul on customization of rewards @VodafoneIN #TotalRewards2017 https:/…,,,totalrewards2017,19/01/2017 10:33,https://twitter.com/#!/sanchayanpaul/status/822029205496066048,,,8.22029E+17,
sanchayanpaul,thexoxoday,Mentions,19/01/2017 10:33,RT @thexoxoday: We really loved @SanchayanPaul 's masterclass on consumerization of total rewards at #TotalRewards2017 https://t.co/838j8fo…,,,totalrewards2017,19/01/2017 10:33,https://twitter.com/#!/sanchayanpaul/status/822029191701037056,,,8.22029E+17,
sanchayanpaul,thexoxoday,Mentions,19/01/2017 10:33,RT @thexoxoday: Here are the predictions for the future 4m @SanchayanPaul on customization of rewards @VodafoneIN #TotalRewards2017 https:/…,,,totalrewards2017,19/01/2017 10:33,https://twitter.com/#!/sanchayanpaul/status/822029205496066048,,,8.22029E+17,
ngulamahussian,thexoxoday,Replies to,20/01/2017 05:44,@thexoxoday,,,,20/01/2017 05:44,https://twitter.com/#!/ngulamahussian/status/822318811852390401,,,8.22319E+17,
sandeeprrao1991,thexoxoday,Mentions,20/01/2017 08:49,RT @PrReleaseWatch: Bengaluru-based offbeat experience marketing firm @thexoxoday plans to enter #US market https://t.co/i1PsIZ4EpP,,,us,20/01/2017 08:49,https://twitter.com/#!/sandeeprrao1991/status/822365440806559744,,,8.22365E+17,
sandeeprrao1991,prreleasewatch,Mentions,20/01/2017 08:49,RT @PrReleaseWatch: Bengaluru-based offbeat experience marketing firm @thexoxoday plans to enter #US market https://t.co/i1PsIZ4EpP,,,us,20/01/2017 08:49,https://twitter.com/#!/sandeeprrao1991/status/822365440806559744,,,8.22365E+17,
arunabhs,thexoxoday,Mentions,20/01/2017 20:43,Taming the lions in their den. This would be spectacular! @abhkumar25 @thexoxoday https://t.co/O2PQEIc1aA,https://twitter.com/PrReleaseWatch/status/822363997731069952,twitter.com,,20/01/2017 20:43,https://twitter.com/#!/arunabhs/status/822545131215683586,,,8.22545E+17,
arunabhs,abhkumar25,Mentions,20/01/2017 20:43,Taming the lions in their den. This would be spectacular! @abhkumar25 @thexoxoday https://t.co/O2PQEIc1aA,https://twitter.com/PrReleaseWatch/status/822363997731069952,twitter.com,,20/01/2017 20:43,https://twitter.com/#!/arunabhs/status/822545131215683586,,,8.22545E+17,
swapnil_sharma,thexoxoday,Mentions,17/01/2017 12:30,RT @Uber_India: Ever dreamt of flying a plane? We've partnered with @thexoxoday to make your dream a reality. Learn more at: https://t.co/C…,,,,17/01/2017 12:30,https://twitter.com/#!/swapnil_sharma/status/821333982683992064,,,8.21334E+17,
swapnil_sharma,uber_india,Mentions,17/01/2017 12:30,RT @Uber_India: Ever dreamt of flying a plane? We've partnered with @thexoxoday to make your dream a reality. Learn more at: https://t.co/C…,,,,17/01/2017 12:30,https://twitter.com/#!/swapnil_sharma/status/821333982683992064,,,8.21334E+17,
swapnil_sharma,thexoxoday,Mentions,19/01/2017 20:28,RT @thexoxoday: #Live Our Founders are sharing @thexoxoday story . Stay tuned !,,,live,19/01/2017 20:28,https://twitter.com/#!/swapnil_sharma/status/822178955927126018,,,8.22179E+17,
swapnil_sharma,thexoxoday,Mentions,19/01/2017 20:42,RT @thexoxoday: Watch Xoxoday story #Live with our founders here https://t.co/CoikMjCg3n https://t.co/LKRDcWFOdK,https://www.facebook.com/story.php?story_fbid=836263746513063&id=126653014140810,facebook.com,live,19/01/2017 20:42,https://twitter.com/#!/swapnil_sharma/status/822182538714222593,,,8.22183E+17,
swapnil_sharma,thexoxoday,Mentions,21/01/2017 13:14,RT @PrReleaseWatch: Bengaluru-based offbeat experience marketing firm @thexoxoday plans to enter #US market https://t.co/i1PsIZ4EpP,,,us,21/01/2017 13:14,https://twitter.com/#!/swapnil_sharma/status/822794470869504000,,,8.22794E+17,
swapnil_sharma,prreleasewatch,Mentions,21/01/2017 13:14,RT @PrReleaseWatch: Bengaluru-based offbeat experience marketing firm @thexoxoday plans to enter #US market https://t.co/i1PsIZ4EpP,,,us,21/01/2017 13:14,https://twitter.com/#!/swapnil_sharma/status/822794470869504000,,,8.22794E+17,
swapnil_sharma,wordpressdotcom,Mentions,21/01/2017 13:17,RT @thexoxoday: Bengaluru-based Xoxoday enters US https://t.co/4ce0H0mj0R via @wordpressdotcom,https://expressnewshunt.wordpress.com/2017/01/19/bengaluru-based-xoxoday-enters-us/,wordpress.com,,21/01/2017 13:17,https://twitter.com/#!/swapnil_sharma/status/822795356542930944,,,8.22795E+17,
swapnil_sharma,thexoxoday,Mentions,21/01/2017 13:17,RT @thexoxoday: Bengaluru-based Xoxoday enters US https://t.co/4ce0H0mj0R via @wordpressdotcom,https://expressnewshunt.wordpress.com/2017/01/19/bengaluru-based-xoxoday-enters-us/,wordpress.com,,21/01/2017 13:17,https://twitter.com/#!/swapnil_sharma/status/822795356542930944,,,8.22795E+17,
mahasworld,nishit_shah11,Mentions,22/01/2017 16:31,"RT @thexoxoday: Thank you @MahasWorld, @i_zac, @Nishit_Shah11, Amitabh Johri for the wondersful session !
#Totalrewards2017 https://t.co/ka…",,,totalrewards2017,22/01/2017 16:31,https://twitter.com/#!/mahasworld/status/823206451242037251,,,8.23206E+17,
i_zac,nishit_shah11,Mentions,22/01/2017 18:18,"RT @thexoxoday: Thank you @MahasWorld, @i_zac, @Nishit_Shah11, Amitabh Johri for the wondersful session !
#Totalrewards2017 https://t.co/ka…",,,totalrewards2017,22/01/2017 18:18,https://twitter.com/#!/i_zac/status/823233297115480065,,,8.23233E+17,
mahasworld,i_zac,Mentions,22/01/2017 16:31,"RT @thexoxoday: Thank you @MahasWorld, @i_zac, @Nishit_Shah11, Amitabh Johri for the wondersful session !
#Totalrewards2017 https://t.co/ka…",,,totalrewards2017,22/01/2017 16:31,https://twitter.com/#!/mahasworld/status/823206451242037251,,,8.23206E+17,
mahasworld,thexoxoday,Mentions,22/01/2017 16:31,"RT @thexoxoday: Thank you @MahasWorld, @i_zac, @Nishit_Shah11, Amitabh Johri for the wondersful session !
#Totalrewards2017 https://t.co/ka…",,,totalrewards2017,22/01/2017 16:31,https://twitter.com/#!/mahasworld/status/823206451242037251,,,8.23206E+17,
i_zac,mahasworld,Mentions,22/01/2017 18:18,"RT @thexoxoday: Thank you @MahasWorld, @i_zac, @Nishit_Shah11, Amitabh Johri for the wondersful session !
#Totalrewards2017 https://t.co/ka…",,,totalrewards2017,22/01/2017 18:18,https://twitter.com/#!/i_zac/status/823233297115480065,,,8.23233E+17,
i_zac,thexoxoday,Mentions,22/01/2017 18:18,"RT @thexoxoday: Thank you @MahasWorld, @i_zac, @Nishit_Shah11, Amitabh Johri for the wondersful session !
#Totalrewards2017 https://t.co/ka…",,,totalrewards2017,22/01/2017 18:18,https://twitter.com/#!/i_zac/status/823233297115480065,,,8.23233E+17,
dhuru787,thexoxoday,Mentions,22/01/2017 23:22,"@Uber_India @thexoxoday very nice. I am sure if its uber it would be free, isn't it?",,,,22/01/2017 23:22,https://twitter.com/#!/dhuru787/status/823309840420315139,,,8.2331E+17,8.20926E+17
dhuru787,uber_india,Replies to,22/01/2017 23:22,"@Uber_India @thexoxoday very nice. I am sure if its uber it would be free, isn't it?",,,,22/01/2017 23:22,https://twitter.com/#!/dhuru787/status/823309840420315139,,,8.2331E+17,8.20926E+17
max4974,khalil_a_hassan,Mentions,22/01/2017 23:48,The latest Morning Sun - MGL! https://t.co/C3MmlOi7ga Thanks to @dhirajdj19 @Khalil_a_hassan @thexoxoday #mumbai #hashmumbai,http://linkis.com/paper.li/max4974/jkhQX,linkis.com,mumbai hashmumbai,22/01/2017 23:48,https://twitter.com/#!/max4974/status/823316385988153344,,,8.23316E+17,
max4974,dhirajdj19,Mentions,22/01/2017 23:48,The latest Morning Sun - MGL! https://t.co/C3MmlOi7ga Thanks to @dhirajdj19 @Khalil_a_hassan @thexoxoday #mumbai #hashmumbai,http://linkis.com/paper.li/max4974/jkhQX,linkis.com,mumbai hashmumbai,22/01/2017 23:48,https://twitter.com/#!/max4974/status/823316385988153344,,,8.23316E+17,
max4974,thexoxoday,Mentions,22/01/2017 23:48,The latest Morning Sun - MGL! https://t.co/C3MmlOi7ga Thanks to @dhirajdj19 @Khalil_a_hassan @thexoxoday #mumbai #hashmumbai,http://linkis.com/paper.li/max4974/jkhQX,linkis.com,mumbai hashmumbai,22/01/2017 23:48,https://twitter.com/#!/max4974/status/823316385988153344,,,8.23316E+17,
abhkumar25,thexoxoday,Mentions,23/01/2017 03:23,RT @thexoxoday: Our #mondaymotivation is to be more adventurous! If #adventure is your calling then click here - https://t.co/VQ0GgPpQAc #X…,https://www.xoxoday.com/?utm_source=Twitter&utm_campaign=daily-Post&utm_medium=Social,xoxoday.com,mondaymotivation adventure,23/01/2017 03:23,https://twitter.com/#!/abhkumar25/status/823370527003803648,,,8.23371E+17,
dewcool2,thexoxoday,Mentions,23/01/2017 04:16,RT @thexoxoday: Our #mondaymotivation is to be more adventurous! If #adventure is your calling then click here - https://t.co/VQ0GgPpQAc #X…,https://www.xoxoday.com/?utm_source=Twitter&utm_campaign=daily-Post&utm_medium=Social,xoxoday.com,mondaymotivation adventure,23/01/2017 04:16,https://twitter.com/#!/dewcool2/status/823383888055697412,,,8.23384E+17,
ongoingcontest,thexoxoday,Mentions,23/01/2017 05:46,"RT @thexoxoday: #Delhi, listen up! If you're looking for something new to do, here's our list of exciting experiences to try out - https://…",,,delhi,23/01/2017 05:46,https://twitter.com/#!/ongoingcontest/status/823406590438969346,,,8.23407E+17,
reachskk,reddit,Mentions,18/01/2017 04:04,"RT @thexoxoday: Frogo is now Xoxoday! Yes, We've Rebranded https://t.co/RP8Z84aOta via @reddit",https://www.reddit.com/r/business/comments/5ohod7/frogo_is_now_xoxoday_yes_weve_rebranded/?ref=share&ref_source=twitter,reddit.com,,18/01/2017 04:04,https://twitter.com/#!/reachskk/status/821568993269981184,,,8.21569E+17,
reachskk,wordpressdotcom,Mentions,21/01/2017 03:36,RT @thexoxoday: Bengaluru-based Xoxoday enters US https://t.co/4ce0H0mj0R via @wordpressdotcom,https://expressnewshunt.wordpress.com/2017/01/19/bengaluru-based-xoxoday-enters-us/,wordpress.com,,21/01/2017 03:36,https://twitter.com/#!/reachskk/status/822649002348998656,,,8.22649E+17,
shareeflaunda,thexoxoday,Mentions,23/01/2017 08:47,"RT @BookYourGame: One pass to access it all.Get complete flexibility with the #BYGPass #GetFit
@nearbuy @Olacabs @snapdeal @thexoxoday
http…",,,bygpass getfit,23/01/2017 08:47,https://twitter.com/#!/shareeflaunda/status/823452205030117376,,,8.23452E+17,
shareeflaunda,snapdeal,Mentions,23/01/2017 08:47,"RT @BookYourGame: One pass to access it all.Get complete flexibility with the #BYGPass #GetFit
@nearbuy @Olacabs @snapdeal @thexoxoday
http…",,,bygpass getfit,23/01/2017 08:47,https://twitter.com/#!/shareeflaunda/status/823452205030117376,,,8.23452E+17,
shareeflaunda,olacabs,Mentions,23/01/2017 08:47,"RT @BookYourGame: One pass to access it all.Get complete flexibility with the #BYGPass #GetFit
@nearbuy @Olacabs @snapdeal @thexoxoday
http…",,,bygpass getfit,23/01/2017 08:47,https://twitter.com/#!/shareeflaunda/status/823452205030117376,,,8.23452E+17,
shareeflaunda,nearbuy,Mentions,23/01/2017 08:47,"RT @BookYourGame: One pass to access it all.Get complete flexibility with the #BYGPass #GetFit
@nearbuy @Olacabs @snapdeal @thexoxoday
http…",,,bygpass getfit,23/01/2017 08:47,https://twitter.com/#!/shareeflaunda/status/823452205030117376,,,8.23452E+17,
shareeflaunda,bookyourgame,Mentions,23/01/2017 08:47,"RT @BookYourGame: One pass to access it all.Get complete flexibility with the #BYGPass #GetFit
@nearbuy @Olacabs @snapdeal @thexoxoday
http…",,,bygpass getfit,23/01/2017 08:47,https://twitter.com/#!/shareeflaunda/status/823452205030117376,,,8.23452E+17,
reyen7,thexoxoday,Replies to,23/01/2017 11:48,"@thexoxoday bought flipcart gift card on 21st jan, still its pending. Plz help",,,,23/01/2017 11:48,https://twitter.com/#!/reyen7/status/823497716730736640,,,8.23498E+17,
thexoxoday,pepsico,Mentions,19/01/2017 05:42,RT @thexoxoday: Looking forward to @joshviews's session on How @PepsiCo leveraged analytics for Comp &amp; Benefits #TotalRewards2017 https://t…,,,totalrewards2017,19/01/2017 05:42,https://twitter.com/#!/thexoxoday/status/821955915515457541,,,8.21956E+17,
thexoxoday,joshviews,Mentions,19/01/2017 05:42,RT @thexoxoday: Looking forward to @joshviews's session on How @PepsiCo leveraged analytics for Comp &amp; Benefits #TotalRewards2017 https://t…,,,totalrewards2017,19/01/2017 05:42,https://twitter.com/#!/thexoxoday/status/821955915515457541,,,8.21956E+17,
vigneshthupli1,uber,Mentions,18/01/2017 16:45,@Uber_India @thexoxoday @Uber #Thats awesome,,,thats,18/01/2017 16:45,https://twitter.com/#!/vigneshthupli1/status/821760528167137280,,,8.21761E+17,8.20926E+17
thexoxoday,uber,Mentions,19/01/2017 08:17,RT @vigneshthupli1: @Uber_India @thexoxoday @Uber #Thats awesome,,,thats,19/01/2017 08:17,https://twitter.com/#!/thexoxoday/status/821994871653355520,,,8.21995E+17,
vigneshthupli1,uber_india,Replies to,18/01/2017 16:45,@Uber_India @thexoxoday @Uber #Thats awesome,,,thats,18/01/2017 16:45,https://twitter.com/#!/vigneshthupli1/status/821760528167137280,,,8.21761E+17,8.20926E+17
thexoxoday,uber_india,Mentions,19/01/2017 08:17,RT @vigneshthupli1: @Uber_India @thexoxoday @Uber #Thats awesome,,,thats,19/01/2017 08:17,https://twitter.com/#!/thexoxoday/status/821994871653355520,,,8.21995E+17,
vigneshthupli1,thexoxoday,Mentions,18/01/2017 16:45,@Uber_India @thexoxoday @Uber #Thats awesome,,,thats,18/01/2017 16:45,https://twitter.com/#!/vigneshthupli1/status/821760528167137280,,,8.21761E+17,8.20926E+17
thexoxoday,vigneshthupli1,Mentions,19/01/2017 08:17,RT @vigneshthupli1: @Uber_India @thexoxoday @Uber #Thats awesome,,,thats,19/01/2017 08:17,https://twitter.com/#!/thexoxoday/status/821994871653355520,,,8.21995E+17,
susmita_nanda,thexoxoday,Mentions,19/01/2017 10:25,Bengaluru based @thexoxoday  (Mahindra group backed)enters US after the mergers of the experiential gifting solutio… https://t.co/Q1HCZ5TC37,https://twitter.com/i/web/status/822027287117733888,twitter.com,,19/01/2017 10:25,https://twitter.com/#!/susmita_nanda/status/822027287117733888,,,8.22027E+17,
susmita_nanda,thexoxoday,Mentions,19/01/2017 10:29,RT @thexoxoday: @Susmita_Nanda Xoxoday story can also be watched #Live with our founders here https://t.co/CoikMjCg3n,https://www.facebook.com/story.php?story_fbid=836263746513063&id=126653014140810,facebook.com,live,19/01/2017 10:29,https://twitter.com/#!/susmita_nanda/status/822028224049790976,,,8.22028E+17,
thexoxoday,susmita_nanda,Mentions,19/01/2017 10:28,RT @Susmita_Nanda: Bengaluru based @thexoxoday  (Mahindra group backed)enters US after the mergers of the experiential gifting solutions fi…,,,,19/01/2017 10:28,https://twitter.com/#!/thexoxoday/status/822028061709307904,,,8.22028E+17,
prreleasewatch,thexoxoday,Mentions,20/01/2017 08:43,Bengaluru-based offbeat experience marketing firm @thexoxoday plans to enter #US market https://t.co/i1PsIZ4EpP,,,us,20/01/2017 08:43,https://twitter.com/#!/prreleasewatch/status/822363997731069952,,,8.22364E+17,
prreleasewatch,thexoxoday,Mentions,20/01/2017 09:06,Bengaluru-based offbeat experience marketing firm @thexoxoday plans to enter #US market https://t.co/wi6gj2IwAI,http://pressreleasewatch.blogspot.com/2017/01/bengaluru-based-offbeat-experience.html?utm_source=dlvr.it&utm_medium=twitter,blogspot.com,us,20/01/2017 09:06,https://twitter.com/#!/prreleasewatch/status/822369745882095616,,,8.2237E+17,
prreleasewatch,thexoxoday,Mentions,20/01/2017 09:07,Bengaluru-based offbeat experience marketing firm @thexoxoday plans to enter #US market https://t.co/lIFwFWIZNA,http://pressreleasewatch.blogspot.com/2017/01/bengaluru-based-offbeat-experience.html?utm_source=dlvr.it&utm_medium=twitter,blogspot.com,us,20/01/2017 09:07,https://twitter.com/#!/prreleasewatch/status/822369840287490048,,,8.2237E+17,
prreleasewatch,thexoxoday,Mentions,20/01/2017 09:12,Bengaluru-based offbeat experience marketing firm @thexoxoday plans to enter #US market https://t.co/sboPhbdLb6,http://pressreleasewatch.blogspot.com/2017/01/bengaluru-based-offbeat-experience.html?utm_source=dlvr.it&utm_medium=twitter,blogspot.com,us,20/01/2017 09:12,https://twitter.com/#!/prreleasewatch/status/822371122876297216,,,8.22371E+17,
reachskk,prreleasewatch,Mentions,21/01/2017 03:34,RT @PrReleaseWatch: Bengaluru-based offbeat experience marketing firm @thexoxoday plans to enter #US market https://t.co/i1PsIZ4EpP,,,us,21/01/2017 03:34,https://twitter.com/#!/reachskk/status/822648473703116801,,,8.22648E+17,
thexoxoday,prreleasewatch,Mentions,20/01/2017 10:21,RT @PrReleaseWatch: Bengaluru-based offbeat experience marketing firm @thexoxoday plans to enter #US market https://t.co/sboPhbdLb6,http://pressreleasewatch.blogspot.com/2017/01/bengaluru-based-offbeat-experience.html?utm_source=dlvr.it&utm_medium=twitter,blogspot.com,us,20/01/2017 10:21,https://twitter.com/#!/thexoxoday/status/822388471285223425,,,8.22388E+17,
thexoxoday,prreleasewatch,Mentions,20/01/2017 10:21,RT @PrReleaseWatch: Bengaluru-based offbeat experience marketing firm @thexoxoday plans to enter #US market https://t.co/i1PsIZ4EpP,,,us,20/01/2017 10:21,https://twitter.com/#!/thexoxoday/status/822388495108800512,,,8.22388E+17,
bookyourgame,snapdeal,Mentions,23/01/2017 08:25,"One pass to access it all.Get complete flexibility with the #BYGPass #GetFit
@nearbuy @Olacabs @snapdeal @thexoxoday
https://t.co/L0oOEXjcru",http://bwdisrupt.businessworld.in/article/Breakthrough-For-BYG-Partners-With-Nearbuy-Ola-Snapdeal-and-Giftxoxo-For-BYG-Pass/13-01-2017-111403/,businessworld.in,bygpass getfit,23/01/2017 08:25,https://twitter.com/#!/bookyourgame/status/823446481361338369,,,8.23446E+17,
thexoxoday,snapdeal,Mentions,23/01/2017 15:58,"RT @BookYourGame: One pass to access it all.Get complete flexibility with the #BYGPass #GetFit
@nearbuy @Olacabs @snapdeal @thexoxoday
http…",,,bygpass getfit,23/01/2017 15:58,https://twitter.com/#!/thexoxoday/status/823560549325795333,,,8.23561E+17,
bookyourgame,olacabs,Mentions,23/01/2017 08:25,"One pass to access it all.Get complete flexibility with the #BYGPass #GetFit
@nearbuy @Olacabs @snapdeal @thexoxoday
https://t.co/L0oOEXjcru",http://bwdisrupt.businessworld.in/article/Breakthrough-For-BYG-Partners-With-Nearbuy-Ola-Snapdeal-and-Giftxoxo-For-BYG-Pass/13-01-2017-111403/,businessworld.in,bygpass getfit,23/01/2017 08:25,https://twitter.com/#!/bookyourgame/status/823446481361338369,,,8.23446E+17,
thexoxoday,olacabs,Mentions,23/01/2017 15:58,"RT @BookYourGame: One pass to access it all.Get complete flexibility with the #BYGPass #GetFit
@nearbuy @Olacabs @snapdeal @thexoxoday
http…",,,bygpass getfit,23/01/2017 15:58,https://twitter.com/#!/thexoxoday/status/823560549325795333,,,8.23561E+17,
bookyourgame,nearbuy,Mentions,23/01/2017 08:25,"One pass to access it all.Get complete flexibility with the #BYGPass #GetFit
@nearbuy @Olacabs @snapdeal @thexoxoday
https://t.co/L0oOEXjcru",http://bwdisrupt.businessworld.in/article/Breakthrough-For-BYG-Partners-With-Nearbuy-Ola-Snapdeal-and-Giftxoxo-For-BYG-Pass/13-01-2017-111403/,businessworld.in,bygpass getfit,23/01/2017 08:25,https://twitter.com/#!/bookyourgame/status/823446481361338369,,,8.23446E+17,
thexoxoday,nearbuy,Mentions,23/01/2017 15:58,"RT @BookYourGame: One pass to access it all.Get complete flexibility with the #BYGPass #GetFit
@nearbuy @Olacabs @snapdeal @thexoxoday
http…",,,bygpass getfit,23/01/2017 15:58,https://twitter.com/#!/thexoxoday/status/823560549325795333,,,8.23561E+17,
bookyourgame,thexoxoday,Mentions,23/01/2017 08:25,"One pass to access it all.Get complete flexibility with the #BYGPass #GetFit
@nearbuy @Olacabs @snapdeal @thexoxoday
https://t.co/L0oOEXjcru",http://bwdisrupt.businessworld.in/article/Breakthrough-For-BYG-Partners-With-Nearbuy-Ola-Snapdeal-and-Giftxoxo-For-BYG-Pass/13-01-2017-111403/,businessworld.in,bygpass getfit,23/01/2017 08:25,https://twitter.com/#!/bookyourgame/status/823446481361338369,,,8.23446E+17,
thexoxoday,bookyourgame,Mentions,23/01/2017 15:58,"RT @BookYourGame: One pass to access it all.Get complete flexibility with the #BYGPass #GetFit
@nearbuy @Olacabs @snapdeal @thexoxoday
http…",,,bygpass getfit,23/01/2017 15:58,https://twitter.com/#!/thexoxoday/status/823560549325795333,,,8.23561E+17,
deepakberiwala,thexoxoday,Replies to,23/01/2017 14:22,@thexoxoday can't understand what to do..can you please my matter...why your code not working not last day.please Shree new,,,,23/01/2017 14:22,https://twitter.com/#!/deepakberiwala/status/823536380315893764,,,8.23536E+17,
deepakberiwala,thexoxoday,Replies to,23/01/2017 14:22,@thexoxoday it's really frustrating things...always app issues,,,,23/01/2017 14:22,https://twitter.com/#!/deepakberiwala/status/823536417146105861,,,8.23536E+17,
deepakberiwala,thexoxoday,Replies to,24/01/2017 03:07,@thexoxoday please resolve it immediately,,,,24/01/2017 03:07,https://twitter.com/#!/deepakberiwala/status/823729005375488000,,,8.23729E+17,8.23562E+17
salesgasm,abhimanyusays,Mentions,24/01/2017 06:37,@thexoxoday @vivekagw @kushalagrl @reachskk @kailasim @kamna_agrawal @MalavikaMallya @AbhimanyuSays thise gifts and chocos are awesome,,,,24/01/2017 06:37,https://twitter.com/#!/salesgasm/status/823781763650494464,,,8.23782E+17,8.23782E+17
salesgasm,malavikamallya,Mentions,24/01/2017 06:37,@thexoxoday @vivekagw @kushalagrl @reachskk @kailasim @kamna_agrawal @MalavikaMallya @AbhimanyuSays thise gifts and chocos are awesome,,,,24/01/2017 06:37,https://twitter.com/#!/salesgasm/status/823781763650494464,,,8.23782E+17,8.23782E+17
salesgasm,kamna_agrawal,Mentions,24/01/2017 06:37,@thexoxoday @vivekagw @kushalagrl @reachskk @kailasim @kamna_agrawal @MalavikaMallya @AbhimanyuSays thise gifts and chocos are awesome,,,,24/01/2017 06:37,https://twitter.com/#!/salesgasm/status/823781763650494464,,,8.23782E+17,8.23782E+17
salesgasm,kailasim,Mentions,24/01/2017 06:37,@thexoxoday @vivekagw @kushalagrl @reachskk @kailasim @kamna_agrawal @MalavikaMallya @AbhimanyuSays thise gifts and chocos are awesome,,,,24/01/2017 06:37,https://twitter.com/#!/salesgasm/status/823781763650494464,,,8.23782E+17,8.23782E+17
reachskk,thexoxoday,Mentions,18/01/2017 04:04,"RT @thexoxoday: Frogo is now Xoxoday! Yes, We've Rebranded https://t.co/RP8Z84aOta via @reddit",https://www.reddit.com/r/business/comments/5ohod7/frogo_is_now_xoxoday_yes_weve_rebranded/?ref=share&ref_source=twitter,reddit.com,,18/01/2017 04:04,https://twitter.com/#!/reachskk/status/821568993269981184,,,8.21569E+17,
reachskk,thexoxoday,Mentions,18/01/2017 04:05,"RT @thexoxoday: #Delhi, Here's a #list of things you never thought you could do in the Capital City! #Read here  - https://t.co/IS3uXEHKz0…",https://blog.xoxoday.com/top-10-things-to-do-in-delhi/1615?utm_source=twitter&utm_campaign=blog-post&utm_medium=social,xoxoday.com,delhi list read,18/01/2017 04:05,https://twitter.com/#!/reachskk/status/821569164896714754,,,8.21569E+17,
reachskk,thexoxoday,Mentions,20/01/2017 05:17,RT @thexoxoday: #Live Our Founders are sharing @thexoxoday story . Stay tuned !,,,live,20/01/2017 05:17,https://twitter.com/#!/reachskk/status/822312174957694977,,,8.22312E+17,
reachskk,thexoxoday,Mentions,20/01/2017 05:19,RT @thexoxoday: Team #Xoxoday at #TotalRewards2017 ! We’re super excited to meet you at Booth No. 21 . Let us welcome you with Chocolates &amp;…,,,xoxoday totalrewards2017,20/01/2017 05:19,https://twitter.com/#!/reachskk/status/822312502662828032,,,8.22313E+17,
reachskk,thexoxoday,Mentions,21/01/2017 03:34,RT @PrReleaseWatch: Bengaluru-based offbeat experience marketing firm @thexoxoday plans to enter #US market https://t.co/i1PsIZ4EpP,,,us,21/01/2017 03:34,https://twitter.com/#!/reachskk/status/822648473703116801,,,8.22648E+17,
reachskk,thexoxoday,Mentions,21/01/2017 03:36,RT @thexoxoday: Bengaluru-based Xoxoday enters US https://t.co/4ce0H0mj0R via @wordpressdotcom,https://expressnewshunt.wordpress.com/2017/01/19/bengaluru-based-xoxoday-enters-us/,wordpress.com,,21/01/2017 03:36,https://twitter.com/#!/reachskk/status/822649002348998656,,,8.22649E+17,
reachskk,thexoxoday,Mentions,21/01/2017 03:36,RT @thexoxoday: Bengaluru-based Xoxoday enters US | City Air News https://t.co/nmbOQjVaCN,http://www.cityairnews.com/content/bengaluru-based-xoxoday-enters-us#.WIHinw6tnzM.twitter,cityairnews.com,,21/01/2017 03:36,https://twitter.com/#!/reachskk/status/822649152345698307,,,8.22649E+17,
reachskk,thexoxoday,Mentions,22/01/2017 00:06,@reachskk  @thexoxoday,,,,22/01/2017 00:06,https://twitter.com/#!/reachskk/status/822958465307918336,,,8.22958E+17,8.22958E+17
reachskk,thexoxoday,Mentions,23/01/2017 01:35,"RT @thexoxoday: The Untold Story of Xoxoday
https://t.co/npllxLTcVG",https://www.linkedin.com/pulse/story-xoxoday-manoj-agarwal,linkedin.com,,23/01/2017 01:35,https://twitter.com/#!/reachskk/status/823343424204111872,,,8.23343E+17,
reachskk,thexoxoday,Mentions,23/01/2017 06:00,"RT @thexoxoday: Did you know that #Frogo is now #Xoxoday! Yes, we have rebranded, read all about it, here - https://t.co/06DH0ecAWf https:/…",https://goo.gl/GIEq2g?utm_content=bufferdf933&utm_medium=social&utm_source=twitter.com&utm_campaign=buffer,goo.gl,frogo xoxoday,23/01/2017 06:00,https://twitter.com/#!/reachskk/status/823410093119025152,,,8.2341E+17,
salesgasm,reachskk,Mentions,24/01/2017 06:37,@thexoxoday @vivekagw @kushalagrl @reachskk @kailasim @kamna_agrawal @MalavikaMallya @AbhimanyuSays thise gifts and chocos are awesome,,,,24/01/2017 06:37,https://twitter.com/#!/salesgasm/status/823781763650494464,,,8.23782E+17,8.23782E+17
salesgasm,kushalagrl,Mentions,24/01/2017 06:37,@thexoxoday @vivekagw @kushalagrl @reachskk @kailasim @kamna_agrawal @MalavikaMallya @AbhimanyuSays thise gifts and chocos are awesome,,,,24/01/2017 06:37,https://twitter.com/#!/salesgasm/status/823781763650494464,,,8.23782E+17,8.23782E+17
salesgasm,vivekagw,Mentions,24/01/2017 06:37,@thexoxoday @vivekagw @kushalagrl @reachskk @kailasim @kamna_agrawal @MalavikaMallya @AbhimanyuSays thise gifts and chocos are awesome,,,,24/01/2017 06:37,https://twitter.com/#!/salesgasm/status/823781763650494464,,,8.23782E+17,8.23782E+17
salesgasm,thexoxoday,Mentions,24/01/2017 06:37,RT @thexoxoday: Team Xoxoday at #IntrigueDelhi  ! We’re super excited to meet you at #Xoxoday Booth .Let us welcome you with Chocolates &amp; C…,,,intriguedelhi xoxoday,24/01/2017 06:37,https://twitter.com/#!/salesgasm/status/823781656855080960,,,8.23782E+17,
salesgasm,thexoxoday,Replies to,24/01/2017 06:37,@thexoxoday @vivekagw @kushalagrl @reachskk @kailasim @kamna_agrawal @MalavikaMallya @AbhimanyuSays thise gifts and chocos are awesome,,,,24/01/2017 06:37,https://twitter.com/#!/salesgasm/status/823781763650494464,,,8.23782E+17,8.23782E+17
thexoxoday,thexoxoday,Tweet,19/01/2017 10:14,#Live Our Founders are sharing @thexoxoday story . Stay tuned !,,,live,19/01/2017 10:14,https://twitter.com/#!/thexoxoday/status/822024394834841600,,,8.22024E+17,
thexoxoday,thexoxoday,Tweet,19/01/2017 10:17,"Experience @thexoxoday story #Live with our founders here
https://t.co/CoikMjCg3n https://t.co/qV52zsEJqM",https://www.facebook.com/story.php?story_fbid=836263746513063&id=126653014140810 https://twitter.com/thexoxoday/status/822024394834841600,facebook.com twitter.com,live,19/01/2017 10:17,https://twitter.com/#!/thexoxoday/status/822025084013572096,,,8.22025E+17,
vikashkakran,thexoxoday,Mentions,24/01/2017 07:47,RT @thexoxoday: Team Xoxoday at #IntrigueDelhi  ! We’re super excited to meet you at #Xoxoday Booth .Let us welcome you with Chocolates &amp; C…,,,intriguedelhi xoxoday,24/01/2017 07:47,https://twitter.com/#!/vikashkakran/status/823799466989879296,,,8.23799E+17,